2.526391446590423584e-01,7.473608255386352539e-01
1.156378835439682007e-01,8.843621015548706055e-01
1.170468851923942566e-01,8.829530477523803711e-01
9.800139814615249634e-02,9.019986391067504883e-01
1.138618886470794678e-01,8.861381411552429199e-01
1.556011736392974854e-01,8.443988561630249023e-01
1.813679635524749756e-01,8.186320662498474121e-01
1.495894938707351685e-01,8.504105210304260254e-01
1.724386364221572876e-01,8.275613784790039062e-01
2.065055519342422485e-01,7.934944629669189453e-01
2.077021002769470215e-01,7.922978997230529785e-01
1.807218492031097412e-01,8.192781805992126465e-01
2.328726798295974731e-01,7.671273350715637207e-01
2.602628171443939209e-01,7.397372126579284668e-01
2.462946325540542603e-01,7.537053227424621582e-01
2.337109297513961792e-01,7.662890553474426270e-01
2.625436484813690186e-01,7.374563813209533691e-01
3.046182394027709961e-01,6.953817009925842285e-01
3.324846327304840088e-01,6.675153374671936035e-01
3.637619912624359131e-01,6.362379789352416992e-01
3.868352770805358887e-01,6.131646633148193359e-01
3.974943161010742188e-01,6.025056838989257812e-01
4.137850403785705566e-01,5.862149596214294434e-01
5.495041608810424805e-01,4.504957497119903564e-01
5.741337537765502930e-01,4.258661866188049316e-01
5.679972767829895020e-01,4.320027232170104980e-01
6.368170380592346191e-01,3.631829321384429932e-01
7.317435741424560547e-01,2.682564556598663330e-01
7.392908930778503418e-01,2.607091367244720459e-01
7.011800408363342285e-01,2.988199591636657715e-01
6.997576951980590820e-01,3.002423048019409180e-01
7.901452779769897461e-01,2.098547518253326416e-01
8.304911255836486816e-01,1.695088446140289307e-01
8.322278857231140137e-01,1.677720397710800171e-01
8.278943896293640137e-01,1.721056997776031494e-01
8.347883224487304688e-01,1.652116179466247559e-01
8.956196904182434082e-01,1.043802946805953979e-01
9.458265900611877441e-01,5.417341366410255432e-02
9.596939682960510254e-01,4.030604287981987000e-02
9.544451236724853516e-01,4.555487632751464844e-02
9.580926895141601562e-01,4.190738499164581299e-02
9.484802484512329102e-01,5.151975154876708984e-02
9.073827266693115234e-01,9.261727333068847656e-02
8.265970349311828613e-01,1.734029054641723633e-01
7.946284413337707520e-01,2.053715884685516357e-01
7.665024995803833008e-01,2.334975004196166992e-01
8.201414942741394043e-01,1.798585653305053711e-01
8.612303733825683594e-01,1.387696415185928345e-01
8.396740555763244629e-01,1.603258997201919556e-01
8.695677518844604492e-01,1.304322928190231323e-01
8.661863803863525391e-01,1.338136345148086548e-01
9.004528522491455078e-01,9.954717010259628296e-02
8.945043683052062988e-01,1.054957136511802673e-01
8.780996799468994141e-01,1.219002306461334229e-01
7.959628105163574219e-01,2.040371894836425781e-01
7.345137596130371094e-01,2.654862999916076660e-01
6.802268028259277344e-01,3.197730779647827148e-01
6.706815958023071289e-01,3.293184041976928711e-01
6.354222893714904785e-01,3.645776808261871338e-01
5.289036035537719727e-01,4.710964262485504150e-01
4.329864680767059326e-01,5.670135617256164551e-01
3.341298699378967285e-01,6.658701300621032715e-01
2.539657950401306152e-01,7.460342049598693848e-01
1.457251161336898804e-01,8.542748689651489258e-01
9.411479532718658447e-02,9.058852195739746094e-01
4.978615418076515198e-02,9.502138495445251465e-01
2.884143777191638947e-02,9.711585044860839844e-01
2.630286850035190582e-02,9.736970663070678711e-01
2.970213815569877625e-02,9.702977538108825684e-01
2.851766906678676605e-02,9.714822769165039062e-01
3.170908987522125244e-02,9.682908654212951660e-01
4.224682599306106567e-02,9.577531814575195312e-01
5.972197651863098145e-02,9.402780532836914062e-01
8.531472831964492798e-02,9.146853089332580566e-01
1.192646548151969910e-01,8.807353377342224121e-01
2.420809268951416016e-01,7.579190731048583984e-01
3.362103700637817383e-01,6.637896895408630371e-01
3.259768187999725342e-01,6.740232110023498535e-01
3.272336125373840332e-01,6.727664470672607422e-01
3.247009813785552979e-01,6.752990484237670898e-01
4.189768731594085693e-01,5.810230970382690430e-01
4.925392568111419678e-01,5.074607729911804199e-01
5.258917808532714844e-01,4.741081893444061279e-01
5.644341707229614258e-01,4.355657994747161865e-01
6.126412749290466309e-01,3.873587250709533691e-01
6.356489658355712891e-01,3.643509447574615479e-01
6.338518857955932617e-01,3.661481142044067383e-01
6.123054623603820801e-01,3.876945674419403076e-01
7.287002205848693848e-01,2.712997198104858398e-01
7.924948930740356445e-01,2.075050920248031616e-01
8.489215373992919922e-01,1.510784178972244263e-01
9.149560332298278809e-01,8.504395931959152222e-02
9.432191252708435059e-01,5.678081512451171875e-02
9.726654887199401855e-01,2.733446285128593445e-02
9.855163693428039551e-01,1.448362693190574646e-02
9.935151934623718262e-01,6.484691519290208817e-03
9.952890276908874512e-01,4.710859619081020355e-03
9.970723986625671387e-01,2.927643014118075371e-03
9.979050159454345703e-01,2.094992436468601227e-03
9.985443949699401855e-01,1.455535297282040119e-03
9.991143345832824707e-01,8.856242639012634754e-04
9.989336133003234863e-01,1.066436641849577427e-03
9.979184269905090332e-01,2.081581624224781990e-03
9.962110519409179688e-01,3.788980422541499138e-03
9.962255358695983887e-01,3.774379612877964973e-03
9.969320893287658691e-01,3.067916492000222206e-03
9.978464841842651367e-01,2.153524896129965782e-03
9.964591860771179199e-01,3.540855599567294121e-03
9.967796206474304199e-01,3.220394952222704887e-03
9.973320960998535156e-01,2.667883643880486488e-03
9.983471632003784180e-01,1.652851235121488571e-03
9.984869360923767090e-01,1.513045979663729668e-03
9.989460110664367676e-01,1.054022344760596752e-03
9.991512298583984375e-01,8.487956947647035122e-04
9.988481998443603516e-01,1.151771401055157185e-03
9.979663491249084473e-01,2.033621771261096001e-03
9.969311952590942383e-01,3.068775637075304985e-03
9.945183992385864258e-01,5.481525789946317673e-03
9.932547807693481445e-01,6.745231337845325470e-03
9.932862520217895508e-01,6.713643670082092285e-03
9.936269521713256836e-01,6.373041775077581406e-03
9.892688393592834473e-01,1.073117554187774658e-02
9.944378137588500977e-01,5.562147591263055801e-03
9.987388253211975098e-01,1.261201221495866776e-03
9.995416998863220215e-01,4.583035770338028669e-04
9.997892975807189941e-01,2.107059699483215809e-04
9.998692274093627930e-01,1.307603379245847464e-04
9.999012947082519531e-01,9.874592069536447525e-05
9.999441504478454590e-01,5.572965528699569404e-05
9.999635219573974609e-01,3.647646008175797760e-05
9.999668002128601074e-01,3.317057053209282458e-05
9.999666810035705566e-01,3.335061046527698636e-05
9.999553561210632324e-01,4.471017746254801750e-05
9.999421834945678711e-01,5.777281330665573478e-05
9.999173879623413086e-01,8.256937144324183464e-05
9.998872280120849609e-01,1.127975192503072321e-04
9.998757839202880859e-01,1.242208818439394236e-04
9.998377561569213867e-01,1.622735871933400631e-04
9.998189210891723633e-01,1.810679386835545301e-04
9.997766613960266113e-01,2.233657287433743477e-04
9.997078180313110352e-01,2.922415151260793209e-04
9.996057152748107910e-01,3.942627809010446072e-04
9.996222257614135742e-01,3.777654492296278477e-04
9.996564388275146484e-01,3.435307298786938190e-04
9.997079968452453613e-01,2.919576945714652538e-04
9.996804594993591309e-01,3.194443997927010059e-04
9.996889829635620117e-01,3.110150282736867666e-04
9.996958374977111816e-01,3.041744930669665337e-04
9.997311234474182129e-01,2.688163076527416706e-04
9.996695518493652344e-01,3.305002755951136351e-04
9.996750354766845703e-01,3.249394067097455263e-04
9.996268749237060547e-01,3.730986209120601416e-04
9.996258020401000977e-01,3.741790424101054668e-04
9.996101856231689453e-01,3.897718852385878563e-04
9.996187090873718262e-01,3.813569492194801569e-04
9.994579553604125977e-01,5.419886438176035881e-04
9.991815686225891113e-01,8.184209000319242477e-04
9.994189739227294922e-01,5.810539587400853634e-04
9.996057152748107910e-01,3.942921466659754515e-04
9.993899464607238770e-01,6.100899772718548775e-04
9.991509914398193359e-01,8.490118780173361301e-04
9.993156790733337402e-01,6.843058508820831776e-04
9.998481869697570801e-01,1.518250210210680962e-04
9.999650716781616211e-01,3.495320925139822066e-05
9.999898672103881836e-01,1.014863028103718534e-05
9.999939203262329102e-01,6.093212050473084673e-06
9.999930858612060547e-01,6.914892765053082258e-06
9.999939799308776855e-01,5.984592007735045627e-06
9.999950528144836426e-01,4.944274223817046732e-06
9.999904632568359375e-01,9.486313501838594675e-06
9.999848604202270508e-01,1.517774580861441791e-05
9.999694824218750000e-01,3.053733234992250800e-05
9.999457597732543945e-01,5.425846029538661242e-05
9.999462366104125977e-01,5.378412970458157361e-05
9.999235868453979492e-01,7.642670243512839079e-05
9.999018907546997070e-01,9.806945308810099959e-05
9.998494982719421387e-01,1.505065156379714608e-04
9.998424053192138672e-01,1.576016802573576570e-04
9.998593330383300781e-01,1.406887749908491969e-04
9.998711347579956055e-01,1.288002677028998733e-04
9.998315572738647461e-01,1.683822483755648136e-04
9.997628331184387207e-01,2.371650771237909794e-04
9.996238350868225098e-01,3.762469277717173100e-04
9.996446371078491211e-01,3.553881833795458078e-04
9.996367692947387695e-01,3.631646395660936832e-04
9.996496438980102539e-01,3.503761254251003265e-04
9.995213747024536133e-01,4.786811186932027340e-04
9.992632269859313965e-01,7.367790094576776028e-04
9.993158578872680664e-01,6.841485737822949886e-04
9.995670914649963379e-01,4.328620270825922489e-04
9.996224641799926758e-01,3.775691438931971788e-04
9.997088909149169922e-01,2.911655174102634192e-04
9.997752308845520020e-01,2.247353404527530074e-04
9.998115897178649902e-01,1.884694938780739903e-04
9.998047947883605957e-01,1.951879239641129971e-04
9.997881650924682617e-01,2.118268021149560809e-04
9.997041821479797363e-01,2.957647957373410463e-04
9.997242689132690430e-01,2.757280599325895309e-04
9.996160268783569336e-01,3.839810960926115513e-04
9.996228218078613281e-01,3.772034833673387766e-04
9.994452595710754395e-01,5.547251203097403049e-04
9.991703033447265625e-01,8.297614986076951027e-04
9.992353320121765137e-01,7.646584999747574329e-04
9.994422793388366699e-01,5.576650146394968033e-04
9.996306896209716797e-01,3.692833124659955502e-04
9.996351003646850586e-01,3.649434365797787905e-04
9.997676014900207520e-01,2.323816879652440548e-04
9.998800754547119141e-01,1.199344260385259986e-04
9.999268054962158203e-01,7.315827679121866822e-05
9.999532103538513184e-01,4.687665204983204603e-05
9.999811649322509766e-01,1.879069350252393633e-05
9.999912977218627930e-01,8.664785127621144056e-06
9.999943971633911133e-01,5.577333013206953183e-06
9.999957084655761719e-01,4.236913355271099135e-06
9.999964237213134766e-01,3.632944981291075237e-06
9.999966621398925781e-01,3.386738853805582039e-06
9.999955892562866211e-01,4.364879714557901025e-06
9.999926090240478516e-01,7.347350674535846338e-06
9.999842643737792969e-01,1.568431980558671057e-05
9.999729990959167480e-01,2.699586184462532401e-05
9.999607801437377930e-01,3.927189391106367111e-05
9.999470114707946777e-01,5.305178274284116924e-05
9.999169707298278809e-01,8.294457802549004555e-05
9.998589754104614258e-01,1.409728429280221462e-04
9.997292160987854004e-01,2.708290703594684601e-04
9.994394779205322266e-01,5.605547339655458927e-04
9.995252490043640137e-01,4.746865306515246630e-04
9.996556639671325684e-01,3.442701417952775955e-04
9.995455145835876465e-01,4.545139381662011147e-04
9.992372393608093262e-01,7.626742590218782425e-04
9.991018176078796387e-01,8.981255814433097839e-04
9.992378950119018555e-01,7.621191325597465038e-04
9.989705085754394531e-01,1.029470469802618027e-03
9.987135529518127441e-01,1.286400714889168739e-03
9.990123510360717773e-01,9.876084513962268829e-04
9.990969896316528320e-01,9.030128712765872478e-04
9.994328022003173828e-01,5.672061815857887268e-04
9.994084835052490234e-01,5.915397196076810360e-04
9.990112185478210449e-01,9.887776104733347893e-04
9.991086125373840332e-01,8.914096397347748280e-04
9.993374943733215332e-01,6.624971865676343441e-04
9.994890689849853516e-01,5.108960904181003571e-04
9.992127418518066406e-01,7.872572168707847595e-04
9.991034269332885742e-01,8.965599699877202511e-04
9.993160963058471680e-01,6.839489797130227089e-04
9.994904398918151855e-01,5.095716333016753197e-04
9.996329545974731445e-01,3.669903962872922421e-04
9.995287656784057617e-01,4.712129011750221252e-04
9.994153380393981934e-01,5.846520070917904377e-04
9.994530677795410156e-01,5.468422896228730679e-04
9.994502663612365723e-01,5.497160018421709538e-04
9.993398189544677734e-01,6.602564826607704163e-04
9.991047978401184082e-01,8.951216586865484715e-04
9.989996552467346191e-01,1.000326126813888550e-03
9.982507824897766113e-01,1.749238581396639347e-03
9.960668683052062988e-01,3.933112137019634247e-03
9.985106587409973145e-01,1.489302841946482658e-03
9.991317391395568848e-01,8.683345513418316841e-04
9.994245171546936035e-01,5.754360463470220566e-04
9.995992779731750488e-01,4.007322713732719421e-04
9.996868968009948730e-01,3.130104742012917995e-04
9.996084570884704590e-01,3.916198038496077061e-04
9.996988177299499512e-01,3.011639346368610859e-04
9.992201328277587891e-01,7.798118167556822300e-04
9.986563324928283691e-01,1.343675306998193264e-03
9.990842342376708984e-01,9.157605236396193504e-04
9.995755553245544434e-01,4.244233423378318548e-04
9.995832443237304688e-01,4.166574799455702305e-04
9.994767904281616211e-01,5.231842515058815479e-04
9.994606375694274902e-01,5.393422325141727924e-04
9.996801614761352539e-01,3.198193444404751062e-04
9.996545314788818359e-01,3.455162222962826490e-04
9.995616078376770020e-01,4.383397172205150127e-04
9.996453523635864258e-01,3.546433581504970789e-04
9.996324181556701660e-01,3.676734922919422388e-04
9.997688531875610352e-01,2.311176940565928817e-04
9.997256398200988770e-01,2.743983641266822815e-04
9.997257590293884277e-01,2.741747011896222830e-04
9.997388720512390137e-01,2.611412201076745987e-04
9.995228052139282227e-01,4.771694657392799854e-04
9.994384646415710449e-01,5.615628324449062347e-04
9.993220567703247070e-01,6.779488176107406616e-04
9.994953870773315430e-01,5.045856232754886150e-04
9.995449185371398926e-01,4.551055899355560541e-04
9.995301365852355957e-01,4.697989788837730885e-04
9.987642765045166016e-01,1.235716277733445168e-03
9.978032112121582031e-01,2.196878194808959961e-03
9.986741542816162109e-01,1.325860153883695602e-03
9.991984367370605469e-01,8.015635539777576923e-04
9.993199706077575684e-01,6.799940019845962524e-04
9.994001388549804688e-01,5.998554406687617302e-04
9.994786977767944336e-01,5.212250980548560619e-04
9.995072484016418457e-01,4.927382688038051128e-04
9.993707537651062012e-01,6.293254555203020573e-04
9.994611144065856934e-01,5.389337311498820782e-04
9.995506405830383301e-01,4.493347951211035252e-04
9.994621872901916504e-01,5.377977504394948483e-04
9.995798468589782715e-01,4.201422852929681540e-04
9.995584487915039062e-01,4.414900031406432390e-04
9.993283152580261230e-01,6.716421921737492085e-04
9.993124008178710938e-01,6.875639082863926888e-04
9.993818998336791992e-01,6.180198979564011097e-04
9.995643496513366699e-01,4.355827113613486290e-04
9.996740221977233887e-01,3.258993092458695173e-04
9.997319579124450684e-01,2.680802717804908752e-04
9.997586011886596680e-01,2.413823676761239767e-04
9.995804429054260254e-01,4.195018846075981855e-04
9.993664622306823730e-01,6.335863145068287849e-04
9.994670748710632324e-01,5.329374689608812332e-04
9.998060464859008789e-01,1.939164212672039866e-04
9.999134540557861328e-01,8.655160490889102221e-05
9.999274015426635742e-01,7.256237586261704564e-05
9.999387860298156738e-01,6.119940371718257666e-05
9.999618530273437500e-01,3.818538971245288849e-05
9.999648332595825195e-01,3.520246536936610937e-05
9.999485015869140625e-01,5.147400952409952879e-05
9.999219775199890137e-01,7.807654037605971098e-05
9.998317360877990723e-01,1.682504662312567234e-04
9.996802210807800293e-01,3.196982725057750940e-04
9.996341466903686523e-01,3.658575005829334259e-04
9.994896054267883301e-01,5.104402662254869938e-04
9.992702603340148926e-01,7.297748234122991562e-04
9.993280768394470215e-01,6.719424272887408733e-04
9.988356232643127441e-01,1.164383254945278168e-03
9.986540079116821289e-01,1.345940865576267242e-03
9.990080595016479492e-01,9.919217554852366447e-04
9.994018077850341797e-01,5.982301663607358932e-04
9.993824958801269531e-01,6.174563313834369183e-04
9.994174838066101074e-01,5.824196268804371357e-04
9.993439316749572754e-01,6.561034242622554302e-04
9.993795156478881836e-01,6.204792298376560211e-04
9.993851184844970703e-01,6.148872780613601208e-04
9.993963837623596191e-01,6.036622799001634121e-04
9.993394017219543457e-01,6.606382085010409355e-04
9.995660185813903809e-01,4.339739389251917601e-04
9.996099472045898438e-01,3.900537558365613222e-04
9.996505975723266602e-01,3.493910771794617176e-04
9.996372461318969727e-01,3.627207188401371241e-04
9.994407296180725098e-01,5.592523957602679729e-04
9.993895292282104492e-01,6.104230997152626514e-04
9.991807937622070312e-01,8.192373206838965416e-04
9.996352195739746094e-01,3.647849371191114187e-04
9.998526573181152344e-01,1.473461015848442912e-04
9.998860359191894531e-01,1.139962769229896367e-04
9.999179840087890625e-01,8.205622725654393435e-05
9.999459385871887207e-01,5.417314969236031175e-05
9.999542832374572754e-01,4.576665014610625803e-05
9.999045133590698242e-01,9.548546222504228354e-05
9.998767375946044922e-01,1.232560753123834729e-04
9.998137354850769043e-01,1.863130164565518498e-04
9.996960163116455078e-01,3.040248411707580090e-04
9.994758963584899902e-01,5.241191829554736614e-04
9.992330074310302734e-01,7.670117192901670933e-04
9.991015791893005371e-01,8.984104497358202934e-04
9.996016621589660645e-01,3.984093200415372849e-04
9.998511672019958496e-01,1.489006826886907220e-04
9.999080896377563477e-01,9.186005627270787954e-05
9.999532103538513184e-01,4.681406062445603311e-05
9.999790787696838379e-01,2.092741851811297238e-05
9.999885559082031250e-01,1.146443719335366040e-05
9.999923706054687500e-01,7.600429398735286668e-06
9.999930858612060547e-01,6.916871370776789263e-06
9.999915361404418945e-01,8.451354005956090987e-06
9.999853968620300293e-01,1.460065323044545949e-05
9.999734163284301758e-01,2.654612399055622518e-05
9.999681115150451660e-01,3.182568252668716013e-05
9.998948574066162109e-01,1.051562940119765699e-04
9.989158511161804199e-01,1.084161223843693733e-03
9.988650083541870117e-01,1.135036232881247997e-03
9.997196793556213379e-01,2.802852541208267212e-04
9.999195337295532227e-01,8.041074033826589584e-05
9.999648332595825195e-01,3.519158781273290515e-05
9.999743103981018066e-01,2.560230132075957954e-05
9.999783039093017578e-01,2.165528348996303976e-05
9.999788999557495117e-01,2.114298877131659538e-05
9.999774694442749023e-01,2.251887599413748831e-05
9.999799728393554688e-01,2.007071270782034844e-05
9.999796152114868164e-01,2.035429861280135810e-05
9.999546408653259277e-01,4.534432810032740235e-05
9.998940825462341309e-01,1.058841662597842515e-04
9.998134970664978027e-01,1.865187223302200437e-04
9.994328618049621582e-01,5.671569379046559334e-04
9.967511296272277832e-01,3.248851746320724487e-03
9.841934442520141602e-01,1.580644585192203522e-02
9.831117987632751465e-01,1.688814535737037659e-02
9.865915179252624512e-01,1.340845692902803421e-02
9.916591048240661621e-01,8.340873755514621735e-03
9.958797693252563477e-01,4.120275843888521194e-03
9.956822991371154785e-01,4.317592363804578781e-03
9.964472651481628418e-01,3.552718088030815125e-03
9.981293082237243652e-01,1.870733802206814289e-03
9.988338947296142578e-01,1.166049507446587086e-03
9.992541074752807617e-01,7.459727930836379528e-04
9.995650649070739746e-01,4.348949587438255548e-04
9.998161196708679199e-01,1.838637690525501966e-04
9.999002814292907715e-01,9.961183241102844477e-05
9.998334646224975586e-01,1.665086456341668963e-04
9.997240900993347168e-01,2.758348418865352869e-04
9.995543360710144043e-01,4.456667811609804630e-04
9.988707900047302246e-01,1.129197888076305389e-03
9.988511800765991211e-01,1.148830284364521503e-03
9.993519186973571777e-01,6.480570300482213497e-04
9.995615482330322266e-01,4.385080246720463037e-04
9.994002580642700195e-01,5.997527623549103737e-04
9.990146756172180176e-01,9.853511583060026169e-04
9.990166425704956055e-01,9.832925861701369286e-04
9.993056654930114746e-01,6.942639010958373547e-04
9.992796778678894043e-01,7.202934939414262772e-04
9.990735054016113281e-01,9.264402906410396099e-04
9.992076158523559570e-01,7.923508528620004654e-04
9.993341565132141113e-01,6.658697966486215591e-04
9.993527531623840332e-01,6.472985260188579559e-04
9.990972280502319336e-01,9.028152562677860260e-04
9.989154338836669922e-01,1.084569725207984447e-03
9.989541769027709961e-01,1.045814948156476021e-03
9.992102384567260742e-01,7.896879105828702450e-04
9.993594288825988770e-01,6.405258900485932827e-04
9.994684457778930664e-01,5.314736627042293549e-04
9.995900988578796387e-01,4.099224752280861139e-04
9.997661113739013672e-01,2.338708291063085198e-04
9.998530745506286621e-01,1.469412673031911254e-04
9.998490810394287109e-01,1.508959976490586996e-04
9.998426437377929688e-01,1.573663321323692799e-04
9.998745918273925781e-01,1.253349328180775046e-04
9.999387860298156738e-01,6.119549652794376016e-05
9.999701976776123047e-01,2.984973980346694589e-05
9.999665021896362305e-01,3.351586565258912742e-05
9.999473094940185547e-01,5.266067091724835336e-05
9.999284744262695312e-01,7.155610364861786366e-05
9.998925924301147461e-01,1.073370294761843979e-04
9.998329877853393555e-01,1.669564226176589727e-04
9.998285770416259766e-01,1.713736564852297306e-04
9.998253583908081055e-01,1.746184279909357429e-04
9.997217059135437012e-01,2.782642841339111328e-04
9.991971850395202637e-01,8.028021547943353653e-04
9.990843534469604492e-01,9.156491141766309738e-04
9.991304874420166016e-01,8.694755961187183857e-04
9.990818500518798828e-01,9.181667119264602661e-04
9.988648295402526855e-01,1.135170459747314453e-03
9.994855523109436035e-01,5.145118921063840389e-04
9.991512298583984375e-01,8.487730519846081734e-04
9.982519745826721191e-01,1.747951260767877102e-03
9.950594305992126465e-01,4.940550774335861206e-03
9.909092783927917480e-01,9.090708568692207336e-03
9.936141967773437500e-01,6.385799497365951538e-03
9.962697625160217285e-01,3.730250056833028793e-03
9.970166087150573730e-01,2.983337733894586563e-03
9.962462782859802246e-01,3.753755008801817894e-03
9.931587576866149902e-01,6.841316819190979004e-03
9.945350885391235352e-01,5.464882589876651764e-03
9.961602687835693359e-01,3.839697223156690598e-03
9.971517324447631836e-01,2.848227974027395248e-03
9.971897006034851074e-01,2.810337580740451813e-03
9.982823729515075684e-01,1.717614475637674332e-03
9.991816878318786621e-01,8.183202007785439491e-04
9.995653033256530762e-01,4.346660571172833443e-04
9.995401501655578613e-01,4.598156956490129232e-04
9.993247985839843750e-01,6.751782493665814400e-04
9.994094371795654297e-01,5.906051374040544033e-04
9.992985725402832031e-01,7.014479488134384155e-04
9.989320635795593262e-01,1.067914883606135845e-03
9.991883635520935059e-01,8.116562385112047195e-04
9.984049201011657715e-01,1.595128909684717655e-03
9.978461265563964844e-01,2.153866924345493317e-03
9.973385930061340332e-01,2.661417238414287567e-03
9.961550831794738770e-01,3.844931721687316895e-03
9.936495423316955566e-01,6.350508891046047211e-03
9.906685352325439453e-01,9.331461042165756226e-03
9.853170514106750488e-01,1.468293555080890656e-02
9.757573604583740234e-01,2.424260601401329041e-02
9.076589941978454590e-01,9.234099835157394409e-02
7.021560072898864746e-01,2.978438735008239746e-01
1.611189842224121094e-01,8.388810157775878906e-01
1.731447130441665649e-01,8.268553018569946289e-01
2.271359860897064209e-01,7.728641033172607422e-01
4.066135287284851074e-01,5.933864712715148926e-01
6.960731148719787598e-01,3.039268255233764648e-01
8.258695006370544434e-01,1.741303950548171997e-01
8.507884740829467773e-01,1.492114812135696411e-01
8.520885109901428223e-01,1.479114294052124023e-01
7.834584712982177734e-01,2.165414541959762573e-01
7.122638821601867676e-01,2.877361774444580078e-01
8.232762813568115234e-01,1.767236590385437012e-01
8.340803980827331543e-01,1.659195870161056519e-01
8.492348790168762207e-01,1.507650762796401978e-01
9.029551744461059570e-01,9.704487770795822144e-02
9.253613352775573730e-01,7.463862746953964233e-02
9.168850183486938477e-01,8.311494439840316772e-02
9.488585591316223145e-02,9.051141738891601562e-01
7.536088582128286362e-03,9.924638867378234863e-01
3.365871030837297440e-03,9.966341853141784668e-01
4.306333139538764954e-03,9.956936836242675781e-01
4.470871295779943466e-03,9.955291152000427246e-01
7.990703918039798737e-03,9.920092821121215820e-01
1.980542019009590149e-02,9.801945686340332031e-01
6.223579403012990952e-03,9.937763810157775879e-01
5.243031308054924011e-03,9.947569370269775391e-01
6.253567989915609360e-03,9.937463998794555664e-01
7.368553429841995239e-03,9.926313757896423340e-01
1.294408924877643585e-02,9.870558977127075195e-01
2.190415933728218079e-02,9.780958294868469238e-01
2.430290170013904572e-02,9.756969809532165527e-01
2.054804377257823944e-02,9.794518947601318359e-01
1.638101227581501007e-02,9.836189746856689453e-01
1.375916227698326111e-02,9.862408638000488281e-01
1.402137521654367447e-02,9.859786629676818848e-01
1.170596573501825333e-02,9.882940053939819336e-01
7.729076896794140339e-04,9.992269873619079590e-01
2.789527061395347118e-04,9.997210502624511719e-01
3.194401215296238661e-04,9.996804594993591309e-01
5.930620245635509491e-04,9.994069337844848633e-01
1.513696159236133099e-03,9.984863400459289551e-01
2.740954747423529625e-03,9.972590208053588867e-01
5.149861332029104233e-03,9.948501586914062500e-01
6.979613564908504486e-03,9.930202960968017578e-01
2.762685902416706085e-02,9.723731875419616699e-01
6.376679241657257080e-02,9.362331628799438477e-01
1.227708980441093445e-01,8.772291541099548340e-01
3.737389743328094482e-01,6.262610554695129395e-01
6.785719990730285645e-01,3.214280307292938232e-01
8.162643909454345703e-01,1.837355643510818481e-01
8.695584535598754883e-01,1.304415017366409302e-01
9.062764048576354980e-01,9.372360259294509888e-02
8.424652814865112305e-01,1.575347185134887695e-01
5.646180510520935059e-01,4.353819787502288818e-01
3.172294422984123230e-02,9.682770371437072754e-01
1.681314548477530479e-03,9.983186125755310059e-01
7.140038069337606430e-04,9.992859363555908203e-01
7.473000441677868366e-04,9.992527365684509277e-01
1.123335561715066433e-03,9.988766312599182129e-01
1.523494254797697067e-03,9.984764456748962402e-01
1.768798450939357281e-03,9.982311725616455078e-01
3.076703986153006554e-03,9.969232678413391113e-01
1.568070845678448677e-03,9.984318614006042480e-01
2.396628260612487793e-03,9.976033568382263184e-01
3.302200464531779289e-03,9.966977238655090332e-01
6.352850235998630524e-03,9.936471581459045410e-01
1.037559006363153458e-02,9.896243810653686523e-01
1.607527025043964386e-02,9.839247465133666992e-01
2.739568054676055908e-02,9.726042747497558594e-01
4.993949830532073975e-02,9.500605463981628418e-01
8.413808047771453857e-02,9.158618450164794922e-01
1.004099398851394653e-01,8.995900154113769531e-01
7.251144945621490479e-02,9.274885058403015137e-01
4.866304807364940643e-03,9.951336979866027832e-01
6.038998253643512726e-04,9.993960857391357422e-01
4.286319599486887455e-04,9.995713829994201660e-01
6.692279712297022343e-04,9.993306994438171387e-01
1.370396465063095093e-03,9.986296296119689941e-01
2.720201620832085609e-03,9.972797632217407227e-01
3.253274597227573395e-03,9.967466592788696289e-01
4.706140141934156418e-03,9.952937960624694824e-01
2.739166282117366791e-02,9.726082682609558105e-01
7.193863391876220703e-02,9.280613064765930176e-01
8.340409398078918457e-02,9.165958762168884277e-01
1.962292045354843140e-01,8.037707805633544922e-01
5.980682373046875000e-01,4.019317328929901123e-01
8.668925166130065918e-01,1.331074982881546021e-01
9.376859664916992188e-01,6.231404095888137817e-02
9.557710886001586914e-01,4.422894492745399475e-02
9.684670567512512207e-01,3.153294324874877930e-02
9.525932669639587402e-01,4.740669950842857361e-02
1.735883504152297974e-01,8.264116644859313965e-01
7.756612263619899750e-03,9.922432899475097656e-01
4.101864993572235107e-03,9.958980679512023926e-01
4.291852004826068878e-03,9.957081675529479980e-01
4.992966540157794952e-03,9.950070977210998535e-01
2.349322196096181870e-03,9.976506829261779785e-01
5.866246065124869347e-04,9.994133710861206055e-01
5.605263868346810341e-04,9.994394779205322266e-01
1.480598468333482742e-03,9.985193610191345215e-01
3.233565250411629677e-03,9.967664480209350586e-01
5.593684036284685135e-03,9.944063425064086914e-01
6.437302101403474808e-03,9.935626387596130371e-01
1.119440142065286636e-02,9.888055324554443359e-01
2.757493779063224792e-02,9.724249839782714844e-01
4.474212229251861572e-02,9.552579522132873535e-01
8.524429798126220703e-02,9.147556424140930176e-01
7.914491742849349976e-02,9.208551049232482910e-01
7.011541724205017090e-02,9.298845529556274414e-01
3.863104432821273804e-02,9.613689184188842773e-01
1.942094042897224426e-02,9.805790185928344727e-01
1.344495080411434174e-02,9.865549206733703613e-01
1.209691911935806274e-02,9.879030585289001465e-01
7.648930419236421585e-03,9.923510551452636719e-01
2.995214192196726799e-03,9.970048069953918457e-01
1.508260844275355339e-03,9.984917640686035156e-01
1.644238946028053761e-03,9.983557462692260742e-01
2.447972772642970085e-03,9.975520968437194824e-01
4.012950696051120758e-03,9.959869980812072754e-01
9.034074842929840088e-03,9.909659624099731445e-01
1.328062172979116440e-02,9.867193698883056641e-01
2.665631473064422607e-02,9.733436703681945801e-01
3.239251300692558289e-02,9.676074981689453125e-01
6.291912496089935303e-02,9.370808601379394531e-01
1.179503798484802246e-01,8.820496201515197754e-01
1.742242574691772461e-01,8.257757425308227539e-01
3.188060522079467773e-01,6.811939477920532227e-01
4.704588949680328369e-01,5.295411944389343262e-01
5.186610221862792969e-01,4.813390076160430908e-01
6.361105442047119141e-01,3.638894259929656982e-01
7.148081660270690918e-01,2.851917743682861328e-01
7.746118903160095215e-01,2.253880351781845093e-01
7.837110161781311035e-01,2.162889987230300903e-01
7.710894942283630371e-01,2.289104461669921875e-01
7.975637316703796387e-01,2.024362087249755859e-01
8.489550948143005371e-01,1.510448455810546875e-01
8.901841044425964355e-01,1.098159179091453552e-01
9.101704359054565430e-01,8.982948958873748779e-02
8.963019251823425293e-01,1.036980375647544861e-01
5.577026009559631348e-01,4.422973990440368652e-01
4.023601114749908447e-02,9.597640037536621094e-01
1.058468595147132874e-02,9.894152283668518066e-01
3.309644293040037155e-03,9.966903924942016602e-01
3.418747335672378540e-03,9.965811967849731445e-01
3.817730816081166267e-03,9.961822628974914551e-01
5.599168129265308380e-03,9.944007396697998047e-01
7.912631146609783173e-03,9.920873641967773438e-01
1.063117198646068573e-02,9.893687963485717773e-01
1.370203774422407150e-02,9.862979054450988770e-01
1.684137433767318726e-02,9.831585884094238281e-01
2.985442616045475006e-02,9.701455235481262207e-01
6.479704380035400391e-02,9.352030158042907715e-01
2.757691144943237305e-01,7.242308855056762695e-01
4.409227073192596436e-01,5.590772628784179688e-01
3.646934926509857178e-01,6.353064775466918945e-01
3.889836966991424561e-01,6.110163331031799316e-01
4.968415200710296631e-01,5.031585097312927246e-01
5.233564376831054688e-01,4.766435623168945312e-01
3.745191991329193115e-01,6.254807710647583008e-01
2.652382254600524902e-01,7.347618341445922852e-01
1.290407627820968628e-01,8.709592223167419434e-01
2.641368471086025238e-02,9.735863804817199707e-01
3.076787665486335754e-02,9.692321419715881348e-01
4.944527894258499146e-02,9.505546689033508301e-01
8.645313233137130737e-02,9.135468006134033203e-01
1.072456687688827515e-01,8.927543163299560547e-01
1.266445666551589966e-01,8.733554482460021973e-01
9.889528155326843262e-02,9.011046886444091797e-01
1.366076916456222534e-01,8.633922934532165527e-01
2.867572307586669922e-01,7.132428288459777832e-01
4.676999151706695557e-01,5.323000550270080566e-01
5.918221473693847656e-01,4.081778526306152344e-01
6.200940608978271484e-01,3.799058794975280762e-01
5.643350481986999512e-01,4.356649518013000488e-01
6.382816433906555176e-01,3.617182672023773193e-01
7.149897813796997070e-01,2.850102484226226807e-01
7.813212871551513672e-01,2.186786383390426636e-01
8.438259363174438477e-01,1.561740338802337646e-01
9.208871126174926758e-01,7.911279052495956421e-02
9.377405643463134766e-01,6.225943565368652344e-02
8.537959456443786621e-01,1.462040245532989502e-01
1.167410612106323242e-01,8.832589387893676758e-01
4.446832463145256042e-02,9.555316567420959473e-01
6.166446208953857422e-02,9.383354783058166504e-01
1.267847120761871338e-01,8.732152581214904785e-01
1.678883582353591919e-01,8.321115374565124512e-01
1.901092082262039185e-01,8.098908662796020508e-01
1.400765329599380493e-01,8.599234819412231445e-01
1.320004016160964966e-01,8.679995536804199219e-01
2.326727211475372314e-01,7.673272490501403809e-01
4.097611308097839355e-01,5.902388691902160645e-01
5.506619811058044434e-01,4.493380188941955566e-01
7.467820048332214355e-01,2.532179355621337891e-01
6.994929313659667969e-01,3.005070984363555908e-01
6.546944379806518555e-01,3.453055322170257568e-01
6.364170312881469727e-01,3.635829985141754150e-01
3.482635319232940674e-01,6.517364382743835449e-01
1.004896834492683411e-01,8.995102643966674805e-01
5.581662431359291077e-02,9.441832900047302246e-01
3.109749406576156616e-02,9.689025282859802246e-01
2.289613336324691772e-02,9.771038889884948730e-01
7.006864063441753387e-03,9.929930567741394043e-01
8.052343502640724182e-03,9.919476509094238281e-01
2.617163024842739105e-02,9.738283157348632812e-01
5.755576491355895996e-02,9.424442648887634277e-01
8.073451370000839233e-02,9.192654490470886230e-01
1.029174029827117920e-01,8.970824480056762695e-01
2.213431000709533691e-01,7.786569595336914062e-01
5.532144904136657715e-01,4.467855095863342285e-01
8.412675857543945312e-01,1.587323993444442749e-01
9.331121444702148438e-01,6.688775867223739624e-02
9.649868011474609375e-01,3.501324355602264404e-02
9.530949592590332031e-01,4.690500348806381226e-02
8.927552700042724609e-01,1.072447448968887329e-01
5.875331163406372070e-01,4.124668836593627930e-01
2.369275987148284912e-01,7.630723714828491211e-01
2.198568731546401978e-01,7.801431417465209961e-01
1.237975135445594788e-01,8.762024641036987305e-01
5.226247757673263550e-02,9.477375745773315430e-01
1.287683099508285522e-01,8.712316751480102539e-01
2.822178602218627930e-01,7.177821397781372070e-01
3.728781342506408691e-01,6.271218657493591309e-01
4.212833642959594727e-01,5.787166357040405273e-01
5.316181182861328125e-01,4.683818817138671875e-01
6.005654931068420410e-01,3.994344770908355713e-01
7.429581880569458008e-01,2.570417523384094238e-01
9.091153144836425781e-01,9.088468551635742188e-02
9.709723591804504395e-01,2.902757376432418823e-02
9.891475439071655273e-01,1.085248403251171112e-02
9.941812753677368164e-01,5.818658042699098587e-03
9.950423240661621094e-01,4.957674536854028702e-03
9.954363107681274414e-01,4.563672933727502823e-03
9.950060844421386719e-01,4.993833601474761963e-03
9.950643777847290039e-01,4.935608245432376862e-03
9.833800196647644043e-01,1.662005670368671417e-02
4.676488637924194336e-01,5.323511362075805664e-01
3.146090805530548096e-01,6.853909492492675781e-01
3.361383080482482910e-01,6.638616323471069336e-01
3.230247795581817627e-01,6.769751906394958496e-01
2.581335902214050293e-01,7.418664097785949707e-01
1.700485199689865112e-01,8.299514651298522949e-01
1.419050842523574829e-01,8.580948710441589355e-01
1.424485296010971069e-01,8.575515151023864746e-01
1.286440938711166382e-01,8.713559508323669434e-01
1.027277633547782898e-01,8.972721695899963379e-01
5.620072036981582642e-02,9.437993168830871582e-01
3.805252537131309509e-02,9.619474411010742188e-01
5.457083135843276978e-02,9.454292058944702148e-01
1.144296899437904358e-01,8.855702877044677734e-01
1.807771027088165283e-01,8.192228674888610840e-01
1.205328404903411865e-01,8.794670701026916504e-01
5.704776570200920105e-02,9.429522752761840820e-01
1.224961206316947937e-01,8.775038123130798340e-01
2.544794678688049316e-01,7.455205321311950684e-01
3.612500727176666260e-01,6.387498974800109863e-01
4.566483795642852783e-01,5.433516502380371094e-01
3.822043240070343018e-01,6.177956461906433105e-01
2.639878392219543457e-01,7.360122203826904297e-01
1.787071973085403442e-01,8.212928175926208496e-01
1.641217768192291260e-01,8.358781933784484863e-01
2.186400443315505981e-01,7.813599109649658203e-01
4.034721553325653076e-01,5.965277552604675293e-01
7.036215662956237793e-01,2.963784933090209961e-01
8.666676282882690430e-01,1.333324611186981201e-01
8.529738783836364746e-01,1.470260918140411377e-01
8.534451127052307129e-01,1.465549021959304810e-01
6.294525265693664551e-01,3.705474436283111572e-01
6.243729591369628906e-01,3.756270110607147217e-01
6.049740314483642578e-01,3.950259387493133545e-01
5.592882633209228516e-01,4.407117664813995361e-01
4.695994257926940918e-01,5.304005146026611328e-01
4.062284529209136963e-01,5.937715172767639160e-01
4.199317097663879395e-01,5.800682902336120605e-01
4.654425978660583496e-01,5.345574021339416504e-01
4.445974230766296387e-01,5.554025769233703613e-01
6.416085958480834961e-01,3.583914339542388916e-01
7.658810615539550781e-01,2.341189384460449219e-01
9.139418005943298340e-01,8.605810999870300293e-02
9.748169183731079102e-01,2.518304251134395599e-02
9.928123950958251953e-01,7.187536917626857758e-03
9.970005154609680176e-01,2.999430522322654724e-03
9.973588585853576660e-01,2.641129307448863983e-03
9.990384578704833984e-01,9.615754242986440659e-04
9.991903305053710938e-01,8.095520315691828728e-04
9.983665347099304199e-01,1.633524196222424507e-03
9.970230460166931152e-01,2.976982854306697845e-03
9.977278113365173340e-01,2.272254554554820061e-03
9.980362653732299805e-01,1.963714836165308952e-03
9.987308382987976074e-01,1.269183354452252388e-03
9.975650906562805176e-01,2.434828318655490875e-03
9.862430691719055176e-01,1.375689171254634857e-02
9.925483465194702148e-01,7.451639976352453232e-03
9.960643649101257324e-01,3.935697022825479507e-03
9.967468976974487305e-01,3.253130475059151649e-03
9.972974658012390137e-01,2.702588913962244987e-03
9.976789951324462891e-01,2.320927800610661507e-03
9.972029924392700195e-01,2.796982182189822197e-03
9.939305186271667480e-01,6.069452501833438873e-03
9.891150593757629395e-01,1.088487636297941208e-02
9.913849234580993652e-01,8.615069091320037842e-03
9.948120713233947754e-01,5.187896545976400375e-03
9.945913553237915039e-01,5.408529192209243774e-03
9.945661425590515137e-01,5.433740559965372086e-03
9.972890019416809082e-01,2.710912143811583519e-03
9.973605871200561523e-01,2.639302518218755722e-03
9.969378709793090820e-01,3.062111558392643929e-03
9.963283538818359375e-01,3.671545768156647682e-03
9.939765930175781250e-01,6.023410707712173462e-03
9.885131716728210449e-01,1.148679107427597046e-02
9.712855815887451172e-01,2.871445752680301666e-02
9.841752648353576660e-01,1.582477800548076630e-02
9.901874661445617676e-01,9.812465868890285492e-03
9.923779368400573730e-01,7.621947675943374634e-03
9.699739217758178711e-01,3.002605400979518890e-02
7.427823543548583984e-01,2.572175860404968262e-01
7.929417490959167480e-01,2.070582211017608643e-01
8.932820558547973633e-01,1.067179590463638306e-01
9.317441582679748535e-01,6.825590133666992188e-02
9.622183442115783691e-01,3.778168931603431702e-02
9.472275376319885254e-01,5.277235805988311768e-02
8.989471197128295898e-01,1.010527983307838440e-01
9.240188002586364746e-01,7.598112523555755615e-02
9.664680957794189453e-01,3.353189677000045776e-02
9.563028812408447266e-01,4.369711875915527344e-02
9.531039595603942871e-01,4.689610376954078674e-02
9.359289407730102539e-01,6.407096982002258301e-02
9.141669869422912598e-01,8.583310991525650024e-02
9.142862558364868164e-01,8.571374416351318359e-02
8.839841485023498535e-01,1.160157918930053711e-01
9.028638005256652832e-01,9.713612496852874756e-02
9.413177371025085449e-01,5.868237465620040894e-02
9.786762595176696777e-01,2.132377587258815765e-02
9.930645227432250977e-01,6.935433018952608109e-03
9.973237514495849609e-01,2.676182892173528671e-03
9.961643815040588379e-01,3.835583571344614029e-03
9.902098774909973145e-01,9.790079668164253235e-03
9.472028017044067383e-01,5.279713869094848633e-02
9.677116274833679199e-01,3.228825330734252930e-02
9.801378846168518066e-01,1.986210606992244720e-02
9.816992878913879395e-01,1.830067485570907593e-02
9.656805396080017090e-01,3.431944549083709717e-02
9.296420216560363770e-01,7.035804539918899536e-02
9.185385704040527344e-01,8.146135509014129639e-02
9.110456705093383789e-01,8.895428478717803955e-02
8.130309581756591797e-01,1.869689822196960449e-01
4.372671544551849365e-01,5.627328157424926758e-01
2.959853112697601318e-01,7.040146589279174805e-01
3.224626183509826660e-01,6.775373816490173340e-01
2.175873667001724243e-01,7.824126482009887695e-01
2.100609838962554932e-01,7.899390459060668945e-01
3.796349763870239258e-01,6.203650236129760742e-01
4.786883592605590820e-01,5.213115811347961426e-01
5.586565136909484863e-01,4.413434863090515137e-01
6.377379298210144043e-01,3.622620701789855957e-01
6.043993234634399414e-01,3.956007361412048340e-01
3.941364884376525879e-01,6.058635115623474121e-01
2.866990864276885986e-01,7.133009433746337891e-01
2.633310854434967041e-01,7.366689443588256836e-01
3.200573623180389404e-01,6.799426078796386719e-01
3.011274337768554688e-01,6.988725066184997559e-01
2.420089095830917358e-01,7.579910159111022949e-01
4.175060093402862549e-01,5.824939608573913574e-01
2.739695012569427490e-01,7.260304689407348633e-01
2.590597867965698242e-01,7.409402132034301758e-01
2.459429502487182617e-01,7.540569901466369629e-01
1.147438883781433105e-01,8.852561116218566895e-01
6.226132437586784363e-02,9.377386569976806641e-01
5.245505645871162415e-02,9.475449323654174805e-01
6.798913329839706421e-02,9.320108890533447266e-01
9.666814655065536499e-02,9.033318758010864258e-01
1.688931435346603394e-01,8.311068415641784668e-01
4.108001291751861572e-01,5.891998410224914551e-01
6.480066776275634766e-01,3.519932627677917480e-01
6.647084355354309082e-01,3.352915346622467041e-01
7.492776513099670410e-01,2.507223486900329590e-01
8.707055449485778809e-01,1.292944848537445068e-01
9.260971546173095703e-01,7.390283793210983276e-02
9.376801848411560059e-01,6.231983378529548645e-02
9.594154357910156250e-01,4.058447852730751038e-02
9.753090739250183105e-01,2.469092421233654022e-02
9.901511669158935547e-01,9.848808869719505310e-03
9.916326403617858887e-01,8.367328904569149017e-03
9.905340075492858887e-01,9.465894661843776703e-03
9.957612156867980957e-01,4.238774999976158142e-03
9.970476627349853516e-01,2.952302107587456703e-03
9.975166916847229004e-01,2.483216812834143639e-03
9.964274764060974121e-01,3.572514047846198082e-03
9.950095415115356445e-01,4.990455228835344315e-03
9.863859415054321289e-01,1.361398026347160339e-02
9.500227570533752441e-01,4.997719824314117432e-02
9.752649664878845215e-01,2.473498694598674774e-02
9.866691231727600098e-01,1.333081442862749100e-02
9.622775912284851074e-01,3.772234916687011719e-02
8.327282071113586426e-01,1.672717630863189697e-01
7.962141036987304688e-01,2.037858664989471436e-01
8.214935064315795898e-01,1.785065084695816040e-01
8.788428306579589844e-01,1.211571320891380310e-01
8.899060487747192383e-01,1.100938767194747925e-01
9.250136017799377441e-01,7.498639076948165894e-02
9.772327542304992676e-01,2.276725694537162781e-02
9.885771274566650391e-01,1.142284646630287170e-02
9.966014027595520020e-01,3.398599103093147278e-03
9.988127946853637695e-01,1.187212183140218258e-03
9.986725449562072754e-01,1.327373902313411236e-03
9.925096035003662109e-01,7.490332238376140594e-03
9.960147738456726074e-01,3.985186107456684113e-03
9.980733394622802734e-01,1.926634111441671848e-03
9.982120394706726074e-01,1.787951099686324596e-03
9.976012110710144043e-01,2.398764016106724739e-03
9.968400597572326660e-01,3.159911604598164558e-03
9.962213635444641113e-01,3.778652753680944443e-03
9.952520132064819336e-01,4.748015198856592178e-03
9.878208041191101074e-01,1.217916514724493027e-02
9.848801493644714355e-01,1.511981524527072906e-02
9.832784533500671387e-01,1.672160811722278595e-02
9.777475595474243164e-01,2.225239947438240051e-02
9.052690267562866211e-01,9.473092854022979736e-02
4.883612692356109619e-01,5.116387009620666504e-01
8.325312137603759766e-01,1.674688160419464111e-01
