5.033707566326484084e-05,9.033300280570983887e-01,6.094300001859664917e-02,1.672223734203726053e-04,3.550943359732627869e-02
3.514111449476331472e-05,8.673216104507446289e-01,8.311545848846435547e-02,4.314266261644661427e-04,4.909630119800567627e-02
1.254997623618692160e-04,8.916404247283935547e-01,1.970032416284084320e-02,2.032083226367831230e-03,8.650175482034683228e-02
1.927438192069530487e-02,6.438336968421936035e-01,5.963427573442459106e-02,1.517604757100343704e-02,2.620815932750701904e-01
3.056178684346377850e-06,9.898480772972106934e-01,5.503567401319742203e-03,1.212204733747057617e-04,4.524129442870616913e-03
1.948792673647403717e-02,6.424555182456970215e-01,6.301900744438171387e-02,1.467167492955923080e-02,2.603658437728881836e-01
6.324567607407516334e-07,9.998409748077392578e-01,5.561343277804553509e-05,1.494472371632582508e-06,1.011510685202665627e-04
1.688903665808538790e-07,9.998046159744262695e-01,7.167139119701460004e-05,1.490618615207495168e-05,1.086136762751266360e-04
6.871305231470614672e-07,9.998167157173156738e-01,2.174099427065812051e-05,1.540233097330201417e-05,1.455447782063856721e-04
4.520154277543042554e-07,9.999408125877380371e-01,6.405936801456846297e-06,3.879797077388502657e-05,1.369950769003480673e-05
2.094258379656821489e-04,9.932186603546142578e-01,9.647406986914575100e-04,2.186744241043925285e-03,3.420397406443953514e-03
2.823794493451714516e-03,7.149416208267211914e-01,1.772138327360153198e-01,1.337090320885181427e-02,9.164981544017791748e-02
1.954254135489463806e-02,6.415782570838928223e-01,6.375148892402648926e-02,1.459264382719993591e-02,2.605350911617279053e-01
2.755646710284054279e-05,9.879084229469299316e-01,1.139255333691835403e-02,1.767446810845285654e-04,4.946495755575597286e-04
3.613624357967637479e-05,9.870766401290893555e-01,1.217177975922822952e-02,1.732089731376618147e-04,5.422075628302991390e-04
4.206165613140910864e-04,9.690289497375488281e-01,2.311338111758232117e-02,4.317593702580779791e-04,7.005143444985151291e-03
3.058126603718847036e-04,6.101157069206237793e-01,3.826177716255187988e-01,7.968650315888226032e-04,6.163832731544971466e-03
5.513104260899126530e-04,8.513797521591186523e-01,1.455080360174179077e-01,2.053483331110328436e-04,2.355466829612851143e-03
1.588087434356566519e-05,9.997022747993469238e-01,2.201211609644815326e-04,1.082171093003125861e-05,5.090387639938853681e-05
1.953337341547012329e-02,6.415808200836181641e-01,6.336881965398788452e-02,1.467798650264739990e-02,2.608389854431152344e-01
4.671531860367394984e-05,9.992508888244628906e-01,3.355182707309722900e-04,9.908854553941637278e-05,2.678170567378401756e-04
9.004085441119968891e-04,9.920220375061035156e-01,3.488457528874278069e-03,2.681031357496976852e-03,9.079912560991942883e-04
4.160414391662925482e-04,9.835831522941589355e-01,1.335182692855596542e-02,2.122298115864396095e-03,5.266983644105494022e-04
1.908614858984947205e-02,6.452462673187255859e-01,5.804998800158500671e-02,1.557033322751522064e-02,2.620472908020019531e-01
1.329551159869879484e-04,9.843609333038330078e-01,1.364930812269449234e-02,1.262821751879528165e-04,1.730526215396821499e-03
9.288948494940996170e-04,5.391792058944702148e-01,4.281986355781555176e-01,1.275913324207067490e-03,3.041726350784301758e-02
1.825690269470214844e-04,6.062809824943542480e-01,3.856852948665618896e-01,1.096390304155647755e-03,6.754700560122728348e-03
5.700463589164428413e-05,9.895858168601989746e-01,9.467686526477336884e-03,6.545743963215500116e-05,8.239754242822527885e-04
9.666543121511494974e-08,9.999971389770507812e-01,1.867429773483308963e-06,5.082359280095261056e-07,4.688572232680598972e-07
2.066657955879236397e-08,9.999949932098388672e-01,4.375586740934522822e-06,3.652982343282928923e-07,2.266663727823470253e-07
1.013067674193735002e-08,9.999973773956298828e-01,2.006844397328677587e-06,2.713467495141230756e-07,3.691596646149264416e-07
1.994309251074355416e-08,9.999928474426269531e-01,1.141254983849648852e-06,1.755278503878798801e-06,4.212080057186540216e-06
6.741885716365914050e-09,9.999976158142089844e-01,5.293871936373761855e-07,7.358460720752191264e-07,1.103015733860956971e-06
1.947711594402790070e-02,6.424982547760009766e-01,6.304802745580673218e-02,1.468105893582105637e-02,2.602955698966979980e-01
6.284419384883221937e-08,9.999948143959045410e-01,1.894539650493243244e-06,1.716215933811326977e-06,1.543247890367638320e-06
8.976930843118680059e-08,9.999783039093017578e-01,9.057810530066490173e-06,1.080891070159850642e-05,1.696137246653961483e-06
1.930334419012069702e-02,6.440514326095581055e-01,5.995810031890869141e-02,1.519553270190954208e-02,2.614916265010833740e-01
3.144636551155599591e-08,9.999459981918334961e-01,4.513495150604285300e-05,4.476532012631651014e-06,4.311937573220347986e-06
1.084734577716517379e-07,9.998912811279296875e-01,8.604825416114181280e-05,3.327095328131690621e-06,1.926637560245580971e-05
2.509715990584027168e-08,9.999777078628540039e-01,1.379996410832973197e-05,1.791380668691999745e-06,6.732804195053176954e-06
5.823186821629633414e-09,9.999853372573852539e-01,1.254367543879197910e-05,9.900918485072907060e-07,1.203254214487969875e-06
2.298822820989698812e-08,9.999778270721435547e-01,1.575644637341611087e-05,1.709432126517640427e-06,4.744439138448797166e-06
8.517200456026330357e-08,9.999380111694335938e-01,5.148083437234163284e-05,4.905666173726785928e-06,5.479920673678861931e-06
9.306513248930059490e-08,9.998881816864013672e-01,1.004763325909152627e-04,4.343776254245312884e-06,6.895906608406221494e-06
1.763765249052084982e-05,9.010347127914428711e-01,9.852217882871627808e-02,7.870616536820307374e-05,3.467398928478360176e-04
2.042475344410377147e-08,9.999954700469970703e-01,4.009084477729629725e-06,4.065420000642916420e-08,4.618480602402996738e-07
4.013634757882300619e-09,9.999907612800598145e-01,7.084412573021836579e-06,3.047248355869669467e-07,1.710751462269399781e-06
1.950967684388160706e-02,6.423923373222351074e-01,6.360133737325668335e-02,1.457516103982925415e-02,2.599213719367980957e-01
2.552706064307130873e-07,9.932492375373840332e-01,6.532878149300813675e-03,4.872694262303411961e-05,1.687499025138095021e-04
1.928514800965785980e-02,6.456881761550903320e-01,6.090697646141052246e-02,1.485480181872844696e-02,2.592648565769195557e-01
8.961995945355738513e-08,9.972403049468994141e-01,2.726488048210740089e-03,9.931563909049145877e-06,2.317077269253786653e-05
2.688359934666095796e-08,9.985468983650207520e-01,1.446218462660908699e-03,1.939029061759356409e-06,4.887142495135776699e-06
1.718828457342169713e-08,9.968653321266174316e-01,3.131852950900793076e-03,7.286721483978908509e-07,2.052379159067641012e-06
1.016057460390129563e-08,9.964842796325683594e-01,3.514456795528531075e-03,2.993400585182826035e-07,8.442335683866986074e-07
2.121215203487736289e-08,9.967204928398132324e-01,3.277433803305029869e-03,2.667013063728518318e-07,1.780415686880587600e-06
1.941575482487678528e-02,6.432478427886962891e-01,6.290014833211898804e-02,1.472673844546079636e-02,2.597094476222991943e-01
5.418704152049258482e-09,9.401169419288635254e-01,5.987952649593353271e-02,6.483633683274092618e-07,2.818726443365449086e-06
1.945901848375797272e-02,6.427842378616333008e-01,6.337837874889373779e-02,1.465028151869773865e-02,2.597281336784362793e-01
2.927698261601108243e-08,8.070378303527832031e-01,1.928925663232803345e-01,2.905217115767300129e-06,6.668503192486241460e-05
2.793592024374902394e-08,8.167921900749206543e-01,1.827045828104019165e-01,3.341644696774892509e-05,4.698207194451242685e-04
1.730068106553517282e-07,9.141505956649780273e-01,8.567625284194946289e-02,1.319221428275341168e-05,1.597573136677965522e-04
3.493198974524602818e-08,9.428824186325073242e-01,5.710738524794578552e-02,5.902030579818529077e-07,9.591300113243050873e-06
8.461253031555315829e-09,8.457076549530029297e-01,1.542849242687225342e-01,1.128103122027823702e-06,6.355915502354037017e-06
1.463181220628939627e-08,7.336958050727844238e-01,2.662882804870605469e-01,1.636230649637582246e-06,1.423177764081628993e-05
2.919533059753121051e-09,9.420805573463439941e-01,5.791747942566871643e-02,4.075378967627329985e-07,1.485968141423654743e-06
2.642397189944745151e-09,9.863291382789611816e-01,1.367012597620487213e-02,2.049735456921553123e-07,4.742270220958744176e-07
5.061953634033500293e-10,9.944657087326049805e-01,5.533941090106964111e-03,1.226793813202675665e-07,1.525462636209340417e-07
2.298167350867075243e-10,9.966918826103210449e-01,3.307876875624060631e-03,6.337551639035154949e-08,3.541535775752890913e-08
4.711298573489841601e-10,9.930435419082641602e-01,6.956481374800205231e-03,4.091744898460092372e-08,2.594158132751545054e-08
7.371770555097967303e-11,9.944952130317687988e-01,5.504761822521686554e-03,3.459647857084746647e-08,2.477053762106606882e-08
3.032546880277209311e-09,9.718411564826965332e-01,2.814918383955955505e-02,2.935118118330137804e-06,6.648414910159772262e-06
3.567806272641860232e-09,9.657349586486816406e-01,3.423802182078361511e-02,7.714899766142480075e-06,1.929022073454689234e-05
1.887858472764492035e-02,6.503427624702453613e-01,5.859585851430892944e-02,1.573540456593036652e-02,2.564473152160644531e-01
1.656875525668510818e-09,9.879236817359924316e-01,1.207400579005479813e-02,5.509551215254759882e-07,1.766602508723735809e-06
2.725948355930540856e-09,9.414166808128356934e-01,5.857673659920692444e-02,1.483740675212175120e-06,5.166647952137282118e-06
1.596419219040967619e-09,8.655387759208679199e-01,1.344498991966247559e-01,3.451518068686709739e-06,7.999277841008733958e-06
2.225527817589778579e-10,8.249357938766479492e-01,1.750627011060714722e-01,8.521640211256453767e-07,6.337331228678522166e-07
3.642234569500857333e-10,7.112159132957458496e-01,2.887814939022064209e-01,1.606071123205765616e-06,1.018393390950222965e-06
7.201501617259964405e-10,9.166114926338195801e-01,8.338432759046554565e-02,2.891656095016514882e-06,1.338728338851069566e-06
2.531182763387818113e-10,9.668025374412536621e-01,3.319590538740158081e-02,1.480397827435808722e-06,1.003657530418422539e-07
1.353092482503370775e-08,8.402572870254516602e-01,1.597199141979217529e-01,1.992020042962394655e-05,2.830163566613919102e-06
5.399071412170997064e-09,8.931771516799926758e-01,1.066913008689880371e-01,1.720207001199014485e-05,1.143010813393630087e-04
7.588583095241574483e-09,8.798354864120483398e-01,1.195427030324935913e-01,7.960924995131790638e-05,5.421064561232924461e-04
8.062673195752267929e-09,7.584674358367919922e-01,2.414318919181823730e-01,4.475412060855887830e-05,5.591539229499176145e-05
2.850767089057626436e-08,8.708651065826416016e-01,1.289883404970169067e-01,7.918076153146103024e-05,6.732987822033464909e-05
1.339742425443546381e-06,5.888069272041320801e-01,4.107536077499389648e-01,1.837931049522012472e-04,2.543847367633134127e-04
9.700323744255001657e-08,2.592391669750213623e-01,7.406224608421325684e-01,1.192770723719149828e-04,1.909966158564202487e-05
2.241782368628264521e-07,2.218688577413558960e-01,7.780694961547851562e-01,5.485732617671601474e-05,6.671095434285234660e-06
4.152997234996291809e-07,4.578663706779479980e-01,5.420877337455749512e-01,4.339046063250862062e-05,2.125885202985955402e-06
5.581249297392787412e-06,1.597707867622375488e-01,8.399832844734191895e-01,2.054239448625594378e-04,3.486993591650389135e-05
4.686042666435241699e-03,6.882774233818054199e-01,2.549612522125244141e-01,4.954177141189575195e-02,2.533460734412074089e-03
6.511253203278499768e-10,9.999788999557495117e-01,1.973956022993661463e-05,3.467220039965468459e-07,9.947179933078587055e-07
1.170842034436958556e-10,9.999370574951171875e-01,6.246749398997053504e-05,2.878008444895385765e-07,2.715520395213388838e-07
5.533359326292952574e-10,9.995722174644470215e-01,4.266210307832807302e-04,1.108915853365033399e-06,1.167647951660910621e-07
8.849723731607639365e-10,9.995525479316711426e-01,4.471734282560646534e-04,2.506089060716476524e-07,5.480061204821140564e-08
1.278096628531955048e-09,9.992213249206542969e-01,7.784951012581586838e-04,6.960836884672971792e-08,2.631916018458468898e-08
9.849896454028339576e-10,9.993925094604492188e-01,6.073843105696141720e-04,1.209288598147395533e-07,2.051357483878746280e-08
7.398311963058290530e-10,9.994108080863952637e-01,5.891666514798998833e-04,3.679756588326199562e-08,8.238774995561470860e-09
2.128529574818571746e-09,9.987077713012695312e-01,1.292080385610461235e-03,6.188511036953059374e-08,1.647966207940498862e-08
4.615209103775441690e-09,9.995468258857727051e-01,4.531692247837781906e-04,3.286542948899295880e-08,1.744657573965469055e-08
1.070125055235848777e-08,9.997641444206237793e-01,2.357761259190738201e-04,2.145683097865003219e-08,3.930304615096247289e-08
6.854200051975567476e-08,9.997938871383666992e-01,2.060180122498422861e-04,5.027117921940771339e-08,2.902749152156047785e-08
7.416247882474635844e-08,9.996294379234313965e-01,3.704568662215024233e-04,5.775603639790460875e-08,2.109405627948035544e-08
2.190970960214144725e-09,9.999424219131469727e-01,5.760952262789942324e-05,1.116316727944877130e-08,1.681077721471524455e-09
3.112542890093550341e-09,9.999564886093139648e-01,4.349129812908358872e-05,4.517533902514969668e-09,5.200816999284540998e-10
1.973726293513777819e-09,9.999864101409912109e-01,1.358416284347185865e-05,1.173236729989923788e-09,3.036168261250082878e-10
2.891137329541493273e-10,9.999689459800720215e-01,3.094432759098708630e-05,2.034220569768763198e-09,3.839079332212946838e-10
6.404232144596733178e-10,9.999693632125854492e-01,3.066667704842984676e-05,3.343962218238516471e-09,1.047376740892502767e-09
1.519737807820220610e-10,9.999825954437255859e-01,1.743755456118378788e-05,2.201036242155396394e-09,7.722901207429799797e-10
2.880512668668178122e-11,9.999899268150329590e-01,9.973126907425466925e-06,1.696665363759564116e-09,2.387396946801345621e-10
4.108519080503469922e-12,9.999969601631164551e-01,2.999677690240787342e-06,7.004100077701025384e-10,6.539440516872829789e-11
1.724891583732013345e-11,9.999978542327880859e-01,2.198163429056876339e-06,1.409759642356789300e-09,2.317500080728507328e-10
1.793001511152247929e-11,9.999992847442626953e-01,6.566388606188411359e-07,1.277097538832094870e-09,1.297633805963371856e-10
8.396691328349525918e-12,9.999988079071044922e-01,1.183502035928540863e-06,2.956546341081889295e-09,3.451392505127159893e-10
2.799556593491292489e-11,9.999979734420776367e-01,2.028481731031206436e-06,1.407006955389533687e-08,2.254483044694666205e-09
5.117593848691370795e-12,9.999990463256835938e-01,9.129830687015783042e-07,7.865303075504925800e-09,2.384566155644307628e-10
1.700171036941866554e-12,9.999996423721313477e-01,4.002702667094126809e-07,8.678822993601897906e-09,1.403499677588015970e-10
1.647705084352468763e-12,9.999992847442626953e-01,6.577325279977230821e-07,1.878117039666449273e-08,2.069740767662864300e-10
2.372107068063233903e-12,9.999993443489074707e-01,5.928657174081308767e-07,1.810447791683600371e-08,2.694553469240190680e-10
1.784328219033015639e-12,9.999996423721313477e-01,3.351097461745666806e-07,2.793043130111527717e-08,1.409551919628881933e-10
1.651588761586442189e-11,9.999997615814208984e-01,2.976096595830313163e-07,4.164297706665820442e-08,9.801445766122185432e-11
4.972754985566041341e-10,9.999971985816955566e-01,2.344731001358013600e-06,3.601263074415328447e-07,2.279540334271246138e-09
3.243356516691164870e-08,9.999772906303405762e-01,1.460084877180634066e-05,7.976758752192836255e-06,4.879378323607852508e-08
1.603267563154986419e-08,9.998993873596191406e-01,8.362453809240832925e-05,1.695774153631646186e-05,7.046853056635882240e-08
2.318809810830657625e-09,9.992163777351379395e-01,7.631490007042884827e-04,2.034088902291841805e-05,1.622337322260136716e-07
1.296285717655720759e-10,9.991660118103027344e-01,8.131070062518119812e-04,2.078508623526431620e-05,4.725108482261930476e-08
6.989592793438248464e-10,9.945427179336547852e-01,5.378318950533866882e-03,7.855079456930980086e-05,3.300603736988705350e-07
7.998013362708888963e-11,9.990582466125488281e-01,9.260785882361233234e-04,1.552672983962111175e-05,1.462045275957279955e-07
4.907890982508433808e-09,9.989231228828430176e-01,1.041091163642704487e-03,3.388326877029612660e-05,1.853994831435556989e-06
7.939066293261021201e-09,9.983174800872802734e-01,1.665507443249225616e-03,1.492203045927453786e-05,2.111100457113934681e-06
2.632282480874437169e-08,9.979669451713562012e-01,2.017739228904247284e-03,1.233266812050715089e-05,2.905798737629083917e-06
3.303908613361272728e-08,9.944676160812377930e-01,5.514664109796285629e-03,1.436715137970168144e-05,3.315954700155998580e-06
4.571894862692715833e-08,9.909536838531494141e-01,9.033204056322574615e-03,1.127172345150029287e-05,1.888395786409091670e-06
7.018037706529867137e-09,9.951022863388061523e-01,4.874437581747770309e-03,2.203579788329079747e-05,1.134204580921505112e-06
7.167818005804349468e-10,9.982967376708984375e-01,1.698152627795934677e-03,4.839071607420919463e-06,1.907415736468465184e-07
6.040485800440364983e-08,9.720108509063720703e-01,2.796722762286663055e-02,2.068021422019228339e-05,1.117734655053936876e-06
1.167180796457500946e-10,9.576569795608520508e-01,4.233366996049880981e-02,6.186175141920102760e-06,3.144019046885659918e-06
2.258812026312284615e-10,9.718970656394958496e-01,2.807787247002124786e-02,1.742106542224064469e-05,7.641383490408770740e-06
3.266977521843017485e-10,9.423237442970275879e-01,5.766887962818145752e-02,6.336155820463318378e-06,1.171583789982832968e-06
1.955452933907508850e-02,6.440284252166748047e-01,6.457652151584625244e-02,1.430676691234111786e-02,2.575337290763854980e-01
6.237312055734633987e-11,9.690598845481872559e-01,3.093368001282215118e-02,6.307193416432710364e-06,8.392529338152598939e-08
6.161342269717096087e-11,9.587731957435607910e-01,4.122189432382583618e-02,4.811135568161262199e-06,5.467449071261398785e-08
2.417810049393231964e-11,9.895735383033752441e-01,1.042512897402048111e-02,1.348861474070872646e-06,4.960045263402435012e-09
6.620738245838309055e-12,9.838106036186218262e-01,1.618630066514015198e-02,3.028846322195022367e-06,2.037983559688427704e-09
2.005799389429019364e-12,9.955281615257263184e-01,4.469713661819696426e-03,2.186803612858057022e-06,2.812012400710273141e-09
3.347653751428758540e-11,9.447474479675292969e-01,5.524441227316856384e-02,8.162285666912794113e-06,1.393134230198711521e-08
6.045232314733084422e-09,7.505347952246665955e-03,9.924652576446533203e-01,2.898286402341909707e-05,3.560389814083464444e-07
4.030544914712663740e-06,3.138164803385734558e-02,9.682268500328063965e-01,2.397964562987908721e-04,1.476396573707461357e-04
2.353827177614675747e-08,2.581305429339408875e-02,9.741804599761962891e-01,4.105597781745018438e-06,2.269972355861682445e-06
1.066249311065803340e-09,9.921466708183288574e-01,7.849249988794326782e-03,4.044364231958752498e-06,6.265867114052525721e-08
4.297664890628993817e-09,9.808061718940734863e-01,1.918540522456169128e-02,8.267799785244278610e-06,2.279558941609138856e-08
2.309903202046825754e-08,9.994155168533325195e-01,5.829458241350948811e-04,1.551050218040472828e-06,1.794937531940377085e-08
2.693749303478432111e-12,9.999666810035705566e-01,3.333137647132389247e-05,1.169396846023573744e-08,6.353784165469278378e-11
2.568198041383307206e-12,9.997943043708801270e-01,2.055395743809640408e-04,9.237876952283841092e-08,2.202699134201679954e-09
5.545673295581643458e-12,9.996957778930664062e-01,3.041002491954714060e-04,1.100289850342051068e-07,4.394471453394999116e-10
8.390932393353978114e-11,9.999368190765380859e-01,6.319521344266831875e-05,5.301498262610948586e-08,3.428598793764336961e-10
5.962493276889802019e-10,9.999823570251464844e-01,1.764539229043293744e-05,2.423146128194275661e-08,1.975604679849141121e-10
4.505097683793479746e-10,9.999768733978271484e-01,2.310212948941625655e-05,5.548816162104230898e-08,1.344993560969953705e-10
1.491245571472177289e-09,9.998600482940673828e-01,1.395744911860674620e-04,3.944816455714317271e-07,7.798570123007664279e-10
3.990520802688024560e-09,9.996694326400756836e-01,3.297836810816079378e-04,8.152052259902120568e-07,1.450576214701015942e-09
1.277426386891988841e-09,9.996473789215087891e-01,3.519049787428230047e-04,7.470626997019280680e-07,8.579114640916429835e-10
1.350907496977526989e-09,9.993609189987182617e-01,6.376813980750739574e-04,1.366768515254079830e-06,1.847736519344778117e-09
4.150559895776950725e-10,9.996141791343688965e-01,3.844361635856330395e-04,1.393022671436483506e-06,1.070994404273051259e-09
7.984112676551191612e-11,9.998046159744262695e-01,1.950641744770109653e-04,2.557955269821832189e-07,4.097176209416630854e-10
8.811363097493973839e-12,9.999044537544250488e-01,9.558020974509418011e-05,4.428612854212587990e-08,4.537860365250168115e-10
4.104072637289846170e-11,9.997612833976745605e-01,2.386061241850256920e-04,9.603105866062833229e-08,5.406642911154335707e-10
3.463201253550707293e-11,9.998154640197753906e-01,1.843261998146772385e-04,8.718547661601405707e-08,2.665336007456886591e-10
6.002084246281569335e-11,9.999012947082519531e-01,9.860551654128357768e-05,9.387397881255310494e-08,2.189699949139978230e-10
8.972260434614298674e-11,9.999145269393920898e-01,8.524738223059102893e-05,2.705336044073192170e-07,3.523024649787487306e-10
3.892647315595354485e-10,9.996896386146545410e-01,3.057347785215824842e-04,4.482658368942793459e-06,6.768324123385127677e-09
1.158568796455483607e-09,9.997881650924682617e-01,2.002745313802734017e-04,1.146898557635722682e-05,3.023619399300514488e-08
4.798492980739865743e-08,9.988562464714050293e-01,1.059292699210345745e-03,8.387789421249181032e-05,4.849163133258116432e-07
1.943427641037942522e-08,9.967072010040283203e-01,3.177112899720668793e-03,1.145237838500179350e-04,1.068645246959931683e-06
1.112072212094972201e-09,9.885050058364868164e-01,1.135002076625823975e-02,1.410878321621567011e-04,3.908707185473758727e-06
1.726958094756814166e-12,9.761242270469665527e-01,2.387198992073535919e-02,3.194047849319758825e-06,6.214305585672263987e-07
2.701690086925889744e-11,8.819684386253356934e-01,1.180279180407524109e-01,3.023230419785249978e-06,6.624816251132870093e-07
2.813579147442624162e-09,7.958960533142089844e-01,2.040817290544509888e-01,2.182520984206348658e-05,3.292298060841858387e-07
1.388104010402457789e-06,9.555665254592895508e-01,4.325355961918830872e-02,1.177365658804774284e-03,1.139242044700949918e-06
5.343136599833542277e-09,9.910942912101745605e-01,8.583392947912216187e-03,3.222182858735322952e-04,9.258904043463189737e-08
1.808529714875106720e-11,9.943081140518188477e-01,5.665709730237722397e-03,2.604059591249097139e-05,9.573516024374839617e-08
3.263759262850385312e-09,9.704788327217102051e-01,2.937605790793895721e-02,1.449625706300139427e-04,6.521688078464649152e-08
7.455835948633193766e-11,9.729780554771423340e-01,2.697188220918178558e-02,5.001837780582718551e-05,1.156695432769083709e-07
4.150256874280167096e-11,9.892089962959289551e-01,1.077776402235031128e-02,1.323434025835013017e-05,2.738848436933949415e-08
8.008306240370188789e-10,9.762189984321594238e-01,2.376865595579147339e-02,1.239134326169732958e-05,3.428588968290569028e-08
8.176854193742144616e-10,9.393495321273803711e-01,6.062920764088630676e-02,2.126648723788093776e-05,6.036109567730818526e-08
8.465626745619847515e-13,9.912106990814208984e-01,8.788526058197021484e-03,7.557801495750027243e-07,1.313231923205648854e-08
1.457643576154021847e-12,9.976304769515991211e-01,2.368617570027709007e-03,8.559383672945841681e-07,6.054209134020993588e-09
5.917418464951307300e-12,9.763488769531250000e-01,2.364988066256046295e-02,1.301127326769346837e-06,1.074253930255508749e-08
1.280515884299893159e-11,9.623201489448547363e-01,3.767646476626396179e-02,3.469408056844258681e-06,6.136531727207739095e-09
2.363505051394820811e-11,9.911018610000610352e-01,8.895943872630596161e-03,2.086177119053900242e-06,1.197543397779554653e-09
4.266361569582599600e-12,9.930580258369445801e-01,6.941365078091621399e-03,6.357591928463079967e-07,4.535221087564877962e-10
3.004433724376753823e-13,9.961673617362976074e-01,3.832046175375580788e-03,6.043987355042190757e-07,8.061880329979231874e-11
1.566369538415213203e-12,9.897056221961975098e-01,1.028784457594156265e-02,6.607613158848835155e-06,9.100911690929081033e-10
5.897173721569615168e-11,9.520537853240966797e-01,4.787363857030868530e-02,7.247039320645853877e-05,1.993761600260768319e-08
2.828870947269024327e-06,1.628285199403762817e-01,8.369097709655761719e-01,2.078515681205317378e-04,5.101793794892728329e-05
3.882256569340825081e-03,5.560364723205566406e-01,3.183317184448242188e-01,1.178323924541473389e-01,3.917096182703971863e-03
2.529610743096100123e-09,9.988883137702941895e-01,1.108137425035238266e-03,3.419723498154780827e-06,1.240784968103980646e-07
1.387149062281878287e-09,9.948383569717407227e-01,4.950432106852531433e-03,2.110786590492352843e-04,6.625084836286987411e-08
1.321304488044461323e-08,9.939783215522766113e-01,6.002480629831552505e-03,1.911416620714589953e-05,2.184954439599096077e-08
3.836852363603426852e-11,9.998253583908081055e-01,1.744236942613497376e-04,2.096481352964474354e-07,1.261054261014749045e-09
8.002210005741972054e-11,9.999235868453979492e-01,7.559200457762926817e-05,8.600000001024454832e-07,4.670805520134990729e-09
2.962341760781583844e-10,9.999653100967407227e-01,3.424414899200201035e-05,5.038500603404827416e-07,1.039105024247533038e-09
1.075538880179749412e-09,9.999500513076782227e-01,4.953276948072016239e-05,3.391216694126342190e-07,1.184754738758897474e-09
1.006814409620915285e-09,9.999246597290039062e-01,7.500467472709715366e-05,3.012450520145648625e-07,5.903625921455102343e-10
3.989750196886632239e-10,9.999074339866638184e-01,9.223585948348045349e-05,3.092367535373341525e-07,2.840814805615821115e-10
2.173823100692917620e-11,9.998569488525390625e-01,1.428700925316661596e-04,1.633032411518797744e-07,9.550994717333338713e-11
9.872494315110724727e-12,9.996631145477294922e-01,3.368290781509131193e-04,1.446971538143770886e-07,1.249975817296800074e-10
1.321244502694440826e-11,9.994942545890808105e-01,5.056179361417889595e-04,1.622895808850444155e-07,2.613738947498944754e-10
2.606205702637698352e-11,9.996925592422485352e-01,3.073347324971109629e-04,1.684926758116489509e-07,3.079783927883994465e-10
4.467948233610741227e-11,9.994536042213439941e-01,5.460568936541676521e-04,3.030101538570306730e-07,1.140004424193818977e-09
4.612511414481268446e-11,9.995845556259155273e-01,4.149846208747476339e-04,3.091763005613756832e-07,2.195426063167360553e-09
2.429046894181219329e-11,9.998800754547119141e-01,1.197440142277628183e-04,1.773849049868658767e-07,7.467894636015159904e-10
5.653350357293085438e-11,9.995497465133666992e-01,4.494027525652199984e-04,7.960263701534131542e-07,5.293725013899575060e-09
1.696868340284041210e-10,9.995798468589782715e-01,4.169009334873408079e-04,3.272185040259500965e-06,1.882172995237851865e-08
5.659384072487227968e-10,9.996153116226196289e-01,3.775648365262895823e-04,6.987907909206114709e-06,5.604466579711697705e-08
1.669156340922128834e-10,9.963797330856323242e-01,3.607471240684390068e-03,1.273823272640584037e-05,7.624756648283437244e-08
1.196744259246429465e-09,9.885317683219909668e-01,1.087156031280755997e-02,5.906738806515932083e-04,5.940410119364969432e-06
1.578645214550533638e-09,9.958392381668090820e-01,2.228556899353861809e-03,5.349498242139816284e-04,1.397317857481539249e-03
1.708952801493524021e-08,9.961745738983154297e-01,8.158037671819329262e-04,1.904306991491466761e-04,2.819104352965950966e-03
7.762661766719247680e-07,9.768800139427185059e-01,8.582439273595809937e-03,1.399384229443967342e-03,1.313728839159011841e-02
3.872368381507840240e-08,9.742339849472045898e-01,2.025629580020904541e-02,5.502670537680387497e-03,6.859922450530575588e-06
1.051522091621848176e-09,9.800415635108947754e-01,1.957448385655879974e-02,3.838915436062961817e-04,9.965919645082976785e-08
4.442209794452978144e-11,9.863495230674743652e-01,1.357223745435476303e-02,7.814768468961119652e-05,6.963342791266313725e-09
3.831242961771508249e-11,9.949343204498291016e-01,5.011344328522682190e-03,5.435925049823708832e-05,9.002744660868700066e-10
3.186916702757613962e-11,9.923077821731567383e-01,7.667038589715957642e-03,2.514528023311868310e-05,1.468952071093099221e-09
4.411180795638180996e-11,9.861328005790710449e-01,1.386031974107027054e-02,6.764443696738453582e-06,1.070506239209123578e-09
1.372787213765880310e-11,9.824940562248229980e-01,1.750102266669273376e-02,4.895496658718911931e-06,4.504144002215326736e-10
2.838592555454155786e-11,9.865402579307556152e-01,1.345242187380790710e-02,7.255492619151482359e-06,1.448143382987154837e-09
1.358583939792268325e-10,9.787319898605346680e-01,2.125361002981662750e-02,1.442426309949951246e-05,1.397724713747550140e-09
1.422035822429279506e-10,9.724761843681335449e-01,2.749727293848991394e-02,2.654490890563465655e-05,1.537945881757707411e-09
1.327423587715870212e-10,9.488631486892700195e-01,5.110199376940727234e-02,3.480654413579031825e-05,7.826514547559781931e-09
8.169086934683988943e-11,8.609744310379028320e-01,1.389981508255004883e-01,2.736403803282883018e-05,1.713885033893802756e-08
2.066212445583914814e-08,4.031301438808441162e-01,5.968213081359863281e-01,4.838270979234948754e-05,1.030465313078821055e-07
1.446777542213339984e-08,5.788075327873229980e-01,4.211583137512207031e-01,3.376903987373225391e-05,4.672061777455382980e-07
1.248715797430577368e-09,3.016975224018096924e-01,6.980133652687072754e-01,2.879748062696307898e-04,1.115897362069517840e-06
8.088966829689070437e-09,1.828108727931976318e-01,8.170998692512512207e-01,8.839084330247715116e-05,8.741155284042179119e-07
2.082157152472063899e-05,2.154119908809661865e-01,7.811539769172668457e-01,3.303112229332327843e-03,1.099850924219936132e-04
8.228200898408033481e-10,8.039236664772033691e-01,1.960688382387161255e-01,5.942767074884613976e-06,1.574691509631520603e-06
4.716365609169770323e-08,7.498094439506530762e-01,2.497295588254928589e-01,2.138103154720738530e-04,2.470804320182651281e-04
2.281599087439190043e-08,3.343259394168853760e-01,6.648938059806823730e-01,8.882535621523857117e-05,6.913521792739629745e-04
2.404017207524589139e-09,8.102763444185256958e-02,9.181938171386718750e-01,6.643493543379008770e-05,7.120879017747938633e-04
1.285164419329021257e-08,5.357648432254791260e-02,9.461300969123840332e-01,9.444118768442422152e-05,1.989429583773016930e-04
1.573385510766911466e-08,2.362983301281929016e-02,9.763422012329101562e-01,1.759153929015155882e-05,1.028951191983651370e-05
5.179694562684744596e-05,2.166231349110603333e-02,9.745077490806579590e-01,1.196492230519652367e-03,2.581611275672912598e-03
4.032695954947485006e-09,1.792728528380393982e-02,9.820692539215087891e-01,1.738583705446217209e-06,1.583548055350547656e-06
2.084943745428446960e-10,1.752432808279991150e-02,9.824753999710083008e-01,1.732080505689737038e-07,6.595279700150058488e-08
5.575087613785001395e-10,1.312454640865325928e-01,8.687537908554077148e-01,5.480910658661741763e-07,7.744711183477193117e-08
2.536418186593891733e-09,1.721013784408569336e-01,8.278977870941162109e-01,7.978663916219375096e-07,1.119408992167336692e-07
2.127790832417986167e-09,4.677242338657379150e-01,5.322740674018859863e-01,1.527183940197573975e-06,1.976022048211234505e-07
1.183654729786098869e-09,4.774783551692962646e-01,5.225101709365844727e-01,1.094583967642392963e-05,5.281235075926815625e-07
3.665721615142558676e-10,3.763513565063476562e-01,6.236411929130554199e-01,7.012709374976111576e-06,4.018828576590749435e-07
5.116769230539830460e-10,4.449788630008697510e-01,5.550122857093811035e-01,8.422516657446976751e-06,3.920644360277947271e-07
1.073151567609897938e-09,1.684188246726989746e-01,8.315697908401489258e-01,1.070396046998212114e-05,6.039124400558648631e-07
3.662019576466946091e-09,8.670217357575893402e-03,9.913102388381958008e-01,1.665512900217436254e-05,2.849633801815798506e-06
3.771151391163130029e-09,1.501437509432435036e-03,9.984793066978454590e-01,1.226894528372213244e-05,7.014889888523612171e-06
1.011183492494183156e-08,1.396488025784492493e-02,9.859488010406494141e-01,7.391010876744985580e-05,1.245656858372967690e-05
1.050462294927001494e-08,1.794660650193691254e-02,9.819477796554565430e-01,9.411094652023166418e-05,1.151728974946308881e-05
3.676485560433206956e-09,4.769799113273620605e-02,9.522333145141601562e-01,6.634154851781204343e-05,2.377760893068625592e-06
6.397727680962361774e-09,1.817850768566131592e-01,8.169838190078735352e-01,3.665984550025314093e-04,8.644309127703309059e-04
1.647341605348628946e-07,5.429208874702453613e-01,4.485250413417816162e-01,5.236070719547569752e-04,8.030353114008903503e-03
1.356307421929159318e-07,1.813882738351821899e-01,8.063148260116577148e-01,3.481376625131815672e-04,1.194858830422163010e-02
1.193674137311973027e-08,6.085422821342945099e-03,9.936796426773071289e-01,6.961206236155703664e-05,1.652404316700994968e-04
1.071980015865392488e-08,3.640363691374659538e-03,9.963412284851074219e-01,6.374958957167109475e-06,1.206296201416989788e-05
2.502192728570662439e-06,3.941478207707405090e-03,9.954457879066467285e-01,1.692057994659990072e-04,4.409688699524849653e-04
1.635731194937761757e-08,1.407933421432971954e-02,9.859123826026916504e-01,6.354667220875853673e-06,1.920751401485176757e-06
1.182194342419506938e-10,5.433517508208751678e-03,9.945663809776306152e-01,6.729696622187475441e-08,1.777751812426231481e-08
2.087721245880302945e-10,1.685545034706592560e-02,9.831444025039672852e-01,1.130805031834825058e-07,1.422924533756031451e-08
1.002221750034948400e-09,1.883725263178348541e-02,9.811611771583557129e-01,1.351525611426040996e-06,6.705225530367897591e-08
2.026792289555601201e-09,7.751905918121337891e-02,9.224559664726257324e-01,2.440692696836777031e-05,5.298508654050237965e-07
1.931339310701218892e-09,9.433709084987640381e-02,9.056187868118286133e-01,4.327615170041099191e-05,7.845945333428971935e-07
9.974276959923145114e-10,1.787959784269332886e-01,8.211742043495178223e-01,2.944868356280494481e-05,4.135252140713419067e-07
7.040222294030229477e-10,8.996378630399703979e-02,9.100255370140075684e-01,1.046391389536438510e-05,1.888753331513726152e-07
6.911404226705997189e-10,2.564162015914916992e-01,7.435699701309204102e-01,1.348069963569287211e-05,3.253829561344900867e-07
3.076134014179388032e-09,1.257290989160537720e-01,8.742511272430419922e-01,1.953140599653124809e-05,3.501526180116343312e-07
4.000817011018398262e-09,5.985919851809740067e-03,9.939771890640258789e-01,3.380258203833363950e-05,3.027486172868520953e-06
3.014267946355175809e-08,1.458184886723756790e-02,9.853775501251220703e-01,3.033626308024395257e-05,1.020664331008447334e-05
1.322413299931213260e-05,6.176387146115303040e-02,9.372640252113342285e-01,6.343886489048600197e-04,3.244674880988895893e-04
2.498104834103287430e-07,7.186145782470703125e-01,2.808833122253417969e-01,1.554045447846874595e-04,3.464969340711832047e-04
1.556381334921752568e-06,1.690887361764907837e-01,8.122829794883728027e-01,4.843828268349170685e-03,1.378289330750703812e-02
1.078330910786462482e-06,2.366616427898406982e-01,7.230146527290344238e-01,2.169969025999307632e-03,3.815261647105216980e-02
1.563089142564422218e-07,3.991423919796943665e-02,9.528908729553222656e-01,5.247780936770141125e-04,6.669915746897459030e-03
7.527938095108765992e-08,7.006436120718717575e-03,9.824995398521423340e-01,5.712588899768888950e-04,9.922576136887073517e-03
9.815024526460547349e-08,4.002621397376060486e-03,9.864723682403564453e-01,1.143431756645441055e-03,8.381493389606475830e-03
3.462659776687360136e-07,6.701757665723562241e-03,9.883680343627929688e-01,2.145108534023165703e-03,2.784748096019029617e-03
7.861737572056881618e-08,3.494042670354247093e-03,9.957882761955261230e-01,5.545180174522101879e-04,1.631970080779865384e-04
1.217918088514124975e-05,2.145843580365180969e-02,9.745254516601562500e-01,2.018257742747664452e-03,1.985588576644659042e-03
2.428439138668636588e-08,1.697314716875553131e-02,9.828407764434814453e-01,7.410052057821303606e-05,1.119917942560277879e-04
4.401511599638752159e-09,5.610214918851852417e-02,9.438782334327697754e-01,6.618460702156880870e-06,1.303755016124341637e-05
3.900951561774945731e-09,1.306517142802476883e-02,9.869261384010314941e-01,6.876566203573020175e-06,1.810377170841093175e-06
1.901111268409749755e-08,2.853754907846450806e-02,9.714444875717163086e-01,1.719865758786909282e-05,6.970061008360062260e-07
7.739479279678107559e-09,7.096398621797561646e-03,9.928976297378540039e-01,5.558896191359963268e-06,3.728684419002092909e-07
6.048115341883431029e-09,5.580025725066661835e-03,9.944182634353637695e-01,1.572527480675489642e-06,1.010150754154892638e-07
9.326143413090903778e-09,1.078781113028526306e-02,9.892103672027587891e-01,1.641300514165777713e-06,1.529255513332827832e-07
5.522701851390365846e-09,1.126982867717742920e-01,8.872995376586914062e-01,2.078406396321952343e-06,1.306602825934533030e-07
5.488343113313476351e-09,3.069247305393218994e-01,6.930733323097229004e-01,1.781409196155436803e-06,1.210262325912481174e-07
1.579218178449082188e-08,2.200823575258255005e-01,7.799082398414611816e-01,8.840564078127499670e-06,5.505852982423675712e-07
3.288259220468603417e-09,1.309464126825332642e-02,9.868438839912414551e-01,5.901384065509773791e-05,2.437841658320394345e-06
8.047302981140092015e-05,1.363411545753479004e-01,8.604942560195922852e-01,6.128105451352894306e-04,2.471241634339094162e-03
4.173836259724339470e-06,7.541311979293823242e-01,2.447348982095718384e-01,6.055238191038370132e-04,5.241581238806247711e-04
1.515414169261930510e-05,3.596086204051971436e-01,6.262852549552917480e-01,4.338547587394714355e-03,9.752403944730758667e-03
1.518575913905806374e-06,5.998130515217781067e-02,9.260144829750061035e-01,4.887303337454795837e-03,9.115298278629779816e-03
3.435171265664394014e-06,4.074564874172210693e-01,5.617864131927490234e-01,5.228563211858272552e-03,2.552504464983940125e-02
3.145797563774976879e-06,1.184526905417442322e-01,8.638973236083984375e-01,3.438886720687150955e-03,1.420805323868989944e-02
1.057069403032073751e-05,4.622849449515342712e-02,9.471107125282287598e-01,1.194873009808361530e-03,5.455379839986562729e-03
2.110461139182007173e-07,1.067943964153528214e-02,9.887592792510986328e-01,1.462822983739897609e-04,4.147794388700276613e-04
2.462289103277726099e-06,1.768449321389198303e-02,9.809186458587646484e-01,7.026738021522760391e-04,6.916142883710563183e-04
3.551855625119060278e-04,9.595683217048645020e-02,8.987679481506347656e-01,3.090699203312397003e-03,1.829229877330362797e-03
3.750500070509588113e-07,1.115671545267105103e-02,9.887500405311584473e-01,5.604320176644250751e-05,3.677057975437492132e-05
1.303175567457515172e-09,6.455419585108757019e-03,9.935432076454162598e-01,9.948489605449140072e-07,4.065057623847678769e-07
7.409213242937084942e-10,6.697036325931549072e-03,9.933024644851684570e-01,3.483726231934269890e-07,7.789956413262189017e-08
5.709532402420336439e-09,1.890700776129961014e-03,9.981088042259216309e-01,4.765391565797472140e-07,1.182899893592548324e-07
2.731846926451453328e-08,7.674932014197111130e-03,9.923244118690490723e-01,5.150214406057784799e-07,8.087520342314746813e-08
3.503534884430337115e-08,1.274223066866397858e-02,9.872566461563110352e-01,1.048695594363380224e-06,6.448733103070480865e-08
2.041793756291099271e-08,6.749208271503448486e-02,9.325038790702819824e-01,3.935443146474426612e-06,5.013683690435755125e-08
1.079950706639465352e-08,8.517770469188690186e-02,9.148210287094116211e-01,1.116028329306573141e-06,5.532879399083867611e-08
5.033457650682748863e-09,1.397992521524429321e-01,8.601995706558227539e-01,9.759251042851246893e-07,1.633234916198489373e-07
1.494001367063901853e-07,9.372074902057647705e-02,9.062618017196655273e-01,1.647313547437079251e-05,8.009578209566825535e-07
2.246405905736992281e-08,9.117908775806427002e-02,9.087798595428466797e-01,3.843932427116669714e-05,2.567625415395013988e-06
2.849312977559748106e-06,8.512013405561447144e-02,9.147141575813293457e-01,6.154707079986110330e-05,1.012934444588609040e-04
2.030868273550368031e-08,1.187492534518241882e-01,8.811635971069335938e-01,5.535320815397426486e-05,3.165287489537149668e-05
2.510582497450286610e-08,5.210931599140167236e-02,9.473103284835815430e-01,4.840410547330975533e-04,9.629321721149608493e-05
1.886839555709229899e-07,1.639346033334732056e-01,8.358317017555236816e-01,2.250529796583577991e-04,8.354103556484915316e-06
1.180097584096984065e-07,5.813837796449661255e-02,9.412844181060791016e-01,2.777912595774978399e-04,2.992919762618839741e-04
2.167533352803729940e-08,5.596117302775382996e-02,9.387470483779907227e-01,4.098417703062295914e-04,4.881948698312044144e-03
9.771944142755728535e-09,3.381083160638809204e-02,9.639763832092285156e-01,5.397875793278217316e-04,1.673073973506689072e-03
2.286199141110500932e-08,1.797798834741115570e-02,9.762080907821655273e-01,2.616368001326918602e-03,3.197603393346071243e-03
5.048989137890202983e-08,3.373658051714301109e-03,9.920506477355957031e-01,4.016321618109941483e-03,5.592742236331105232e-04
7.713806482456675440e-09,2.605608664453029633e-03,9.966971874237060547e-01,6.398604018613696098e-04,5.733634679927490652e-05
6.971967891900021641e-09,2.978686708956956863e-03,9.969786405563354492e-01,3.755743819056078792e-05,5.119429715705337003e-06
3.464981856993176734e-09,2.949264366179704666e-03,9.970386624336242676e-01,1.032577438309090212e-05,1.608687853149604052e-06
3.189980546380866144e-08,2.565814182162284851e-03,9.973756074905395508e-01,5.601290831691585481e-05,2.622600504764704965e-06
7.001462165590055520e-08,6.216049194335937500e-03,9.937488436698913574e-01,3.313452907605096698e-05,1.798307835088053253e-06
2.889194128385952354e-08,1.208790671080350876e-02,9.878916740417480469e-01,2.024820059887133539e-05,2.144984563301477465e-07
8.473930890318115416e-09,1.885265856981277466e-02,9.810954332351684570e-01,5.167611379874870181e-05,6.695601939554762794e-08
7.739745733204017597e-09,1.490333024412393570e-02,9.849936366081237793e-01,1.028874103212729096e-04,1.228436303790658712e-07
1.925204662356350127e-09,4.945857822895050049e-01,5.049891471862792969e-01,4.248396726325154305e-04,2.363500755109271267e-07
8.826397390748752514e-09,6.106454730033874512e-01,3.701142668724060059e-01,1.923954859375953674e-02,6.592937324967351742e-07
1.417458150854145060e-08,7.572205364704132080e-02,7.722249627113342285e-01,1.520509719848632812e-01,2.023326942435232922e-06
2.826947920198108477e-08,3.660572320222854614e-02,7.822988033294677734e-01,1.810845434665679932e-01,1.088679073291132227e-05
1.889036127522558672e-07,1.460349857807159424e-01,7.843095660209655762e-01,6.965009868144989014e-02,5.068595783086493611e-06
9.330112220595765393e-07,1.334381941705942154e-02,2.746575698256492615e-02,9.577871561050415039e-01,1.402380759827792645e-03
1.629984581086318940e-05,3.167000040411949158e-02,1.039934083819389343e-01,8.626022934913635254e-01,1.718003535643219948e-03
1.353667030343785882e-04,1.555564105510711670e-01,1.732023060321807861e-01,6.681180596351623535e-01,2.987850690260529518e-03
3.128866082988679409e-04,3.466347754001617432e-01,1.463916432112455368e-02,6.357876062393188477e-01,2.625605091452598572e-03
9.464147296966984868e-06,9.717814326286315918e-01,4.825610667467117310e-03,2.337712235748767853e-02,6.364917226164834574e-06
4.367038570762815652e-07,9.502581954002380371e-01,1.799057796597480774e-02,3.174852579832077026e-02,2.256319248772342689e-06
3.283950320565054426e-07,7.901993393898010254e-01,1.393894664943218231e-02,1.958584040403366089e-01,3.052898591704433784e-06
9.020952234095602762e-07,2.960193157196044922e-02,9.854122065007686615e-03,9.605420827865600586e-01,9.036227197611879092e-07
9.031962235894752666e-07,9.922755882143974304e-03,1.461636275053024292e-02,9.754544496536254883e-01,5.456011422211304307e-06
1.600681935087777674e-05,5.137777924537658691e-01,4.297569766640663147e-02,4.431760609149932861e-01,5.437662184704095125e-05
7.119401743693742901e-06,9.025613665580749512e-01,1.024949480779469013e-03,9.638472646474838257e-02,2.183770266128703952e-05
1.097003554662023816e-08,8.585599134676158428e-04,1.234221599588636309e-06,9.991187453269958496e-01,2.149867032130714506e-05
2.249739964099717326e-06,6.309939175844192505e-02,2.533092536032199860e-02,9.003593921661376953e-01,1.120803784579038620e-02
3.759287547921985606e-09,2.991721266880631447e-03,2.313144977961201221e-05,9.969724416732788086e-01,1.268421510758344084e-05
4.592483282550574586e-09,1.029557920992374420e-02,7.812451076461002231e-05,9.896166920661926270e-01,9.527938345854636282e-06
3.140109727794992978e-09,1.852024579420685768e-03,8.158804121194407344e-05,9.980348944664001465e-01,3.152087447233498096e-05
8.903342507693423613e-10,8.218995644710958004e-04,3.081584145547822118e-05,9.991455674171447754e-01,1.668406980570580345e-06
1.745592825841413287e-08,3.688050433993339539e-02,2.247934316983446479e-04,9.628739953041076660e-01,2.074098847515415400e-05
3.344858851050958037e-05,4.977083504199981689e-01,3.775639459490776062e-03,4.983863532543182373e-01,9.624079393688589334e-05
3.000043761858250946e-06,4.392670094966888428e-01,5.717941094189882278e-03,5.549768805503845215e-01,3.519128586049191654e-05
7.722879757920964039e-08,1.065334618033375591e-05,1.553658148623071611e-05,9.999622106552124023e-01,1.151442302216310054e-05
1.352360357032011962e-07,3.741433465620502830e-05,2.719519579841289669e-05,9.998398423194885254e-01,9.546761430101469159e-05
2.403371901493756013e-08,2.061924533336423337e-05,1.093607861548662186e-04,9.994589686393737793e-01,4.110495501663535833e-04
7.643992461225934676e-08,1.144625730375992134e-05,4.258724511601030827e-04,9.992301464080810547e-01,3.324161516502499580e-04
2.697528600492660189e-08,7.799400918884202838e-05,6.013532984070479870e-04,9.992797374725341797e-01,4.080578946741297841e-05
1.482842204580947509e-08,8.423469262197613716e-04,1.295002759434282780e-03,9.978457093238830566e-01,1.696243270998820662e-05
4.846211254516674671e-08,3.677567874547094107e-04,1.323369098827242851e-03,9.982898831367492676e-01,1.902291114674881101e-05
2.968119261481660942e-08,2.169599756598472595e-04,5.885354708880186081e-03,9.938728809356689453e-01,2.483607568137813359e-05
1.781104259634957998e-07,2.151722321286797523e-03,1.824962720274925232e-02,9.795789122581481934e-01,1.966978743439540267e-05
2.331084658635518281e-07,3.732287150342017412e-04,1.093816477805376053e-02,9.886674880981445312e-01,2.085292908304836601e-05
8.439268981419445481e-07,9.833113290369510651e-04,1.229276880621910095e-02,9.866729974746704102e-01,5.010197128285653889e-05
5.045453690399881452e-07,1.553707697894424200e-04,1.846892992034554482e-03,9.979565739631652832e-01,4.068788985023275018e-05
2.549700411691446789e-06,1.381243328069103882e-05,1.611686195246875286e-03,9.981789588928222656e-01,1.930650178110226989e-04
6.328607014438603073e-06,2.855594211723655462e-04,4.092584829777479172e-03,9.952989220619201660e-01,3.165563684888184071e-04
2.213410198237397708e-06,1.418981810274999589e-05,7.333059329539537430e-04,9.987447857856750488e-01,5.055210203863680363e-04
2.330069430172443390e-03,6.290058791637420654e-02,5.265049263834953308e-02,8.364471197128295898e-01,4.567172750830650330e-02
5.518480247701518238e-05,2.277584047988057137e-03,5.006971186958253384e-04,9.000823497772216797e-01,9.708412736654281616e-02
1.497719068765945849e-07,1.548813884255650919e-06,7.397699164357618429e-08,9.999530315399169922e-01,4.522650851868093014e-05
7.571501896563859191e-07,2.266678933438015520e-07,9.512739040928863687e-08,9.999847412109375000e-01,1.421211072738515213e-05
9.925417998601915315e-08,6.488052406439237529e-08,5.693418714258768887e-08,9.999969005584716797e-01,2.815365860442398116e-06
6.153388909524437622e-08,1.242169105353241321e-07,2.477644400755707466e-08,9.999980330467224121e-01,1.715106577648839448e-06
1.474494037978502092e-08,2.078579939279734390e-07,2.618257255448952492e-08,9.999986886978149414e-01,1.076453713722003158e-06
1.720770370639002067e-08,2.285249962596935802e-07,1.155175777256545189e-08,9.999982118606567383e-01,1.463703370063740294e-06
1.582727406912454171e-07,2.043070708168670535e-07,4.136275322252913611e-08,9.999992847442626953e-01,2.746841119005694054e-07
1.925436237115718541e-07,6.443505071729305200e-07,2.606131204174744198e-07,9.999982714653015137e-01,5.882043296878691763e-07
9.440726955745049054e-08,5.004204126635158900e-07,2.129859666410993668e-07,9.999990463256835938e-01,1.783415939371479908e-07
9.233614406412016251e-08,1.940959606372416602e-07,7.697996551314645330e-08,9.999986886978149414e-01,8.942593581195978913e-07
8.684938279657217208e-08,2.178831692845051293e-07,1.683462613755182247e-08,9.999989271163940430e-01,7.465121143468422815e-07
7.056941342398204142e-08,3.099140144513512496e-07,2.246727426324923726e-08,9.999991059303283691e-01,3.635539087554207072e-07
6.122621698523289524e-08,2.495525848189572571e-07,3.719796382029016968e-08,9.999993443489074707e-01,2.560547613938979339e-07
6.475615066392492736e-08,5.517711656466417480e-07,3.632172251855081413e-08,9.999988079071044922e-01,5.434633862932969350e-07
1.184204663218224596e-07,5.874341013623052277e-07,8.045824984037608374e-08,9.999974966049194336e-01,1.757828272275219206e-06
8.229685732885627658e-08,1.037456058838870376e-06,8.951437280302343424e-08,9.999971985816955566e-01,1.522996626590611413e-06
5.669200220381753752e-08,4.003404967534152092e-07,5.394462831986857054e-08,9.999988079071044922e-01,7.428512276419496629e-07
8.067507195619327831e-08,2.423678608920454280e-07,1.522210979487681470e-08,9.999982118606567383e-01,1.474724854233500082e-06
3.492358189305377891e-07,7.917581967831210932e-08,1.745463151792137069e-08,9.999935626983642578e-01,5.972327926428988576e-06
2.442061486362945288e-07,1.685268102846748661e-08,7.435237758812718312e-09,9.999879598617553711e-01,1.176300975203048438e-05
4.262659558662562631e-07,2.748126171070452983e-08,6.769641291981542963e-09,9.999778270721435547e-01,2.173048414988443255e-05
7.602012601637397893e-07,1.405059979475709042e-08,7.842892557619052241e-09,9.999828338623046875e-01,1.642233110032975674e-05
2.735224029493110720e-07,2.622614125868949486e-09,3.515086222094510049e-09,9.999864697456359863e-01,1.317760325036942959e-05
2.551287252572365105e-07,5.577164507997167675e-09,4.734361791491892291e-09,9.999917745590209961e-01,7.912154615041799843e-06
5.856951901250795345e-08,6.811255115479752931e-09,2.149712852173024658e-09,9.999980330467224121e-01,1.812994696592795663e-06
3.061374087565127411e-08,2.107145746776950546e-08,1.567157847937039605e-09,9.999963045120239258e-01,3.657833303805091418e-06
3.039149376604655117e-08,2.491007045080095850e-08,7.582632299829583644e-10,9.999985694885253906e-01,1.451945763619733043e-06
1.365138846409763573e-08,2.334489579425280681e-08,1.249370940037408673e-09,9.999991059303283691e-01,7.933495567158388440e-07
5.324908158854668727e-08,1.100993074487632839e-07,1.412516503762617504e-08,9.999988079071044922e-01,1.038527102537045721e-06
2.484510908118409134e-08,1.517098695558161126e-07,4.760805438763782149e-08,9.999996423721313477e-01,1.233437103564938297e-07
1.035036678587175629e-08,1.154754443177807843e-07,7.265082757612617570e-08,9.999995231628417969e-01,2.292883891641395167e-07
1.682152195314756682e-09,1.803650349074814585e-07,2.875470954677439295e-07,9.999988079071044922e-01,6.109303285484202206e-07
2.978466084879727305e-10,1.235743667393762735e-07,1.442263908302265918e-07,9.999993443489074707e-01,3.435218616232305067e-07
3.583687373520660913e-07,4.046229378218413331e-07,2.566282546467846259e-07,9.999917149543762207e-01,7.356815785897197202e-06
2.307449307181741460e-07,4.832538706978084520e-07,6.064558988327917177e-07,9.999449849128723145e-01,5.367755147744901478e-05
7.199874119123705896e-08,2.627534740895498544e-06,1.195308868773281574e-06,9.999861717224121094e-01,9.965795470634475350e-06
4.261651440629066201e-07,1.076024182111723348e-05,4.197139332973165438e-06,9.999592304229736328e-01,2.539075831009540707e-05
3.994886810687603429e-06,9.581001359038054943e-05,1.998758307308889925e-05,9.998310208320617676e-01,4.920972423860803246e-05
4.795419044967275113e-06,8.334119047503918409e-05,3.718816151376813650e-04,9.994947314262390137e-01,4.534173058345913887e-05
2.207638317486271262e-06,4.399531462695449591e-05,9.096831199713051319e-04,9.986741542816162109e-01,3.699052322190254927e-04
4.458133844309486449e-07,1.050523496815003455e-04,1.905871322378516197e-03,9.979341030120849609e-01,5.449124000733718276e-05
7.014662060100818053e-06,4.878101754002273083e-05,1.197573379613459110e-03,9.985880851745605469e-01,1.585459685884416103e-04
1.059626902133459225e-05,4.457405011635273695e-04,2.092633396387100220e-03,9.973779320716857910e-01,7.309955253731459379e-05
3.400866489755571820e-06,2.957406650239136070e-05,4.577346553560346365e-04,9.994996190071105957e-01,9.704858712211716920e-06
2.763398242677794769e-06,3.950754035031422973e-05,8.016017382033169270e-04,9.990033507347106934e-01,1.527601998532190919e-04
3.954985459131421521e-06,3.057260300920461304e-06,2.692481211852282286e-04,9.996078610420227051e-01,1.158209415734745562e-04
3.466879570623859763e-05,1.235842717051127693e-07,1.312354434048756957e-04,9.997214674949645996e-01,1.124368645832873881e-04
7.587512664031237364e-05,1.094585897476463288e-07,9.142316412180662155e-05,9.997232556343078613e-01,1.092551829060539603e-04
1.473720885769580491e-06,9.277217571934670559e-08,7.709998317295685410e-05,9.998567700386047363e-01,6.461418524850159883e-05
4.013250418211100623e-06,1.318898193858331069e-05,3.268106083851307631e-04,9.986819624900817871e-01,9.740037494339048862e-04
2.081707585602998734e-03,2.863380871713161469e-02,5.693837883882224560e-04,9.683288335800170898e-01,3.862029407173395157e-04
2.656126707734074444e-05,1.710989861749112606e-03,9.017864795168861747e-05,9.979951381683349609e-01,1.771094830473884940e-04
6.566857724266128571e-09,2.923806277976837009e-06,2.622550482556107454e-06,9.999719262123107910e-01,2.242885966552421451e-05
1.387528225649248270e-08,5.723737558582797647e-06,4.589819127431837842e-06,9.999333620071411133e-01,5.628460348816588521e-05
2.295894585557789469e-09,1.397147713078084053e-07,7.784193201132438844e-08,9.999993443489074707e-01,3.582494798592961160e-07
2.798413056837034674e-08,2.053042635452584364e-06,3.156455079533770913e-07,9.999779462814331055e-01,1.972524114535190165e-05
3.936276371518943051e-08,7.396725322905695066e-06,2.059827437506100978e-07,9.999615550041198730e-01,3.088244557147845626e-05
1.549943995371450001e-08,3.021051270479802042e-06,5.321374629829733749e-08,9.999957084655761719e-01,1.236369143953197636e-06
1.060123722140815516e-08,1.739885874485480599e-06,7.068997831538581522e-08,9.999966621398925781e-01,1.461286274206941016e-06
4.074857784530649951e-09,5.761160082329297438e-07,2.169423574116535747e-08,9.999986886978149414e-01,6.563082592947466765e-07
1.388189474482715013e-07,1.021499883790966123e-05,2.841610182713338872e-07,9.999877810478210449e-01,1.451470893698569853e-06
5.416875410446664318e-07,2.175113513658288866e-05,1.276446823794685770e-06,9.999740719795227051e-01,2.329659082533908077e-06
1.840227525917725870e-07,9.152465281658805907e-06,4.843029728363035247e-07,9.999879598617553711e-01,2.184566938012721948e-06
1.420682451680477243e-07,5.752242032031062990e-06,1.708834673763703904e-07,9.999930858612060547e-01,8.452212796328240074e-07
6.032332180438970681e-07,7.626844762853579596e-06,1.584704421020433074e-07,9.999907016754150391e-01,9.338951940662809648e-07
7.565221835648117121e-07,1.209733909490751103e-05,2.884603418351616710e-07,9.999845027923583984e-01,2.457198661431903020e-06
8.418931543019425590e-07,3.691975507535971701e-06,1.910253786263638176e-07,9.999929070472717285e-01,2.274503685839590617e-06
3.608372196595155401e-07,2.794980673570535146e-06,9.221786712032553623e-08,9.999961256980895996e-01,6.046622047506389208e-07
3.644397850166569697e-07,2.332983058295212686e-06,1.401430012037963024e-07,9.999958872795104980e-01,1.110159132622356992e-06
1.635765478624762181e-08,1.605710480134803220e-07,5.696503890817439242e-08,9.999996423721313477e-01,1.904957969145470997e-07
3.970757944671277073e-09,3.666758914278034354e-07,2.653688113696262008e-07,9.999991059303283691e-01,1.899149708606273634e-07
2.134306287260301360e-09,1.001655732579820324e-06,1.124881237046793103e-06,9.999977350234985352e-01,2.206300706575348158e-07
1.135237237548381017e-09,8.625952574448092491e-08,5.224642336543183774e-07,9.999990463256835938e-01,2.644300707288493868e-07
3.039526319525975850e-08,1.690570528012358409e-08,2.634725149164296454e-07,9.999969005584716797e-01,2.779865553748095408e-06
1.586711277923313901e-07,2.079797525311732898e-07,1.500288703937258106e-06,9.999427199363708496e-01,5.549041816266253591e-05
4.590839353113551624e-08,3.238893441448453814e-06,5.701841473637614399e-06,9.998291134834289551e-01,1.618948735995218158e-04
1.387442353006917983e-06,1.053231972036883235e-04,6.668058631476014853e-05,9.994451403617858887e-01,3.814551455434411764e-04
1.113601683755405247e-05,2.714043657761067152e-04,9.149669494945555925e-05,9.995042085647583008e-01,1.217429817188531160e-04
4.223451469442807138e-06,1.852430868893861771e-04,2.724567602854222059e-04,9.993150234222412109e-01,2.230032405350357294e-04
6.638477498199790716e-05,1.338919973932206631e-04,6.892448873259127140e-04,9.988971948623657227e-01,2.133638045052066445e-04
3.805306550930254161e-05,1.539068063721060753e-03,1.219195313751697540e-03,9.967036843299865723e-01,5.000011296942830086e-04
1.928329729707911611e-04,2.131944056600332260e-03,1.043163239955902100e-03,9.964792728424072266e-01,1.528001303086057305e-04
2.001491702685598284e-05,5.837129428982734680e-04,6.216484587639570236e-03,9.907370209693908691e-01,2.442857017740607262e-03
2.631415554787963629e-05,8.897220250219106674e-04,2.035369863733649254e-03,9.656133055686950684e-01,3.143538907170295715e-02
1.354511623503640294e-04,5.511506242328323424e-05,7.935119792819023132e-03,8.692025542259216309e-01,1.226717680692672729e-01
6.624696834478527308e-05,1.178821094072191045e-05,2.386870561167597771e-03,9.237268567085266113e-01,7.380822300910949707e-02
4.768098588101565838e-04,4.795423592440783978e-04,1.419774629175662994e-02,4.391360282897949219e-01,5.457098484039306641e-01
5.679425667040050030e-04,2.972005750052630901e-04,2.882577665150165558e-02,6.684746146202087402e-01,3.018343746662139893e-01
4.583258705679327250e-04,1.290140440687537193e-03,5.709290970116853714e-03,3.083510696887969971e-01,6.841912269592285156e-01
9.354034409625455737e-05,2.145626058336347342e-04,4.103958141058683395e-03,1.609761640429496765e-02,9.794903397560119629e-01
7.175715873017907143e-04,1.280410564504563808e-03,8.142911829054355621e-03,1.702530980110168457e-01,8.196060061454772949e-01
8.498220122419297695e-04,4.163391131442040205e-04,7.550353650003671646e-03,1.319184303283691406e-01,8.592650890350341797e-01
2.364151296205818653e-04,4.864495247602462769e-03,1.771669276058673859e-02,2.217603772878646851e-01,7.554219961166381836e-01
1.643107134441379458e-05,8.129646885208785534e-04,1.676209038123488426e-03,4.142262786626815796e-02,9.560717940330505371e-01
3.902654498233459890e-06,6.829588674008846283e-04,1.015832880511879921e-03,7.299286779016256332e-03,9.909979701042175293e-01
7.447729149134829640e-05,1.176704536192119122e-03,1.241630408912897110e-02,3.271413221955299377e-02,9.536184072494506836e-01
4.670743146562017500e-05,4.402215708978474140e-04,1.534690707921981812e-02,2.214568108320236206e-02,9.620205163955688477e-01
1.435955637134611607e-04,8.259032620117068291e-05,3.539377823472023010e-02,7.722228765487670898e-02,8.871577382087707520e-01
5.428226722870022058e-05,3.175708343405858614e-06,6.962414830923080444e-03,6.189317628741264343e-02,9.310868978500366211e-01
1.036302546708611771e-05,7.404894859064370394e-05,1.615843921899795532e-02,1.910469122231006622e-02,9.646524786949157715e-01
3.426807779760565609e-06,5.298051983118057251e-04,1.558965444564819336e-01,1.664392091333866119e-02,8.269262909889221191e-01
3.101443439845752437e-07,2.601083542685955763e-05,1.292029954493045807e-02,1.676142029464244843e-02,9.702918529510498047e-01
1.026025131523056189e-07,9.235116303898394108e-04,7.077451944351196289e-01,2.064741104841232300e-01,8.485705405473709106e-02
5.167966037333826534e-07,4.894248675554990768e-03,7.004638910293579102e-01,2.910561263561248779e-01,3.585188416764140129e-03
1.447654796038477798e-07,2.892578206956386566e-02,7.572572231292724609e-01,2.129953205585479736e-01,8.214513654820621014e-04
8.979829431154939812e-07,1.576047018170356750e-02,6.164545416831970215e-01,3.665637373924255371e-01,1.220295205712318420e-03
6.275735131566761993e-08,1.248459517955780029e-02,7.713158130645751953e-01,2.149322926998138428e-01,1.267262618057429790e-03
2.347935357249752997e-08,1.562169939279556274e-01,6.671157479286193848e-01,1.725292056798934937e-01,4.138061776757240295e-03
1.523809487480320968e-07,1.538297627121210098e-03,8.520321920514106750e-03,9.862157702445983887e-01,3.725328017026185989e-03
1.139198730015777983e-06,2.196027526224497706e-05,5.707543343305587769e-03,9.748129844665527344e-01,1.945637539029121399e-02
6.225462811926263385e-07,3.612416094256332144e-06,1.097409287467598915e-03,6.159682273864746094e-01,3.829301595687866211e-01
5.055698579781164881e-07,9.536743164062500000e-07,8.033619960770010948e-04,4.221839308738708496e-01,5.770113468170166016e-01
2.276853820148971863e-06,3.246764244977384806e-04,8.132074028253555298e-03,6.119356155395507812e-01,3.796053230762481689e-01
1.540737684990745038e-06,2.471570041961967945e-04,8.540162816643714905e-04,6.751472353935241699e-01,3.237500488758087158e-01
3.456063495832495391e-06,1.598464732524007559e-04,3.282959805801510811e-04,7.034479975700378418e-01,2.960604131221771240e-01
1.345149066764861345e-04,3.404663584660738707e-04,1.494099851697683334e-03,8.612133860588073730e-01,1.368176043033599854e-01
5.545370513573288918e-04,1.178896520286798477e-02,3.384538926184177399e-03,7.568264007568359375e-01,2.274455577135086060e-01
1.006265956675633788e-04,1.977260112762451172e-01,3.287288919091224670e-02,6.030367612838745117e-01,1.662637144327163696e-01
2.787451558106113225e-05,3.525815904140472412e-01,5.492575094103813171e-02,4.935590624809265137e-01,9.890572726726531982e-02
1.785770582500845194e-04,3.071003258228302002e-01,2.535492554306983948e-02,6.461833119392395020e-01,2.118290401995182037e-02
3.119776738458313048e-05,9.891911176964640617e-04,1.755501376464962959e-03,9.954384565353393555e-01,1.785627682693302631e-03
4.621743300958769396e-06,4.110967711312696338e-05,6.858831038698554039e-04,9.976897239685058594e-01,1.578633440658450127e-03
5.892641183891100809e-06,6.957396544748917222e-05,5.032124463468790054e-03,9.924907684326171875e-01,2.401527948677539825e-03
7.670500963286031038e-06,3.933179323212243617e-05,9.978016605600714684e-04,7.214385271072387695e-01,2.775166928768157959e-01
4.329553121351636946e-06,1.265393220819532871e-03,1.211996714118868113e-04,2.715732157230377197e-01,7.270358204841613770e-01
4.159618129051523283e-06,1.105073187500238419e-02,1.432790304534137249e-03,5.110639929771423340e-01,4.764482975006103516e-01
1.442315697204321623e-04,6.624684669077396393e-03,1.741396496072411537e-03,8.919355869293212891e-01,9.955409914255142212e-02
1.414186845067888498e-04,3.711723163723945618e-02,4.455368965864181519e-02,7.801170945167541504e-01,1.380705833435058594e-01
1.029055638355202973e-04,2.272824011743068695e-02,9.718532860279083252e-02,7.745156884193420410e-01,1.054677963256835938e-01
5.284883663989603519e-04,5.259148031473159790e-02,4.241178184747695923e-02,8.226271271705627441e-01,8.184111863374710083e-02
2.185135963372886181e-04,3.551479279994964600e-01,1.803741306066513062e-01,4.353649318218231201e-01,2.889455296099185944e-02
8.995060488814488053e-05,2.594198845326900482e-02,1.771747018210589886e-03,6.873869299888610840e-01,2.848093211650848389e-01
1.062402618117630482e-03,6.509249098598957062e-03,1.354890060611069202e-03,2.148712724447250366e-01,7.762020826339721680e-01
5.302100908011198044e-04,1.917009067256003618e-04,3.364296862855553627e-03,1.931156665086746216e-01,8.027980923652648926e-01
3.718525113072246313e-05,2.347649933653883636e-05,7.078399357851594687e-05,2.424625912681221962e-03,9.974439144134521484e-01
1.391071942634880543e-03,2.246232004836201668e-03,8.626150665804743767e-04,2.250102907419204712e-02,9.729990363121032715e-01
1.271541579626500607e-03,9.399263944942504168e-05,3.582792123779654503e-05,1.802303269505500793e-02,9.805756211280822754e-01
9.017911906994413584e-06,1.087986765924142674e-05,9.947104990715160966e-05,8.809411665424704552e-04,9.989996552467346191e-01
4.230249760439619422e-05,1.831455447245389223e-04,2.347302157431840897e-03,9.167265146970748901e-03,9.882599115371704102e-01
1.670150737709263922e-07,6.349276191031094640e-06,7.262488943524658680e-04,5.334120942279696465e-04,9.987338185310363770e-01
1.550661750115978066e-07,3.989163087680935860e-05,7.053974550217390060e-03,9.353530476801097393e-04,9.919706583023071289e-01
4.617060156419938721e-08,5.261714613880030811e-05,1.529339584521949291e-03,2.922053099609911442e-04,9.981258511543273926e-01
1.248660952413160885e-09,3.094692510785534978e-05,2.442612603772431612e-04,1.963918766705319285e-04,9.995284080505371094e-01
2.425613274681381881e-06,4.762320168083533645e-05,9.296783246099948883e-04,6.020581931807100773e-04,9.984182119369506836e-01
2.507867691292631207e-07,1.685688766883686185e-05,1.091891550458967686e-03,7.112649618647992611e-04,9.981797933578491211e-01
6.374356331662056618e-08,2.777928330033319071e-06,7.804568740539252758e-04,2.080369973555207253e-03,9.971362352371215820e-01
1.623680816464911913e-07,1.617235102457925677e-05,6.302065216004848480e-03,4.391200840473175049e-03,9.892904162406921387e-01
2.324262140973587520e-06,4.469346895348280668e-04,2.449980191886425018e-02,3.186600049957633018e-03,9.718642830848693848e-01
9.313123996435024310e-07,5.577434203587472439e-04,1.713418774306774139e-02,1.997375802602618933e-04,9.821072816848754883e-01
5.914105258852941915e-07,5.606258637271821499e-04,1.185435429215431213e-02,3.089371602982282639e-04,9.872756004333496094e-01
4.291757250030059367e-06,3.103167284280061722e-03,2.372652664780616760e-02,3.720800857990980148e-03,9.694451689720153809e-01
1.112325321628304664e-06,6.290497258305549622e-04,2.394722960889339447e-02,2.201013499870896339e-03,9.732215404510498047e-01
2.331800743604617310e-07,3.635126922745257616e-04,6.615470349788665771e-02,1.633329433389008045e-03,9.318482279777526855e-01
8.553696488888817839e-07,1.677571417530998588e-04,4.225245863199234009e-02,5.078619346022605896e-03,9.525001645088195801e-01
4.404528652912631514e-08,1.853765279520303011e-04,3.139777854084968567e-02,2.459007315337657928e-03,9.659578800201416016e-01
3.405802928568846255e-08,2.586547285318374634e-03,2.688074670732021332e-02,8.012723410502076149e-04,9.697315096855163574e-01
4.467577809919021092e-07,3.940895199775695801e-01,4.745030105113983154e-01,6.255201995372772217e-03,1.251518130302429199e-01
5.377535785555664916e-07,1.592937260866165161e-01,8.706410229206085205e-02,1.246375218033790588e-02,7.411779165267944336e-01
7.297010597540065646e-06,9.509829804301261902e-03,2.450674772262573242e-02,9.693153551779687405e-04,9.650069475173950195e-01
5.843759822710126173e-07,5.736736056860536337e-05,7.866170490160584450e-04,6.471531814895570278e-04,9.985082745552062988e-01
1.180013896373566240e-06,1.193485218209389132e-06,3.373601357452571392e-04,1.374214625684544444e-04,9.995228648185729980e-01
4.646414595299575012e-07,3.762894493775092997e-06,6.507929647341370583e-04,4.998962322133593261e-05,9.992950558662414551e-01
3.535281223321362631e-07,5.111680366098880768e-05,1.160079380497336388e-03,1.700262218946591020e-04,9.986183643341064453e-01
5.737635547120589763e-06,2.430239546811208129e-04,4.438712727278470993e-03,9.607650572434067726e-04,9.943518638610839844e-01
7.780374744470464066e-07,2.266109659103676677e-04,1.375378924421966076e-03,2.451742475386708975e-04,9.981520175933837891e-01
2.758972925676062005e-07,7.447380630765110254e-05,5.705268704332411289e-04,1.024798402795568109e-04,9.992522001266479492e-01
3.223358078230376123e-07,2.258028544019907713e-04,7.433295832015573978e-04,1.572407636558637023e-04,9.988731741905212402e-01
1.757348755404564145e-08,3.864766767947003245e-05,4.398021264933049679e-04,6.887970812385901809e-05,9.994527697563171387e-01
5.398994744609808549e-07,1.744444889482110739e-04,2.392103662714362144e-03,1.055108004948124290e-04,9.973273277282714844e-01
1.269409494852880016e-06,5.816116754431277514e-05,7.648108876310288906e-04,1.133960631705122069e-05,9.991643428802490234e-01
1.399796565237920731e-05,1.838874304667115211e-04,3.306222846731543541e-03,3.433859455981291831e-05,9.964615702629089355e-01
3.679926976474234834e-07,2.032518204941879958e-05,8.676912984810769558e-04,4.372670900920638815e-06,9.991073012351989746e-01
5.220388743509829510e-07,2.629333721415605396e-05,1.670393045060336590e-03,5.748524017690215260e-06,9.982971549034118652e-01
3.641281693944620201e-07,1.769414302543736994e-05,1.780775841325521469e-03,1.739579602144658566e-05,9.981838464736938477e-01
6.100017913013289217e-07,1.133690937422215939e-03,6.097944825887680054e-02,1.055904212989844382e-04,9.377806186676025391e-01
2.209229751315433532e-05,6.304062902927398682e-02,9.142080545425415039e-01,4.732681263703852892e-04,2.225592173635959625e-02
1.650690137466881424e-05,6.910029053688049316e-02,9.080864787101745605e-01,3.248879685997962952e-03,1.954780705273151398e-02
2.155300717276986688e-05,4.711504280567169189e-02,7.891777753829956055e-01,1.634153537452220917e-03,1.620515137910842896e-01
8.221088137361221015e-06,4.615413770079612732e-02,9.104559421539306641e-01,1.995773054659366608e-03,4.138588160276412964e-02
3.327683657516899984e-07,1.311909640207886696e-03,9.156867265701293945e-01,6.453880341723561287e-04,8.235563337802886963e-02
7.674745575059205294e-06,5.168474279344081879e-03,8.019770979881286621e-01,1.173840835690498352e-02,1.811084449291229248e-01
4.085245109308743849e-06,2.492048218846321106e-02,5.024253129959106445e-01,2.088800072669982910e-03,4.705613255500793457e-01
8.780164080235408619e-07,3.925556316971778870e-02,9.307058453559875488e-01,8.671561372466385365e-04,2.917053177952766418e-02
1.533943645881663542e-06,4.245246946811676025e-02,9.520054459571838379e-01,5.634148255921900272e-04,4.977111704647541046e-03
1.375249121338129044e-04,1.606327593326568604e-01,7.929029464721679688e-01,3.601720556616783142e-02,1.030953973531723022e-02
6.679629586869850755e-05,5.892797932028770447e-02,6.991333961486816406e-01,2.026236653327941895e-01,3.924819082021713257e-02
1.076361968443961814e-05,5.161265842616558075e-03,8.070931434631347656e-01,7.227517664432525635e-03,1.805072724819183350e-01
7.424684099532896653e-06,5.048180930316448212e-03,3.289548456668853760e-01,1.653599436394870281e-03,6.643359065055847168e-01
9.773306373972445726e-05,4.968677088618278503e-02,6.120271682739257812e-01,1.793187670409679413e-02,3.202563822269439697e-01
8.822185918688774109e-06,2.776354737579822540e-02,1.552963405847549438e-01,1.869536237791180611e-03,8.150617480278015137e-01
1.150020580098498613e-06,4.753619898110628128e-03,3.323346376419067383e-02,7.377141155302524567e-04,9.612740278244018555e-01
4.386456203064881265e-05,2.559364959597587585e-02,2.814686298370361328e-02,2.668146742507815361e-03,9.435473680496215820e-01
8.081018313532695174e-05,8.404124528169631958e-03,3.245218843221664429e-02,3.917378373444080353e-03,9.551454782485961914e-01
2.070072659989818931e-04,8.104854077100753784e-02,1.424580216407775879e-01,2.234830288216471672e-03,7.740516662597656250e-01
3.420648135943338275e-05,5.278250202536582947e-02,3.131811618804931641e-01,4.658385878428816795e-04,6.335362792015075684e-01
8.170164073817431927e-05,1.764930188655853271e-01,3.773508071899414062e-01,1.096752705052495003e-03,4.449778199195861816e-01
3.044973891519475728e-05,6.825228780508041382e-02,2.881749868392944336e-01,1.018928480334579945e-03,6.425232887268066406e-01
1.332208285020897165e-05,1.352010481059551239e-02,2.724864482879638672e-01,4.049445560667663813e-04,7.135752439498901367e-01
1.290760701522231102e-04,2.089874632656574249e-02,4.177356362342834473e-01,9.514509583823382854e-04,5.602850317955017090e-01
1.180066828965209424e-04,7.483327761292457581e-03,6.840979456901550293e-01,2.489196602255105972e-03,3.058115243911743164e-01
1.792190741980448365e-04,9.319296106696128845e-03,3.265125453472137451e-01,6.538971513509750366e-02,5.985991954803466797e-01
9.118227353610564023e-06,3.137271106243133545e-02,4.138139486312866211e-01,4.016878008842468262e-01,1.531164050102233887e-01
2.074871590593829751e-04,2.358920313417911530e-02,9.088602662086486816e-01,7.366810459643602371e-03,5.997621640563011169e-02
9.941182797774672508e-04,8.067050948739051819e-03,9.300175309181213379e-01,8.132140152156352997e-03,5.278914421796798706e-02
5.481235348270274699e-05,9.613287402316927910e-04,9.782437086105346680e-01,7.486529182642698288e-03,1.325363386422395706e-02
2.348740599700249732e-05,1.264596940018236637e-03,9.734190106391906738e-01,1.894700573757290840e-03,2.339817211031913757e-02
9.057235729414969683e-05,2.360358834266662598e-03,9.495432376861572266e-01,2.511158585548400879e-03,4.549466818571090698e-02
2.495014450687449425e-05,1.888024969957768917e-03,9.892120957374572754e-01,1.795390620827674866e-03,7.079408969730138779e-03
1.465055993321584538e-05,2.895577577874064445e-03,8.837863802909851074e-01,1.483800821006298065e-02,9.846542030572891235e-02
8.114959928207099438e-05,6.636518985033035278e-03,6.959844827651977539e-01,1.781629398465156555e-02,2.794814705848693848e-01
4.326433409005403519e-03,4.608244448900222778e-02,2.079321742057800293e-01,6.621605157852172852e-02,6.754428744316101074e-01
1.100105349905788898e-03,2.499328693374991417e-03,1.464164908975362778e-02,1.362945884466171265e-01,8.454642891883850098e-01
1.486510271206498146e-03,1.622231357032433152e-04,3.500130726024508476e-03,4.406240954995155334e-02,9.507886767387390137e-01
1.129313139244914055e-03,4.772882311954163015e-05,2.131664426997303963e-03,4.275448992848396301e-02,9.539367556571960449e-01
9.414282394573092461e-04,1.377803710056468844e-04,9.924941696226596832e-03,6.756561249494552612e-02,9.214301705360412598e-01
7.049955893307924271e-04,2.606393763926462270e-06,1.257184310816228390e-03,8.894043043255805969e-03,9.891410470008850098e-01
9.717661142349243164e-01,2.126359567046165466e-02,2.031703479588031769e-03,1.343238982371985912e-03,3.595364280045032501e-03
