1.282034201022241859e-10,9.999680519104003906e-01,2.739362025749869645e-05,5.274737304716836661e-07,4.034098310512490571e-06
2.054368177309418009e-12,9.999946355819702148e-01,5.357237569114658982e-06,5.081954412844424951e-08,4.279557330733041454e-08
1.227509344170485406e-10,9.999455213546752930e-01,2.380927435297053307e-05,2.398366859779343940e-06,2.829320328601170331e-05
9.075975214434262028e-12,9.999948143959045410e-01,4.873895704804453999e-06,7.465880003110214602e-08,1.867713592673680978e-07
1.391759762991995331e-10,9.998897314071655273e-01,1.544501537864562124e-05,3.127415993731119670e-06,9.174161095870658755e-05
1.211556636265820330e-11,9.998369216918945312e-01,2.799866706482134759e-05,8.824585165712051094e-06,1.261833385797217488e-04
8.250367403150882240e-12,9.997544884681701660e-01,1.004341829684562981e-04,9.604132173990365118e-06,1.353994884993880987e-04
2.006124650080765015e-12,9.999979734420776367e-01,1.322502157563576475e-06,5.682903037040887284e-09,6.714469122925947886e-07
2.664450257650052833e-11,9.999361038208007812e-01,5.018269075662828982e-05,3.893943656407827802e-08,1.372774386254604906e-05
1.435070950961403469e-10,9.999541044235229492e-01,4.015595550299622118e-05,1.249953811566228978e-07,5.651807441608980298e-06
3.686460164908922366e-11,9.999930858612060547e-01,5.988771135889692232e-06,6.838256183527846588e-08,8.360372589777398389e-07
2.125211898823531342e-12,9.999759197235107422e-01,2.397201933490578085e-05,2.128575182780423347e-08,5.941259217934202752e-08
4.975074172075544254e-12,9.999931454658508301e-01,6.504762041004141793e-06,3.341541088275334914e-08,3.232837002542510163e-07
4.191116854609933107e-13,9.999950528144836426e-01,4.837835149373859167e-06,1.264991311700214283e-08,1.424393580862215458e-08
8.473472981216853550e-14,9.999989271163940430e-01,1.060179329215316102e-06,9.773472697816032451e-09,1.135409011254751022e-08
2.584107505754218437e-07,2.271087020635604858e-01,3.787777200341224670e-02,2.759568020701408386e-02,7.074176073074340820e-01
1.096644788867173759e-10,9.982522130012512207e-01,6.740607204847037792e-05,2.430026361253112555e-04,1.437329803593456745e-03
2.465575920512774744e-12,9.997519850730895996e-01,2.440344687784090638e-04,2.399739742031670175e-06,1.552963908579840790e-06
3.054075818197804493e-13,9.999941587448120117e-01,5.858164968230994418e-06,1.492922407919650141e-08,7.530289281021396164e-09
2.084550658172992788e-13,9.999977350234985352e-01,2.292513272550422698e-06,2.717502001203797590e-09,1.889420531142604887e-08
4.173322711714666511e-12,9.999931454658508301e-01,6.622817181778373197e-06,3.599489062366956205e-08,1.172995069964599679e-07
3.214429156878084726e-12,9.999990463256835938e-01,9.053910048351099249e-07,3.277109783539344789e-08,7.551594904953162768e-08
9.776659733520820517e-13,9.999977350234985352e-01,2.239580226159887388e-06,1.578353980846713966e-08,3.108682022912034881e-08
4.177896223422905564e-11,9.999918341636657715e-01,6.763417786714853719e-06,2.697827028441679431e-08,1.319698867519036867e-06
4.628511116044897733e-13,9.999978542327880859e-01,2.177546775783412158e-06,1.169902730246974443e-09,6.517991479881857231e-09
3.413388617438430084e-14,9.999973773956298828e-01,2.582056822575395927e-06,2.239679552928919293e-09,5.213560139161188545e-10
2.577521058810816612e-07,2.270160913467407227e-01,3.773408755660057068e-02,2.749967947602272034e-02,7.077499032020568848e-01
7.223873192338525762e-13,9.999980330467224121e-01,1.928024403241579421e-06,7.264454815469889581e-09,3.981602603175815602e-09
4.391605284178971835e-14,9.999991059303283691e-01,8.381360316889185924e-07,1.574648522684185536e-09,2.840365165290847926e-10
1.160121125684185350e-13,9.999988079071044922e-01,1.141140614890900906e-06,1.779756964026546484e-08,1.604723642856242805e-08
3.456420262851200853e-13,9.999978542327880859e-01,2.037088961515109986e-06,6.510862959885344026e-08,4.752395454943325603e-08
3.330956658501721401e-13,9.999976158142089844e-01,1.594297714291315060e-06,5.856715006302692927e-07,1.369494810887772474e-07
1.325274633957873593e-12,9.994530677795410156e-01,5.358502385206520557e-04,9.421839422429911792e-06,1.579597892487072386e-06
1.429990132383041068e-12,9.998366832733154297e-01,1.509698486188426614e-04,8.941003216023091227e-06,3.408925977055332623e-06
1.602581592820631617e-13,9.999976158142089844e-01,2.190178292948985472e-06,1.540369680697040167e-07,7.382700317748458474e-08
1.519039749672476680e-13,9.999982118606567383e-01,1.554912614665227011e-06,2.875736981877707876e-07,1.640815128212125273e-08
6.578813421765847269e-14,9.999990463256835938e-01,7.103006396391720045e-07,2.553816500494576758e-07,6.896172521919652354e-09
1.771262444442284201e-13,9.999982118606567383e-01,1.312246695306384936e-06,4.794817414222052321e-07,4.706337008997252269e-08
2.990580602168363411e-13,9.999982118606567383e-01,1.190431930808699690e-06,5.787378540844656527e-07,8.733205270061716874e-09
3.930954411805742676e-13,9.999928474426269531e-01,3.521127382555278018e-06,3.618895334511762485e-06,1.636064972387885064e-08
2.746238024313452097e-13,9.999799728393554688e-01,1.365970456390641630e-05,6.339286755974171683e-06,3.264283421344771341e-08
4.078478548809327808e-14,9.999986886978149414e-01,9.614684586267685518e-07,3.495563589694938855e-07,1.105643310239656785e-08
5.188154728963736972e-14,9.999965429306030273e-01,2.498060666766832583e-06,9.442730402042798232e-07,4.274751930211095896e-08
2.457002429203519744e-13,9.999955892562866211e-01,2.883284651034045964e-06,1.388290797876834404e-06,7.913233446288359119e-08
2.064092034228734440e-13,9.999921321868896484e-01,6.585996288777096197e-06,1.030053113026951905e-06,1.966867984037889983e-07
1.932525726900877205e-13,9.999934434890747070e-01,6.140012374089565128e-06,3.600119384827848990e-07,3.416290894620033214e-08
1.904797662915375112e-13,9.999663829803466797e-01,1.755431912897620350e-05,1.600958239578176290e-05,1.411260939221392618e-07
1.943763753469232580e-13,9.999589920043945312e-01,1.294560661335708573e-05,2.762103395070880651e-05,4.124700296870287275e-07
9.285527533507698106e-14,9.999830722808837891e-01,1.497297853347845376e-05,1.612792402738705277e-06,3.333868221488955896e-07
2.479179242540624495e-13,9.999526739120483398e-01,3.045043558813631535e-05,1.454368884878931567e-05,2.301639597135363147e-06
1.765202567449719595e-12,9.990745782852172852e-01,6.820541457273066044e-04,2.211311220889911056e-04,2.214999403804540634e-05
7.808073632098455619e-12,9.996987581253051758e-01,2.631773531902581453e-04,1.430570773663930595e-05,2.379334000579547137e-05
3.688158177299338814e-13,9.999548196792602539e-01,3.654637475847266614e-05,8.131968570523895323e-06,4.757054625770251732e-07
1.315063373951916303e-13,9.999731779098510742e-01,1.226033691636985168e-05,1.440228425053646788e-05,8.397701378726196708e-08
5.605242832384949025e-13,9.999198913574218750e-01,1.226777567353565246e-05,6.632693839492276311e-05,1.500446160207502544e-06
9.818295265348608858e-13,9.995090961456298828e-01,1.033711014315485954e-04,3.839821729343384504e-04,3.558853677532169968e-06
1.053777399541433457e-12,9.999470710754394531e-01,3.794243093580007553e-05,1.370966310787480325e-05,1.216718260366178583e-06
4.528344713095044938e-12,9.997887611389160156e-01,1.024932280415669084e-04,7.287903281394392252e-05,3.587281389627605677e-05
1.477700665823700188e-12,9.993739724159240723e-01,2.015898207901045680e-04,9.062947356142103672e-05,3.337881644256412983e-04
1.204275719944580825e-12,9.997251033782958984e-01,2.029803581535816193e-04,5.591518129222095013e-05,1.608240745554212481e-05
8.095417782308378385e-13,9.997305274009704590e-01,1.876994501799345016e-04,7.996596832526847720e-05,1.793654291759594344e-06
1.302212135866065434e-12,9.997349381446838379e-01,1.241073332494124770e-04,1.278966810787096620e-04,1.301367410633247346e-05
2.497818304188909044e-13,9.999201297760009766e-01,2.673494418559130281e-05,4.953461029799655080e-05,3.566675331967417151e-06
1.264964478650543178e-12,9.997423291206359863e-01,6.060564555809833109e-05,1.886705576907843351e-04,8.376817277166992426e-06
9.965304406320263375e-13,9.998142123222351074e-01,1.081311202142387629e-04,6.717255018884316087e-05,1.048342164722271264e-05
8.820359373440389561e-12,9.995639920234680176e-01,2.949004119727760553e-04,9.128446981776505709e-05,4.980684025213122368e-05
5.376916793753405699e-12,9.997823238372802734e-01,1.189496906590647995e-04,9.102220064960420132e-05,7.604438451380701736e-06
1.853124077799694902e-11,9.999198913574218750e-01,5.141297879163175821e-05,2.525243689888156950e-05,3.377945859028841369e-06
2.571333936884911964e-07,2.272978127002716064e-01,3.753418847918510437e-02,2.711220830678939819e-02,7.080554962158203125e-01
3.933439077924427707e-12,9.999818801879882812e-01,6.320320153463399038e-06,1.163604974863119423e-05,1.078504254792278516e-07
1.160766274765911987e-11,9.999549388885498047e-01,2.882450644392520189e-05,1.567418257764074951e-05,6.019396323608816601e-07
1.714427536568530197e-12,9.999728202819824219e-01,5.733932539442321286e-06,2.132111330865882337e-05,1.549530992406289442e-07
3.496029962919700029e-13,9.999926090240478516e-01,2.743572622421197593e-06,4.405776962812524289e-06,2.040988817952893442e-07
1.398709381823792786e-12,9.999812841415405273e-01,9.001397302199620754e-06,6.876533916511107236e-06,2.840343540810863487e-06
8.519684957519757518e-12,9.998509883880615234e-01,7.724688475718721747e-05,5.062091804575175047e-05,2.102975486195646226e-05
7.330628291890572967e-12,9.997557997703552246e-01,1.994750928133726120e-04,1.753240212565287948e-05,2.723869692999869585e-05
5.471352884645064307e-11,9.993522763252258301e-01,5.340865463949739933e-04,7.388843187072779983e-06,1.062889496097341180e-04
5.801949892747515491e-11,9.996628761291503906e-01,2.734281879384070635e-04,1.502237955719465390e-05,4.868639371125027537e-05
6.255409384925414429e-11,9.998790025711059570e-01,9.887087071547284722e-05,1.277508772545843385e-06,2.075672091450542212e-05
2.676576842108868703e-12,9.999901056289672852e-01,8.261911716545000672e-06,6.948723125788092148e-07,9.529778139949485194e-07
1.916646745828143317e-12,9.999834895133972168e-01,1.064325169863877818e-05,1.949047828020411544e-06,3.845067112706601620e-06
2.711223173051946489e-12,9.999278783798217773e-01,5.451697143143974245e-05,5.049023002356989309e-06,1.259944838238880038e-05
1.511772131090882709e-11,9.999237060546875000e-01,4.871091368841007352e-05,1.200321321448427625e-06,2.639312515384517610e-05
2.217298566975500762e-11,9.999434947967529297e-01,4.106700362171977758e-05,4.934147000312805176e-06,1.058062753145350143e-05
1.117567843822442342e-11,9.999542832374572754e-01,3.938456575269810855e-05,8.516359457644284703e-07,5.549033630813937634e-06
1.270742365500066029e-11,9.999072551727294922e-01,8.630927186459302902e-05,5.980013497719482984e-07,5.797257927042664960e-06
1.001320901194979740e-11,9.998531341552734375e-01,1.366510550724342465e-04,2.991566816490376368e-06,7.157982508942950517e-06
3.153427497425143056e-13,9.999914169311523438e-01,8.332541256095282733e-06,1.602118828714083065e-07,9.694257130377081921e-08
2.489534186439490426e-12,9.999223947525024414e-01,6.888357893330976367e-05,5.886260623810812831e-06,2.826063791872002184e-06
3.402011094708057293e-12,9.999468326568603516e-01,3.890642256010323763e-05,4.345101842773146927e-06,9.927709470503032207e-06
3.904602682847091444e-11,9.998509883880615234e-01,1.352256804239004850e-04,1.209607034979853779e-05,1.747588498801633250e-06
2.211946598107417117e-11,9.999002814292907715e-01,8.775862079346552491e-05,9.284033694711979479e-06,2.589155883470084518e-06
4.754359883216152660e-13,9.999877214431762695e-01,1.169143251900095493e-05,5.786748715763678774e-07,2.937436605066068296e-08
3.761519307837746240e-12,9.999845623970031738e-01,1.378821707476163283e-05,1.131050453295756597e-06,4.950636594003299251e-07
1.481470978878518530e-12,9.999909400939941406e-01,7.352474312938284129e-06,1.308342916672700085e-06,4.227934482514683623e-07
3.211193680754953483e-12,9.998799562454223633e-01,1.086944030248560011e-04,1.123361744248541072e-05,1.833827809605281800e-07
2.583080060958309332e-07,2.275145798921585083e-01,3.785671293735504150e-02,2.750757336616516113e-02,7.071208953857421875e-01
2.560045274727085207e-12,9.994365572929382324e-01,7.671456114621832967e-05,4.847533709835261106e-04,1.908941612782655284e-06
1.392204385629314256e-12,9.995083212852478027e-01,1.648815377848222852e-04,3.255750052630901337e-04,1.185590690511162393e-06
5.423969866996669609e-12,9.969146251678466797e-01,4.305914044380187988e-04,2.654166892170906067e-03,5.494827064467244782e-07
9.882287045973048301e-13,9.999219775199890137e-01,4.559098670142702758e-06,7.348923827521502972e-05,5.980994366439063015e-09
6.390641054537793408e-13,9.999623298645019531e-01,8.436693406110862270e-07,3.681836824398487806e-05,3.028598927201642255e-09
5.957436692398399014e-13,9.999226331710815430e-01,8.867461360750894528e-07,7.647190068382769823e-05,4.896203442683599860e-09
1.211542259745013173e-12,9.991589784622192383e-01,3.276805364293977618e-05,8.081434643827378750e-04,7.238346455551436520e-08
1.446785616657231266e-12,9.998719096183776855e-01,8.137849363265559077e-06,1.199440303025767207e-04,2.935425769123867212e-08
6.820354285681784479e-13,9.999883174896240234e-01,2.392442297605157364e-07,1.150353546108817682e-05,2.751827654634553255e-09
4.175730467241740851e-14,9.999977350234985352e-01,2.122794739989330992e-07,2.049699332928867079e-06,1.018468642755010478e-09
8.762566003741104059e-14,9.999989271163940430e-01,8.975629839369503316e-08,9.977326271837227978e-07,5.109191403285251454e-10
1.190422001424995546e-13,9.999986886978149414e-01,3.804821702146909956e-08,1.312165295530576259e-06,8.441324861330201657e-10
1.767277052781499047e-13,9.999920129776000977e-01,7.253105849258645321e-08,7.845223080948926508e-06,2.309765489982851250e-09
8.306158224332532702e-14,9.999995231628417969e-01,1.278824068862149943e-08,4.723141842077893671e-07,4.750786430918196857e-10
4.359499686159423737e-14,9.999998807907104492e-01,1.385557979460827482e-08,1.754369094442154164e-07,1.942035976476574888e-10
1.242657100266816861e-13,9.999997615814208984e-01,2.032127532913818868e-08,2.798174136842135340e-07,4.497293648597633364e-10
5.906308428449413839e-13,9.999958872795104980e-01,8.343529600551846670e-08,3.927734269382199273e-06,1.082741363234163146e-08
2.918960862949293578e-12,9.999852180480957031e-01,1.032487261909409426e-06,1.365484695270424709e-05,8.528628825388295809e-08
5.554022411251302582e-13,9.999984502792358398e-01,2.587883329852047609e-07,1.307836555497488007e-06,3.150945060426124655e-09
7.093456898255023901e-12,9.999969601631164551e-01,1.809068095326438197e-07,2.731086624407907948e-06,2.356967421235367510e-08
3.940715809225281419e-12,9.999875426292419434e-01,4.045222397053294117e-07,1.186170356959337369e-05,1.002157787866053695e-07
2.407981854277846390e-13,9.999997615814208984e-01,1.510696279183321167e-08,1.888508336378436070e-07,1.786391146119115092e-09
9.019733744619617966e-12,9.999969601631164551e-01,8.855050737111014314e-08,2.894531007768819109e-06,4.946131682004306640e-08
7.196712301614505147e-13,9.999969601631164551e-01,1.407717604706704151e-07,2.728506615312653594e-06,9.161443159655391355e-08
5.548484848655332868e-13,9.999960660934448242e-01,1.142308505563960352e-07,3.751925532924360596e-06,7.188923945022906992e-08
2.926705752748226530e-11,9.999231696128845215e-01,2.319304485354223289e-06,7.345497579080983996e-05,9.971153076548944227e-07
2.025296819141431115e-09,9.997378587722778320e-01,6.834514351794496179e-06,2.514349471312016249e-04,3.798227226070594043e-06
2.070669635756416938e-09,9.994530677795410156e-01,6.182977813296020031e-06,5.333630251698195934e-04,7.322489636862883344e-06
2.412931313089394791e-11,9.998552799224853516e-01,5.932772182859480381e-06,1.362878247164189816e-04,2.479225940987817012e-06
5.886854372028071936e-12,9.999355077743530273e-01,3.947031018469715491e-06,6.003722592140547931e-05,4.149418373344815336e-07
2.534080063842925057e-11,9.999635219573974609e-01,1.204594127557356842e-06,3.492005635052919388e-05,3.932184711175068514e-07
1.878203842453629591e-11,9.999648332595825195e-01,2.011091737585957162e-06,3.291362372692674398e-05,2.708459589939593570e-07
6.329921938171001461e-14,9.999985694885253906e-01,6.062693813646546914e-08,1.299138489230244886e-06,3.407367277219464086e-09
6.186120138276102187e-14,9.999998807907104492e-01,1.290354401106696969e-08,1.152259514469733404e-07,1.065688093326855324e-09
1.683474323485589785e-13,9.999991059303283691e-01,6.084948722673289012e-08,7.186966968220076524e-07,4.798911490411228442e-09
1.430387655109582878e-13,9.999990463256835938e-01,1.099215864996949676e-07,8.216694595830631442e-07,1.232504764914210682e-09
9.692951736389732176e-14,9.999993443489074707e-01,7.483787101136840647e-08,4.245563047788891708e-07,2.315507507955061328e-10
1.850370849381874350e-13,9.999943971633911133e-01,3.581972123356536031e-07,5.237575805949745700e-06,1.578447239580782480e-08
4.319837402285559014e-13,9.999917149543762207e-01,1.016185478874831460e-06,7.307929990929551423e-06,2.913387930902899825e-08
4.382706437350281092e-12,9.999815821647644043e-01,5.083089035906596109e-06,1.324999902863055468e-05,7.044258865107622114e-08
2.707407076307788429e-10,9.998255372047424316e-01,5.087786121293902397e-05,1.137187427957542241e-04,9.873908311419654638e-06
3.851892971251658082e-10,9.985685944557189941e-01,5.338530754670500755e-04,4.845592775382101536e-04,4.129413864575326443e-04
9.605051476402337585e-11,9.993982315063476562e-01,1.907473051687702537e-04,3.848756314255297184e-04,2.609086004667915404e-05
5.346934006666970163e-11,9.951172471046447754e-01,4.066591500304639339e-04,9.520450257696211338e-04,3.523947903886437416e-03
5.311216744185998095e-11,9.986619949340820312e-01,6.157481111586093903e-04,2.859592204913496971e-04,4.363415064290165901e-04
7.371428988045547470e-12,9.997472167015075684e-01,7.720733265159651637e-05,1.280563155887648463e-04,4.757168790092691779e-05
2.541562012930986825e-12,9.996675252914428711e-01,1.085317780962213874e-04,9.534278069622814655e-05,1.286113547394052148e-04
1.544214062176862967e-11,9.974737763404846191e-01,1.252668211236596107e-03,3.641539078671485186e-04,9.094749111682176590e-04
3.808751231071383359e-11,9.994958043098449707e-01,3.033182292710989714e-04,1.796835422283038497e-04,2.128600681317038834e-05
9.497871239494415363e-12,9.997006058692932129e-01,2.626563073135912418e-04,2.971848334709648043e-05,7.061485121084842831e-06
1.438959541799622599e-11,9.987105131149291992e-01,1.175853074528276920e-03,9.743302507558837533e-05,1.623309435672126710e-05
8.164670111873717495e-13,9.998056292533874512e-01,1.849273103289306164e-04,8.271340448118280619e-06,1.204635509566287510e-06
1.599891768545858017e-12,9.997538924217224121e-01,2.039917744696140289e-04,3.952291444875299931e-05,2.571156528574647382e-06
7.264620220485962232e-13,9.995804429054260254e-01,3.471023228485137224e-04,6.776385271223261952e-05,4.681595328293042257e-06
1.592331816532496780e-13,9.999380111694335938e-01,4.115356932743452489e-05,2.034442150034010410e-05,4.295301323509193026e-07
2.580701448096078821e-07,2.270200252532958984e-01,3.780028969049453735e-02,2.755675837397575378e-02,7.076226472854614258e-01
5.993131880523139277e-13,9.997351765632629395e-01,2.320886706002056599e-04,3.030419429705943912e-05,2.421004865027498454e-06
2.165991561456359626e-12,9.997450709342956543e-01,1.005135127343237400e-04,1.341378956567496061e-04,2.018488521571271122e-05
9.858776989224438125e-12,9.948961138725280762e-01,7.927038241177797318e-04,4.289998207241296768e-03,2.113446134899277240e-05
3.405924359819317848e-13,9.997232556343078613e-01,2.694852300919592381e-04,5.994719685986638069e-06,1.295162633141444530e-06
4.663898607593086609e-12,9.991745948791503906e-01,5.487970192916691303e-04,2.690743422135710716e-04,7.541857030446408316e-06
2.293282751197889269e-12,9.969333410263061523e-01,1.731940428726375103e-03,1.305246027186512947e-03,2.938480611192062497e-05
2.136921282286374790e-13,9.999219775199890137e-01,5.989985220367088914e-05,1.790747955965343863e-05,2.682525064301444218e-07
1.965037697447200027e-13,9.999199509620666504e-01,5.726077506551519036e-05,2.212345680163707584e-05,5.220254593041318003e-07
4.182715371975342933e-13,9.999604821205139160e-01,2.349813803448341787e-05,1.593465640326030552e-05,1.442038239929388510e-07
2.072625382952553164e-13,9.999966621398925781e-01,2.130760549334809184e-06,1.234679530170978978e-06,1.112775116496322880e-08
4.605509224854531514e-13,9.999842643737792969e-01,1.958853317773900926e-06,1.373106897517573088e-05,1.136347105301638294e-08
4.834889541678599745e-13,9.999710917472839355e-01,9.028370868691126816e-07,2.788927122310269624e-05,1.229138923974915087e-08
6.976835558933358605e-13,9.999704360961914062e-01,6.774485541427566204e-07,2.884413879655767232e-05,9.921892640818441578e-09
1.677580708896175832e-12,9.999620914459228516e-01,4.383499287996528437e-07,3.747368100448511541e-05,1.086579004550003447e-08
5.372095997213666152e-13,9.999957084655761719e-01,7.736472440456054755e-08,4.127031843381701037e-06,1.172681951544518597e-09
2.999881430505030311e-13,9.999946355819702148e-01,9.958546343113994226e-08,5.205090019444469362e-06,1.106634339720358184e-09
1.450174751333258016e-13,9.999989271163940430e-01,5.919846302049336373e-08,1.083423057934851386e-06,2.614008176582416354e-10
6.251896244625909649e-13,9.999986886978149414e-01,9.920250931827467866e-08,1.242493112840747926e-06,1.522552750543582079e-09
1.246170376091593202e-12,9.999989271163940430e-01,4.592441626982690650e-08,1.018750936054857448e-06,8.500345427542299603e-10
5.021681855066351119e-13,9.999985694885253906e-01,4.344430593050674361e-08,1.397830828864243813e-06,9.246981513832963628e-10
1.068315425814710118e-13,9.999992847442626953e-01,1.723523013197336695e-08,7.196823048616352025e-07,3.970073991776956746e-10
9.636403003679405721e-13,9.999986886978149414e-01,1.191633547392711989e-08,1.368940615975589026e-06,1.463710819216146319e-09
3.850135835148371655e-11,9.999808073043823242e-01,3.681013183154391299e-08,1.911480467242654413e-05,2.524127395986397460e-08
4.248918057669914816e-12,9.999810457229614258e-01,1.640237172750858008e-07,1.845771294028963894e-05,2.964655152482009726e-07
5.428109350891219265e-12,9.998544454574584961e-01,2.581782041488622781e-07,1.416547602275386453e-04,3.690676294354489073e-06
5.155481597185485043e-11,9.995180368423461914e-01,8.881273174665693659e-07,4.721982695627957582e-04,8.827033525449223816e-06
1.183780573565940131e-10,9.895476698875427246e-01,8.714034265722148120e-06,1.026835758239030838e-02,1.751758536556735635e-04
1.028256924051618171e-10,9.984902143478393555e-01,3.624902092269621789e-06,1.494020805694162846e-03,1.207011973747285083e-05
5.332804944163660466e-12,9.999405741691589355e-01,1.108380843106715474e-06,5.604550096904858947e-05,2.341663048355258070e-06
2.765431633688919533e-11,9.998525381088256836e-01,2.524715000618016347e-06,1.431412238162010908e-04,1.727198878143099137e-06
1.200859411909505070e-10,9.995887875556945801e-01,4.839925622945884243e-06,4.028187831863760948e-04,3.595585212678997777e-06
2.574743473982010755e-10,9.983458518981933594e-01,3.413886224734596908e-05,1.557720242999494076e-03,6.229014979908242822e-05
7.998364470740426668e-11,9.941534996032714844e-01,1.565261918585747480e-04,5.543887615203857422e-03,1.460449129808694124e-04
5.118042708390779794e-12,9.925565719604492188e-01,2.261891677335370332e-05,7.392420899122953415e-03,2.834197584888897836e-05
2.220525467059447644e-13,9.999862909317016602e-01,1.753844571794616058e-06,1.185714609164278954e-05,1.557261128937170724e-07
8.710476187990395802e-14,9.999948143959045410e-01,3.550546523456432624e-07,4.638894097297452390e-06,7.666405110740015516e-08
2.734232653657520107e-13,9.999896883964538574e-01,2.463303644617553800e-06,7.600864137202734128e-06,1.700404226312457467e-07
2.856993721461753566e-12,9.998918771743774414e-01,7.203831501101376489e-06,9.563975618220865726e-05,5.292148216540226713e-06
9.253443280718420816e-13,9.997947216033935547e-01,1.348923888144781813e-05,1.808642846299335361e-04,1.078574314306024462e-05
1.615445104075075022e-11,9.855853319168090820e-01,1.328421174548566341e-03,4.369465634226799011e-03,8.716695010662078857e-03
8.260153672168257799e-10,9.845101833343505859e-01,7.261010468937456608e-04,1.023308187723159790e-02,4.530553705990314484e-03
2.340522914368037277e-11,9.997272491455078125e-01,5.242105908109806478e-05,1.846106606535613537e-04,3.575098889996297657e-05
2.755030092949084519e-10,9.934163093566894531e-01,9.314563940279185772e-04,3.154660342261195183e-03,2.497582230716943741e-03
4.296351330257408563e-10,9.444144964218139648e-01,6.746379658579826355e-03,1.357159763574600220e-02,3.526756912469863892e-02
3.456522915112891781e-11,9.970183968544006348e-01,1.671080710366368294e-03,2.053769276244565845e-04,1.105127972550690174e-03
1.343116329960425404e-11,9.960790872573852539e-01,3.213962772861123085e-03,1.093492101063020527e-04,5.975599051453173161e-04
2.695585421541579763e-11,9.907228946685791016e-01,6.172650493681430817e-03,5.109640769660472870e-04,2.593554789200425148e-03
1.500110279051281026e-11,9.987238049507141113e-01,1.193740288726985455e-03,5.822487582918256521e-05,2.422796205792110413e-05
2.079985489400471010e-11,9.993008375167846680e-01,4.591316974256187677e-04,1.526192500023171306e-04,8.743032230995595455e-05
8.119568906117535789e-10,9.109668731689453125e-01,8.375572040677070618e-03,2.554456330835819244e-02,5.511301755905151367e-02
1.383618886130477676e-09,6.590659618377685547e-01,4.429151490330696106e-02,1.177444308996200562e-02,2.848680913448333740e-01
4.036504908100368993e-09,8.133494853973388672e-01,9.021414443850517273e-03,7.734924089163541794e-03,1.698942333459854126e-01
8.398989836955195187e-10,9.538530111312866211e-01,1.015521399676799774e-02,8.705575950443744659e-03,2.728612907230854034e-02
6.332868673908365054e-10,9.810453653335571289e-01,9.903035126626491547e-03,3.699498716741800308e-03,5.352157168090343475e-03
1.825161577428957571e-09,9.126854538917541504e-01,6.803437322378158569e-02,2.257353626191616058e-03,1.702273450791835785e-02
4.077547632874711780e-09,9.092034697532653809e-01,7.877679914236068726e-02,3.177962731570005417e-03,8.841766044497489929e-03
2.040701635452890628e-10,9.810552597045898438e-01,1.796551980078220367e-02,3.027416823897510767e-04,6.764924619346857071e-04
8.078447355508444616e-10,4.735731184482574463e-01,5.126127600669860840e-01,1.569159328937530518e-03,1.224491838365793228e-02
4.159548705473525843e-09,5.069127678871154785e-01,4.649548828601837158e-01,1.082463772036135197e-03,2.704989537596702576e-02
3.236468870682074339e-10,7.633523941040039062e-01,2.321577668190002441e-01,5.233924021013081074e-04,3.966432530432939529e-03
8.638270654337532051e-11,9.172933697700500488e-01,8.205306529998779297e-02,1.819974422687664628e-04,4.716350231319665909e-04
1.260015008996973052e-10,9.397163987159729004e-01,5.994051694869995117e-02,1.799258316168561578e-04,1.631168706808239222e-04
6.994154144734920919e-10,8.099392652511596680e-01,1.797144263982772827e-01,1.132798381149768829e-03,9.213568642735481262e-03
4.671515951848448367e-10,1.626076847314834595e-01,8.150114417076110840e-01,2.322277287021279335e-03,2.005859091877937317e-02
7.451816386172538387e-10,8.356282860040664673e-02,9.125114083290100098e-01,1.100909314118325710e-03,2.824745140969753265e-03
1.937907612159506243e-09,5.650632977485656738e-01,4.298212230205535889e-01,2.032655989751219749e-03,3.082829061895608902e-03
4.624943761299959988e-10,8.566570281982421875e-01,1.423824578523635864e-01,5.052053020335733891e-04,4.554053593892604113e-04
3.645765356274921487e-10,9.317799210548400879e-01,6.678979843854904175e-02,8.101942366920411587e-04,6.200521602295339108e-04
6.846023747897334033e-11,9.811286330223083496e-01,1.839397102594375610e-02,1.463533262722194195e-04,3.310024039819836617e-04
1.333697180472270816e-10,9.841225743293762207e-01,1.564948819577693939e-02,1.049701240845024586e-04,1.229556510224938393e-04
8.869595613525405042e-10,9.343188405036926270e-01,6.094048172235488892e-02,1.030244864523410797e-03,3.710453864187002182e-03
5.101712940991376399e-10,6.389176249504089355e-01,3.550477027893066406e-01,1.374792074784636497e-03,4.659865517169237137e-03
1.234315566422949928e-10,9.513769745826721191e-01,4.690161719918251038e-02,2.858226362150162458e-04,1.435590791516005993e-03
1.119422193829322509e-10,8.510797023773193359e-01,1.441520601511001587e-01,2.213689003838226199e-04,4.546800628304481506e-03
7.446981920011808143e-11,2.593595087528228760e-01,7.401455044746398926e-01,1.360384922008961439e-04,3.589269472286105156e-04
1.623200532319124534e-11,7.334574125707149506e-03,9.923702478408813477e-01,1.647986937314271927e-04,1.303645112784579396e-04
5.162017480131453340e-10,1.069402918219566345e-01,8.921868801116943359e-01,4.602379922289401293e-04,4.125883278902620077e-04
1.713501784905702152e-09,2.355918586254119873e-01,7.633005380630493164e-01,8.138241828419268131e-04,2.937913232017308474e-04
3.813812599062771369e-10,1.776725351810455322e-01,8.210619091987609863e-01,8.001215755939483643e-04,4.654493532143533230e-04
7.209073893399420285e-10,3.795404359698295593e-02,9.516654610633850098e-01,7.725642994046211243e-03,2.654752926900982857e-03
7.933869672349658231e-10,3.908394277095794678e-02,8.884395956993103027e-01,4.932949692010879517e-02,2.314692176878452301e-02
4.300573785975814189e-10,3.492213040590286255e-02,7.847645282745361328e-01,4.467308148741722107e-02,1.356402039527893066e-01
3.614368138116219598e-09,2.320099063217639923e-02,6.249769926071166992e-01,1.196620464324951172e-01,2.321599721908569336e-01
3.901762912761341795e-09,9.515844285488128662e-02,5.629243254661560059e-01,1.511075943708419800e-01,1.908096671104431152e-01
8.078894220275856242e-10,3.620436415076255798e-02,4.545929133892059326e-01,9.846583008766174316e-02,4.107368886470794678e-01
6.408630848220298049e-10,2.007668605074286461e-03,5.444936752319335938e-01,1.229704469442367554e-01,3.305281400680541992e-01
8.348073898822860883e-10,4.121563397347927094e-03,1.585910469293594360e-01,2.941682040691375732e-01,5.431191325187683105e-01
4.794005747932317263e-10,4.454054869711399078e-03,1.556233763694763184e-01,7.161417603492736816e-01,1.237807795405387878e-01
8.733434531116301969e-10,9.469144977629184723e-03,3.161899000406265259e-02,9.100413918495178223e-01,4.887038841843605042e-02
3.331908637882463609e-10,2.599864732474088669e-03,2.054164186120033264e-02,9.661494493484497070e-01,1.070911809802055359e-02
3.485211230724871712e-09,5.317568313330411911e-03,1.074912119656801224e-02,9.267264604568481445e-01,5.720683932304382324e-02
3.354745592432095691e-09,3.103445656597614288e-02,3.888886794447898865e-02,8.803195357322692871e-01,4.975708946585655212e-02
4.106966322581229178e-09,4.050885513424873352e-02,3.204333782196044922e-02,9.078581929206848145e-01,1.958953030407428741e-02
4.031665223891423011e-09,4.804684966802597046e-02,3.429477661848068237e-02,9.154087305068969727e-01,2.249574987217783928e-03
5.820332660277927062e-09,2.025907635688781738e-01,6.685441732406616211e-02,7.300626635551452637e-01,4.920853534713387489e-04
1.842845165356266079e-08,8.100803196430206299e-02,7.669208943843841553e-02,8.417900204658508301e-01,5.098681431263685226e-04
7.443367699977443408e-09,2.877312004566192627e-01,1.006130352616310120e-01,6.109445095062255859e-01,7.112737512215971947e-04
2.853610681086138356e-09,5.021209716796875000e-01,7.842441648244857788e-02,4.188470542430877686e-01,6.075630662962794304e-04
2.226986595132984803e-08,1.485202461481094360e-01,1.281120032072067261e-01,7.226340174674987793e-01,7.337389979511499405e-04
5.389503066055567615e-09,4.152920469641685486e-02,4.409696534276008606e-02,9.139598011970520020e-01,4.140574019402265549e-04
2.272138172054738448e-10,1.844848878681659698e-02,1.456541940569877625e-03,9.798690080642700195e-01,2.258224412798881531e-04
5.793755752936391445e-11,1.676573604345321655e-02,1.613458589417859912e-04,9.826511740684509277e-01,4.218200629111379385e-04
1.028213764131535868e-10,1.595345884561538696e-02,1.289227802772074938e-04,9.837999939918518066e-01,1.175381039502099156e-04
1.016487227722961961e-09,8.393401652574539185e-02,1.123195746913552284e-03,9.144822359085083008e-01,4.606188740581274033e-04
7.508915156329010188e-10,2.017729170620441437e-02,1.658857509028166533e-04,9.793023467063903809e-01,3.544272913131862879e-04
1.485474188100965875e-09,9.696048498153686523e-02,2.423469850327819586e-04,9.023308157920837402e-01,4.663275030907243490e-04
5.066908559392402367e-10,5.007285475730895996e-01,3.587235405575484037e-04,4.984021484851837158e-01,5.106026655994355679e-04
2.350693251162994102e-10,9.637530893087387085e-03,2.308880357304587960e-05,9.901806116104125977e-01,1.587727892911061645e-04
1.057975373974784361e-10,2.343184547498822212e-03,1.453139157092664391e-05,9.976059198379516602e-01,3.639938586275093257e-05
1.980457575712080143e-09,3.884315723553299904e-03,1.497348566772416234e-04,9.959518909454345703e-01,1.406669707648688927e-05
8.508732052270318036e-10,2.141500823199748993e-03,2.929596666945144534e-05,9.978019595146179199e-01,2.725881131482310593e-05
1.884708167310122917e-09,1.333349198102951050e-01,1.199162434204481542e-04,8.658997416496276855e-01,6.453807000070810318e-04
1.678653743786284736e-11,4.237479588482528925e-04,2.909226168412715197e-06,9.995660185813903809e-01,7.333069788728607818e-06
6.995014376759423058e-12,4.464712037588469684e-05,4.471262400329578668e-06,9.999482035636901855e-01,2.530719712012796663e-06
8.213046562288717212e-12,2.082650607917457819e-04,3.024414218089077622e-05,9.996009469032287598e-01,1.605911820661276579e-04
1.073824189290473186e-11,1.280483847949653864e-04,1.102651367546059191e-05,9.998514652252197266e-01,9.427097211300861090e-06
5.649534659535326853e-11,6.951218820177018642e-04,1.469346752855926752e-04,9.985870122909545898e-01,5.709906108677387238e-04
4.964150202013684066e-10,3.160112071782350540e-03,6.525272037833929062e-04,9.937454462051391602e-01,2.441857941448688507e-03
1.553233375251039661e-10,5.310457665473222733e-03,1.266889274120330811e-03,9.919853210449218750e-01,1.437318162061274052e-03
1.072510552591054989e-10,4.727187100797891617e-03,6.205235840752720833e-04,9.936204552650451660e-01,1.031786552630364895e-03
1.081761763499500262e-10,2.698469441384077072e-03,1.817807933548465371e-04,9.969961643218994141e-01,1.235387462656944990e-04
1.138927979704718041e-10,3.357358044013381004e-03,6.017829291522502899e-04,9.951708316802978516e-01,8.699583122506737709e-04
4.057233368714996402e-11,1.289140549488365650e-03,1.538831565994769335e-04,9.984003901481628418e-01,1.565935381222516298e-04
2.360366069265040778e-10,3.125358780380338430e-04,7.428508524753851816e-06,9.996793270111083984e-01,7.130997232707159128e-07
4.229414152234767243e-09,1.907256781123578548e-03,1.356046323053305969e-05,9.980778694152832031e-01,1.332601414105738513e-06
7.124627110499659466e-09,1.229624962434172630e-03,3.394297527847811580e-05,9.987176060676574707e-01,1.880489253380801529e-05
7.203551977141842144e-09,7.660197559744119644e-03,2.249617828056216240e-04,9.919837117195129395e-01,1.310710940742865205e-04
1.834047225202084519e-08,7.303799036890268326e-03,7.589756569359451532e-05,9.925430417060852051e-01,7.722714508417993784e-05
3.327161479660389887e-08,2.342351246625185013e-03,4.492294101510196924e-05,9.975876808166503906e-01,2.495925946277566254e-05
9.593183136757943430e-08,1.300448784604668617e-03,2.080005651805549860e-05,9.986527562141418457e-01,2.592114469734951854e-05
1.174617167976066412e-07,8.434197516180574894e-04,4.162468030699528754e-06,9.991496205329895020e-01,2.635691544128349051e-06
3.043658693968609441e-07,2.110593341058120131e-04,3.853949601761996746e-05,9.997465014457702637e-01,3.611630972955026664e-06
5.214178866452812144e-09,2.967486943816766143e-05,8.204389814636670053e-06,9.999583363533020020e-01,3.846861091005848721e-06
6.982451283832347144e-10,1.455971214454621077e-04,4.766748588735936210e-06,9.998285770416259766e-01,2.097803371725603938e-05
2.673737342639981307e-10,2.576985571067780256e-05,8.185046681319363415e-06,9.999564886093139648e-01,9.560724720358848572e-06
2.181109043375428769e-10,2.320374187547713518e-05,4.221715244057122618e-06,9.999674558639526367e-01,5.058942406321875751e-06
4.625921173895264360e-11,5.431753379525616765e-05,8.268638680419826414e-07,9.999403953552246094e-01,4.475550213101087138e-06
6.257199619552622494e-11,3.178215774823911488e-05,3.727738828729343368e-07,9.999646544456481934e-01,3.036371481357491575e-06
4.573782463879183524e-10,1.010806663543917239e-04,2.642641732109041186e-07,9.998962879180908203e-01,2.407834244877449237e-06
3.927273228843120023e-10,5.274672002997249365e-05,1.196871011188704870e-07,9.999452829360961914e-01,1.936397666213451885e-06
2.615244965031848778e-10,1.569143496453762054e-04,1.597394003738372703e-07,9.998409748077392578e-01,1.851805450314714108e-06
8.881310686881249694e-10,3.029204672202467918e-04,1.821756825393094914e-07,9.996936917304992676e-01,3.203889718861319125e-06
1.742820776584608211e-09,5.648499354720115662e-04,2.757392110197542934e-07,9.994315505027770996e-01,3.327831336719100364e-06
2.542021704243779823e-09,1.809213194064795971e-03,2.371647269683307968e-07,9.981819391250610352e-01,8.677751793584320694e-06
3.541349435920437827e-10,1.637694949749857187e-04,1.183516005198725907e-07,9.998342990875244141e-01,1.795394837245112285e-06
3.218487698575245304e-10,8.107927715172991157e-05,9.848892545960552525e-08,9.999164342880249023e-01,2.411237346677808091e-06
8.690928532395503225e-10,7.562150130979716778e-05,1.114536587465408957e-07,9.999219775199890137e-01,2.421785438855295070e-06
7.687101510889249312e-10,9.465835319133475423e-06,2.469152882156322448e-08,9.999901056289672852e-01,4.608822905538545456e-07
3.863820929872474608e-10,6.915690391906537116e-06,1.334790322715662114e-08,9.999928474426269531e-01,1.761106034336989978e-07
6.946466180046684258e-10,1.000610791379585862e-05,1.645193137278511131e-08,9.999896883964538574e-01,2.772582945453905268e-07
3.560733929930393060e-10,8.405401786149013788e-06,1.696413853835565533e-08,9.999912977218627930e-01,2.592838654891238548e-07
4.333212677565256854e-10,9.070750820683315396e-06,2.232685503145148687e-08,9.999907016754150391e-01,2.617049972286622506e-07
3.558018601967916084e-10,4.808933681488269940e-06,1.122656279051170714e-08,9.999949932098388672e-01,1.759058250172529370e-07
2.483717120860262639e-10,4.661067123379325494e-06,8.138954399328213185e-09,9.999950528144836426e-01,2.726660852658824297e-07
3.393757774805550298e-10,2.356882305321050808e-06,5.554944504382319792e-09,9.999974966049194336e-01,1.488645295921742218e-07
2.630603235243000881e-10,1.863064539975312073e-06,6.012424780266201196e-09,9.999979734420776367e-01,9.489578900456763222e-08
9.835346981290626900e-10,4.180476935289334506e-06,7.190209316831897013e-09,9.999954700469970703e-01,3.603643676797219086e-07
5.717419315764971088e-10,2.586078380772960372e-06,8.110858651377839124e-09,9.999969601631164551e-01,3.637266274836292723e-07
2.187050540669588372e-09,2.552454361648415215e-06,8.239952720145993226e-09,9.999971985816955566e-01,1.800381568273223820e-07
1.467969079627096107e-09,3.925225428247358650e-06,9.770899644934161188e-09,9.999958276748657227e-01,2.027670120696711820e-07
5.978322281663395188e-10,2.493238753231707960e-06,5.598854713184664433e-09,9.999971985816955566e-01,2.230552098581028986e-07
1.064290544583457176e-09,6.713773927913280204e-06,1.039482189213458696e-08,9.999931454658508301e-01,1.525238673139028833e-07
7.860859740915770999e-10,2.730846972553990781e-06,9.500059405809224700e-09,9.999971389770507812e-01,1.368068041074366192e-07
1.068393040704052055e-09,2.035570560110500082e-06,1.436658170206328577e-08,9.999971389770507812e-01,7.745527454972034320e-07
1.144789485429953402e-09,4.678890491049969569e-06,7.583287775503322337e-09,9.999952316284179688e-01,1.175075468040631677e-07
2.585926583975606263e-09,6.726181254634866491e-06,2.345665883751735237e-08,9.999928474426269531e-01,4.220364644424989820e-07
1.296830420827177477e-09,9.866256732493638992e-06,1.746415456693739543e-08,9.999896883964538574e-01,2.986625418088806327e-07
3.741104759313884642e-09,2.007459806918632239e-05,2.413933941625145962e-08,9.999791383743286133e-01,8.365923349629156291e-07
9.160665004337431583e-10,4.423126028996193781e-06,1.624624701435095631e-08,9.999937415122985840e-01,1.732081500449567102e-06
5.475869091497997942e-09,1.225719897774979472e-04,4.346299647295381874e-06,9.998713731765747070e-01,1.708708509795542341e-06
9.312740800737628888e-09,7.477719918824732304e-05,2.713844196478021331e-06,9.999179840087890625e-01,4.493444521358469501e-06
4.315084400907664985e-10,9.651354048401117325e-06,2.827066580834980414e-08,9.999874830245971680e-01,2.859840151359094307e-06
5.715358741831266798e-10,4.599615640472620726e-04,2.478633689406706253e-07,9.995133876800537109e-01,2.641954233695287257e-05
5.340301534317859478e-10,7.403451018035411835e-04,3.511819670620752731e-07,9.992172718048095703e-01,4.206285666441544890e-05
5.470698338783108738e-10,2.722855424508452415e-03,4.343786486060707830e-07,9.971891045570373535e-01,8.763258665567263961e-05
8.715957122706896598e-11,4.291858058422803879e-03,6.033316140019451268e-07,9.956682920455932617e-01,3.923913754988461733e-05
1.662928794665674559e-09,1.111252000555396080e-03,2.224207310064230114e-05,9.988351464271545410e-01,3.136985105811618268e-05
1.169195629202590681e-09,2.117187483236193657e-03,5.492144919116981328e-05,9.977773427963256836e-01,5.040308315074071288e-05
1.188260956297426674e-08,1.535505428910255432e-02,1.124271075241267681e-04,9.842951297760009766e-01,2.373442839598283172e-04
5.622257770454552883e-09,2.290260232985019684e-02,8.593712846050038934e-05,9.763146638870239258e-01,6.967114168219268322e-04
2.137502548293923610e-07,9.404931217432022095e-03,2.372444869251921773e-04,9.887784719467163086e-01,1.579080591909587383e-03
1.472068955621352870e-08,2.902349643409252167e-02,1.079132416634820402e-04,9.706824421882629395e-01,1.861308264778926969e-04
6.288564780021488332e-09,2.621723413467407227e-01,8.003439870662987232e-05,7.374379038810729980e-01,3.097800363320857286e-04
2.269968879531347739e-09,3.827120736241340637e-02,2.666058717295527458e-04,9.573574662208557129e-01,4.104685969650745392e-03
1.058127807596065395e-08,1.261176913976669312e-01,7.785419584251940250e-04,8.669230937957763672e-01,6.180649623274803162e-03
7.327532469680875238e-10,1.488536298274993896e-01,1.350498787360265851e-04,8.296341896057128906e-01,2.137708663940429688e-02
2.529475739976305704e-09,6.497433036565780640e-02,2.354114985791966319e-04,7.359567880630493164e-01,1.988334804773330688e-01
3.485895794241855583e-09,2.240166068077087402e-02,3.909967490471899509e-04,8.458486795425415039e-01,1.313586682081222534e-01
6.091750659464878481e-09,2.873907387256622314e-01,3.754678473342210054e-04,6.560937762260437012e-01,5.613990873098373413e-02
1.814450989456872776e-08,5.770311132073402405e-02,4.643872089218348265e-04,8.916618227958679199e-01,5.017073452472686768e-02
2.087463535360711830e-09,7.269006222486495972e-03,5.502339918166399002e-04,9.640128016471862793e-01,2.816798165440559387e-02
3.490375277692692180e-08,8.276537992060184479e-03,3.144591755699366331e-04,9.447370171546936035e-01,4.667198285460472107e-02
1.075238458270177944e-07,2.282210439443588257e-01,6.837666733190417290e-04,7.433251738548278809e-01,2.776991762220859528e-02
6.094995796956936829e-08,2.076843231916427612e-01,3.855852410197257996e-03,7.374561429023742676e-01,5.100354552268981934e-02
1.843927233124986742e-09,8.047298192977905273e-01,7.349522784352302551e-04,1.841163188219070435e-01,1.041891612112522125e-02
2.258222941975418507e-09,5.982478857040405273e-01,1.186809735372662544e-03,3.166844546794891357e-01,8.388075977563858032e-02
4.864545211091808596e-09,1.390328407287597656e-01,2.593937097117304802e-03,7.086876034736633301e-01,1.496856063604354858e-01
4.246866858181874704e-09,4.288430511951446533e-02,1.792528433725237846e-03,3.517775833606719971e-01,6.035454869270324707e-01
1.274997107891806536e-09,9.291080757975578308e-03,1.304069068282842636e-03,2.448525279760360718e-01,7.445523142814636230e-01
3.940819226500025252e-09,6.808840407757088542e-05,4.277148400433361530e-04,6.613780260086059570e-01,3.381261229515075684e-01
2.000350329822708773e-09,1.946444717759732157e-05,4.145287675783038139e-04,4.106241762638092041e-01,5.889418721199035645e-01
2.028614165539011083e-09,6.621993088629096746e-05,1.074900719686411321e-04,2.519094347953796387e-01,7.479168176651000977e-01
1.842695718234921287e-10,4.735102629638276994e-05,2.857298386516049504e-05,2.986442856490612030e-02,9.700596332550048828e-01
1.706661062472747403e-10,6.834455998614430428e-04,9.478007996222004294e-05,2.697885967791080475e-02,9.722428321838378906e-01
3.966872386129693950e-10,3.421921064727939665e-05,1.026994868880137801e-04,1.008209288120269775e-01,8.990421295166015625e-01
7.901778120711355768e-10,2.488821337465196848e-05,7.162690599216148257e-05,6.939904391765594482e-02,9.305043816566467285e-01
4.030425437839824099e-10,7.359377377724740654e-06,8.718743629287928343e-05,1.034920439124107361e-01,8.964133858680725098e-01
4.298129907542858064e-10,1.619819158804602921e-05,2.624608532642014325e-05,4.166549444198608398e-01,5.833026170730590820e-01
1.180550102120037081e-09,4.187789454590529203e-05,4.274436287232674658e-05,3.636389374732971191e-01,6.362764239311218262e-01
1.465227716934691671e-09,4.700629506260156631e-05,4.210829138173721731e-05,1.076347380876541138e-01,8.922760486602783203e-01
4.466322867102689997e-10,1.942520793818403035e-05,1.495046217314666137e-05,2.978546321392059326e-01,7.021108865737915039e-01
2.566085122168715316e-10,6.362736166920512915e-05,3.834493691101670265e-05,2.290537506341934204e-01,7.708442211151123047e-01
2.364078655059387302e-10,3.398112603463232517e-04,7.644565630471333861e-05,1.610478609800338745e-01,8.385357856750488281e-01
5.389836840730133360e-11,2.442954864818602800e-04,8.449191227555274963e-05,8.519440144300460815e-02,9.144768118858337402e-01
4.581507395684525363e-11,1.100980211049318314e-03,6.786733865737915039e-05,9.569457918405532837e-02,9.031366109848022461e-01
5.402118197217475881e-10,2.105969004333019257e-03,3.718174411915242672e-04,1.733366847038269043e-01,8.241854906082153320e-01
1.492277551529141988e-10,6.764024146832525730e-04,1.843481732066720724e-04,6.224006786942481995e-02,9.368990659713745117e-01
5.841015449092878953e-10,1.042054034769535065e-03,4.421998164616525173e-04,2.031477242708206177e-01,7.953680157661437988e-01
1.930422266482878513e-09,4.862999194301664829e-04,2.146831684513017535e-04,1.348265260457992554e-01,8.644725084304809570e-01
1.346673106361606642e-09,1.075102714821696281e-03,2.505368611309677362e-04,5.796300992369651794e-02,9.407113194465637207e-01
2.961603184914451958e-09,3.430300392210483551e-03,2.533895894885063171e-04,1.115739643573760986e-01,8.847423791885375977e-01
2.619859440500249548e-09,1.095554209314286709e-03,7.158443622756749392e-05,5.277119204401969910e-02,9.460615515708923340e-01
1.506054947419954715e-09,1.141123939305543900e-03,1.778389560058712959e-04,2.251051962375640869e-01,7.735759615898132324e-01
9.822730406838786621e-10,2.343914238736033440e-03,1.964019902516156435e-04,4.292649924755096436e-01,5.681947469711303711e-01
4.579325529885380774e-10,2.356152981519699097e-03,2.015060308622196317e-04,2.899063527584075928e-01,7.075359821319580078e-01
1.576878627673750088e-09,1.755168341333046556e-04,3.193434167769737542e-05,4.127919375896453857e-01,5.870006680488586426e-01
1.521148078609257936e-05,5.574038950726389885e-04,1.053956930263666436e-05,3.091179765760898590e-02,9.685050249099731445e-01
