2.900469020516993623e-08,9.994974732398986816e-01,4.973546019755303860e-04,1.664318006078246981e-06,3.534598590704263188e-06
1.293209983543874841e-08,9.998538494110107422e-01,1.406191586283966899e-04,2.202851646870840341e-06,3.305683321741526015e-06
5.073864439708586360e-09,9.999139308929443359e-01,7.661928975721821189e-05,4.351239113020710647e-06,5.046577825851272792e-06
1.656616288592260844e-09,9.999328851699829102e-01,6.053921242710202932e-05,6.481473064923193306e-06,1.165402920833003009e-07
3.110412150064689740e-09,9.991962313652038574e-01,6.790666375309228897e-04,1.150238967966288328e-04,9.662156116974074394e-06
8.031044984591062530e-08,9.986593723297119141e-01,1.090264064259827137e-03,2.457086520735174417e-04,4.534568688541185111e-06
1.471087358595468686e-07,9.979499578475952148e-01,1.547230524010956287e-03,4.967703134752810001e-04,5.777008482255041599e-06
1.358033330234320601e-08,9.996596574783325195e-01,2.792862360365688801e-04,6.031297016306780279e-05,7.110983801794645842e-07
3.655472036179219231e-10,9.999384880065917969e-01,5.602529927273280919e-05,5.202489319344749674e-06,2.152693951984474552e-07
4.915476914391092578e-10,9.999505281448364258e-01,4.592273762682452798e-05,2.890767973440233618e-06,7.023642751846637111e-07
1.905703174998052418e-05,8.314434289932250977e-01,5.868818238377571106e-02,6.703973282128572464e-03,1.031452640891075134e-01
7.621226566500993727e-11,9.999681115150451660e-01,2.854746162483934313e-05,2.803630422931746580e-06,4.122954351259977557e-07
2.315511119377333671e-05,8.145955204963684082e-01,6.790313124656677246e-02,7.115370128303766251e-03,1.103628277778625488e-01
4.427238090021212713e-11,9.999546408653259277e-01,4.461306525627151132e-05,5.477268700815329794e-07,1.445221329277046607e-07
9.202110601291835223e-11,9.999698996543884277e-01,2.946899621747434139e-05,3.348809798353613587e-07,2.893370378842519131e-07
2.610658390855835620e-11,9.999888539314270020e-01,1.054506901709828526e-05,1.888434439933917020e-07,3.197593798631714890e-07
2.214583400927949697e-05,8.189384341239929199e-01,6.568071246147155762e-02,7.004191167652606964e-03,1.083544939756393433e-01
2.030005330500017635e-11,9.999858736991882324e-01,1.366253218293422833e-05,2.506715190975228325e-07,1.406566241257678485e-07
1.385798940878313346e-11,9.999922513961791992e-01,7.398806701530702412e-06,2.219026953298453009e-07,7.933560652872984065e-08
8.926821087884562189e-11,9.999678730964660645e-01,3.025447040272410959e-05,1.025710616886499338e-06,7.755351134619559161e-07
2.168882747355382890e-05,8.214915394783020020e-01,6.428215652704238892e-02,6.913024466484785080e-03,1.072916239500045776e-01
8.438205104273344137e-13,9.999936819076538086e-01,6.326120910671306774e-06,2.933265363935788628e-08,1.089208012672315817e-08
1.413130788600891474e-12,9.999948143959045410e-01,5.129457804287085310e-06,4.362998140550189419e-08,1.488168965835257040e-08
9.942825642678121412e-13,9.999912977218627930e-01,8.723189239390194416e-06,2.274694388404441270e-08,1.247666592263385610e-08
5.598515141064241973e-12,9.999694824218750000e-01,3.038867180293891579e-05,9.787076038492159569e-08,2.888284988955547306e-08
1.577459950857784676e-12,9.999971389770507812e-01,2.778996076813200489e-06,2.158160583576318459e-08,2.719582958832233999e-08
6.428808765716886864e-13,9.999986886978149414e-01,1.333493855781853199e-06,2.112582642155302892e-08,8.285451436051971541e-09
4.433613578266187849e-13,9.999989271163940430e-01,1.041473751683952287e-06,1.611760502839842957e-08,4.067387759931762048e-09
2.468713167919078799e-13,9.999985694885253906e-01,1.467645120101224165e-06,2.184800251825436135e-08,5.008157000219171096e-09
4.663256000965454451e-13,9.999985694885253906e-01,1.448024136152525898e-06,1.761395651556085795e-08,7.757672726427244925e-09
5.760637735059692677e-13,9.999935626983642578e-01,6.426882919186027721e-06,1.836823315670699230e-08,1.083303136084623475e-08
4.411933600574624581e-13,9.999934434890747070e-01,6.604803729715058580e-06,1.863977772131875099e-08,6.988890355330568127e-09
4.630976591785129770e-12,9.999866485595703125e-01,1.331632847723085433e-05,3.711447860155203671e-08,3.317213170817012724e-08
6.460948442921221613e-11,9.999085068702697754e-01,9.045073966262862086e-05,7.989613663994532544e-07,2.668793968041427433e-07
2.673523347151984808e-10,9.999548196792602539e-01,4.092777453479357064e-05,2.624386979732662439e-06,1.684599737927783281e-06
1.724989751039629482e-08,9.998240470886230469e-01,1.590026513440534472e-04,1.503701423644088209e-05,1.885315100480511319e-06
4.940300390998686453e-10,9.999462962150573730e-01,5.192529351916164160e-05,1.159161911346018314e-06,5.426880420600355137e-07
2.341330948563147274e-11,9.999950528144836426e-01,4.586043360177427530e-06,1.757477008368368843e-07,1.452929865308760782e-07
4.922724554379254158e-12,9.999942183494567871e-01,5.598505595116876066e-06,7.648731781273454544e-08,2.408369326190040738e-08
3.821119202301881401e-12,9.999965429306030273e-01,3.466976977506419644e-06,4.565541900092284777e-08,2.324430603550808883e-08
2.168525558773892747e-12,9.999984502792358398e-01,1.554205482534598559e-06,2.926140751924322103e-08,2.992442915683568572e-08
2.806253710310735450e-12,9.999989271163940430e-01,9.824777862377231941e-07,1.696773033188492263e-08,3.885344668219659070e-08
2.597044324384456537e-12,9.999984502792358398e-01,1.476892293794662692e-06,1.910482438916005776e-08,4.432035183299376513e-08
3.346132615780761377e-12,9.999933242797851562e-01,6.619357009185478091e-06,4.266728481638892845e-08,6.170913025016488973e-08
6.064092370611229299e-12,9.999914169311523438e-01,8.507036000082734972e-06,5.257182067452959018e-08,1.190619798308034660e-07
1.060825993021152769e-11,9.999905824661254883e-01,8.876492756826337427e-06,1.276304999464628054e-07,3.795216230173537042e-07
7.957473222020006176e-12,9.999971389770507812e-01,2.185646280850050971e-06,6.347156755737159983e-08,5.185378313399269246e-07
1.544714876844377471e-11,9.999954700469970703e-01,3.493815711408387870e-06,1.239563260924114729e-07,8.988732247416919563e-07
8.632041262335299336e-12,9.999950528144836426e-01,4.429931323102209717e-06,6.825226250839477871e-08,3.351787825067731319e-07
2.019693440269421103e-11,9.999901056289672852e-01,6.540386493725236505e-06,1.777462870222734637e-07,3.177168537149555050e-06
1.070819561493907557e-11,9.999912977218627930e-01,8.197319402825087309e-06,1.356637397975646309e-07,3.995765212039259495e-07
6.450778106126264788e-11,9.999877810478210449e-01,1.189670911116991192e-05,1.674959975161982584e-07,1.768595723206090042e-07
6.163861088204214411e-10,9.999179840087890625e-01,7.865033694542944431e-05,1.205106741508643609e-06,2.107409045493113808e-06
8.079679703065778540e-10,9.999634027481079102e-01,2.696308365557342768e-05,8.208045073843095452e-06,1.367270556329458486e-06
6.526456458599838584e-11,9.999891519546508789e-01,8.286381671496201307e-06,2.504391432012198493e-06,9.589908955831560888e-08
5.159534258170062060e-11,9.999804496765136719e-01,1.856805647548753768e-05,9.053107419276784640e-07,1.043813391277126357e-08
5.716644935205295042e-10,9.999787807464599609e-01,2.033543933066539466e-05,7.617840651619189885e-07,1.474781754495779751e-07
1.668702687140921626e-08,9.996278285980224609e-01,3.676389751490205526e-04,3.228122068321681581e-06,1.312947802034614142e-06
1.858201481574894842e-09,9.996109008789062500e-01,3.867449413519352674e-04,1.719779447739711031e-06,6.403703878277156036e-07
1.460053322688281696e-08,9.977514743804931641e-01,2.199963200837373734e-03,1.294994035561103374e-05,3.555212242645211518e-05
8.540996354611252173e-09,9.963868856430053711e-01,3.589067608118057251e-03,1.103758131648646668e-05,1.299017731071216986e-05
9.606527129335518111e-09,9.988111257553100586e-01,1.173348282463848591e-03,7.497174010495655239e-06,7.994975931069348007e-06
7.167944886532495730e-07,8.983839750289916992e-01,6.235730275511741638e-02,2.098995260894298553e-03,3.715902566909790039e-02
7.865247653171536513e-08,9.834642410278320312e-01,1.650638878345489502e-02,1.375403826386900619e-06,2.785017386486288160e-05
9.398595324228153913e-08,9.973927736282348633e-01,2.604936482384800911e-03,3.306133677938305482e-08,2.160533085771021433e-06
8.171304188842043459e-10,9.975931048393249512e-01,2.406710525974631310e-03,7.428631931816198630e-09,1.206939259645878337e-07
1.903678326087288042e-10,9.989996552467346191e-01,1.000352320261299610e-03,3.800083803184861608e-09,4.925890451090708666e-08
7.138780538928912733e-11,9.990892410278320312e-01,9.107594378292560577e-04,2.365906803802886316e-09,5.670205638352854294e-08
6.828861087715409894e-11,9.969657063484191895e-01,3.034071996808052063e-03,5.765045774097643516e-09,2.299468775390778319e-07
5.494208199507966128e-09,9.987126588821411133e-01,1.286742393858730793e-03,1.878074051830935787e-08,6.287534120019699913e-07
3.965487938017986380e-10,9.974399805068969727e-01,2.559697953984141350e-03,8.521956473828140588e-09,2.816086350776458858e-07
1.062606599933069162e-10,9.932416081428527832e-01,6.757551804184913635e-03,2.395468179372528539e-08,7.881718033786455635e-07
1.707290309127529326e-09,9.957765340805053711e-01,4.222596064209938049e-03,3.988711938518463285e-08,7.780529927003954072e-07
1.292118911866424469e-10,9.950428605079650879e-01,4.957029595971107483e-03,8.600483880627507460e-09,1.356906409455405083e-07
7.668894685952665213e-11,9.967989921569824219e-01,3.200915176421403885e-03,2.285138744895220952e-09,3.492279532224529248e-08
1.026001991699665439e-10,9.988128542900085449e-01,1.187105779536068439e-03,6.047942147091589504e-09,5.802589697623261600e-08
7.428496706651799286e-11,9.983655810356140137e-01,1.634344458580017090e-03,9.326178940227691783e-09,8.801521289569791406e-08
4.506736997478277829e-11,9.972057938575744629e-01,2.793897408992052078e-03,1.379811465085367672e-08,3.093388158958987333e-07
2.729171055815271529e-11,9.981695413589477539e-01,1.829830114729702473e-03,4.153200805490087077e-08,5.757123062721802853e-07
5.573171438233437414e-11,9.976165890693664551e-01,2.382735721766948700e-03,9.999869376997594372e-08,5.549009074456989765e-07
1.137447497301380395e-10,9.984518289566040039e-01,1.547865918837487698e-03,1.393098898461175850e-07,1.425441951141692698e-07
3.857162506060163309e-11,9.985438585281372070e-01,1.456105266697704792e-03,7.860534445569555828e-09,1.042271602358368909e-08
8.047301713887122787e-11,9.955731630325317383e-01,4.426836036145687103e-03,1.807390859198676480e-08,1.282218864417927762e-08
5.684772791392234126e-11,9.960221648216247559e-01,3.977597691118717194e-03,9.176640958230564138e-08,1.415930910297902301e-07
2.905233276173646573e-10,9.808602333068847656e-01,1.913960464298725128e-02,6.152203724241189775e-08,9.300320158445174457e-08
2.303217479493469000e-05,8.154150247573852539e-01,6.753227859735488892e-02,7.089753169566392899e-03,1.099398806691169739e-01
1.099966162598775554e-08,9.800208210945129395e-01,1.996207423508167267e-02,5.207031335885403678e-06,1.176080058939987794e-05
2.273279642395209521e-05,8.169018626213073730e-01,6.669078022241592407e-02,7.043887861073017120e-03,1.093407496809959412e-01
5.479078879488952225e-08,9.782603383064270020e-01,2.103382907807826996e-02,3.822207800112664700e-04,3.234800242353230715e-04
9.638291276203858615e-10,9.998663663864135742e-01,1.320169831160455942e-04,8.133918640851334203e-07,7.491531164305342827e-07
3.710522167299501461e-11,9.990034699440002441e-01,9.964347118511795998e-04,1.161603648824893753e-07,4.502215844581769488e-08
4.179753418376286334e-11,9.994109869003295898e-01,5.888815503567457199e-04,8.692678221677851980e-08,7.905354593162883248e-09
1.266957927459344546e-10,9.990904331207275391e-01,9.091874235309660435e-04,2.994202930040046340e-07,9.979875592591724853e-09
4.315378263064495457e-11,9.999238252639770508e-01,7.608489977428689599e-05,7.879015839762359974e-08,3.698859663003872811e-09
3.379287127902586008e-11,9.999821186065673828e-01,1.789076850400306284e-05,5.799889990498741099e-08,2.799708909151377156e-09
3.432855128632228414e-12,9.999933242797851562e-01,6.643547294515883550e-06,2.306464708112798689e-08,2.416553623874051482e-09
1.524285146888015863e-12,9.999963045120239258e-01,3.731418701136135496e-06,2.007690369509873562e-08,1.899903345758957585e-09
6.272155971681625530e-12,9.999901056289672852e-01,9.775780199561268091e-06,1.070764596988738049e-07,9.548910107071151288e-09
6.848580296620054852e-12,9.999933242797851562e-01,6.637277692789211869e-06,5.562984384255287296e-08,6.903265958868587404e-09
3.718127151650096884e-13,9.999978542327880859e-01,2.106111196553683840e-06,1.378919556316304806e-08,1.230759272274895011e-09
9.714538201643918569e-13,9.999986886978149414e-01,1.346649469269323163e-06,1.127067417172611385e-08,3.446309460031216076e-09
1.485205621681862098e-12,9.999980330467224121e-01,1.950554178620222956e-06,1.161844576103021609e-08,1.819270400993389103e-09
1.919359393642849909e-10,9.999922513961791992e-01,7.156337233027443290e-06,5.770376105829200242e-07,3.324007513683113757e-09
1.890693851480662602e-11,9.999986886978149414e-01,1.162532953458139673e-06,9.295230540828924859e-08,8.471616186334074428e-10
8.393596147987514300e-13,9.999997615814208984e-01,2.708769386572384974e-07,2.144308375306991366e-08,4.706179890234807317e-10
1.258786824775981472e-11,9.999989271163940430e-01,9.961829618987394497e-07,7.918548305951844668e-08,1.722125442249478056e-09
2.282357115801492142e-11,9.999993443489074707e-01,4.505590140979620628e-07,1.318406361860979814e-07,2.409420218896229926e-09
2.289499145824436255e-11,9.999993443489074707e-01,4.974859280082455371e-07,1.065414920731200255e-07,1.202040134096193924e-09
6.619390452433648875e-11,9.999985694885253906e-01,1.185140718007460237e-06,2.874974711630784441e-07,2.955638400692350842e-09
8.052122857371557529e-11,9.999990463256835938e-01,6.381847583725175355e-07,3.144772904306591954e-07,3.325237640794398430e-09
1.420967649101712027e-10,9.999991059303283691e-01,4.789575314134708606e-07,4.132362221298535587e-07,2.358927275736277807e-09
5.904546296342516598e-11,9.999989271163940430e-01,6.630207280977629125e-07,3.774123342736857012e-07,1.083203526874854106e-09
3.070766904644806061e-11,9.999991059303283691e-01,5.629243560179020278e-07,2.484789547452237457e-07,1.121639003898167175e-09
2.569571291854977346e-11,9.999995231628417969e-01,3.939192367852228926e-07,1.691097111233830219e-07,4.682274012957066134e-10
4.433888672883412596e-11,9.999990463256835938e-01,6.691851694995420985e-07,2.859819687728304416e-07,1.058314991198017196e-09
7.426839004898155849e-11,9.999984502792358398e-01,9.290059779232251458e-07,6.052333105799334589e-07,2.230259532609579765e-08
1.248576415868729583e-11,9.999989271163940430e-01,3.824118266493314877e-07,6.793429179197119083e-07,2.922548603123686917e-08
2.297336799961247067e-12,9.999995231628417969e-01,3.892579059083800530e-07,7.105631283366165007e-08,2.821263445085264721e-09
1.110402460084702891e-12,9.999989271163940430e-01,8.906677066988777369e-07,8.200838408356503351e-08,6.454255352394966394e-09
2.555190217398695118e-13,9.999997615814208984e-01,2.849531597348686773e-07,4.665296060579748882e-08,4.872884318274373072e-09
5.255191626914873515e-14,9.999986886978149414e-01,1.265880769096838776e-06,3.471791032438886759e-08,6.080873138358811048e-09
1.442449844735616687e-14,9.999955892562866211e-01,4.372904186311643571e-06,4.081549320744670695e-08,5.802520686160050900e-09
5.446501471942193084e-14,9.999966621398925781e-01,3.387601509530213661e-06,1.699117646580816654e-08,2.739912963178881000e-09
3.013645106034190668e-13,9.999942183494567871e-01,5.772332769993226975e-06,1.949761596620191995e-08,3.780665114305747920e-09
3.119469613177550116e-11,9.999505281448364258e-01,4.726751649286597967e-05,8.303510981022554915e-07,1.340463199994701426e-06
1.170172292397353431e-10,9.998227357864379883e-01,1.749956863932311535e-04,1.909952288770000450e-06,3.765534302146988921e-07
3.507523160806158558e-10,9.994414448738098145e-01,5.517906975001096725e-04,5.454003257909789681e-06,1.292152319365413859e-06
1.009854005973309654e-11,9.984478354454040527e-01,1.548997126519680023e-03,3.163031806252547540e-06,1.930891180279559194e-08
1.125425169723470731e-10,9.997758269309997559e-01,2.036741643678396940e-04,2.042355845333077013e-05,6.954068965114856837e-08
6.213077968775237991e-11,9.996893405914306641e-01,2.979739219881594181e-04,1.268634423468029127e-05,3.431703277101405547e-08
1.331057985186345771e-12,9.999482035636901855e-01,5.161523949936963618e-05,8.726600242425774923e-08,3.450181529363050004e-10
1.459532581599143342e-12,9.999632835388183594e-01,3.676822598208673298e-05,3.720066032997237926e-08,3.226085842911174950e-09
3.659835455527282733e-12,9.999691247940063477e-01,3.086680953856557608e-05,9.047936622152974451e-09,1.815582129083281870e-09
1.661468705671520496e-11,9.999698996543884277e-01,3.018368806806392968e-05,6.822163722830509869e-09,1.081933653779287852e-09
2.652902203470475229e-12,9.999406337738037109e-01,5.938650792813859880e-05,1.552746020649919956e-08,7.350797193161895393e-10
2.894400647976413943e-12,9.998288154602050781e-01,1.710975047899410129e-04,2.712066482501995779e-08,1.058811593956932029e-09
2.099340146166639443e-11,9.989382028579711914e-01,1.061482122167944908e-03,1.832205640539541491e-07,2.576169277901385612e-09
4.286159274724532509e-11,9.991328120231628418e-01,8.671276154927909374e-04,7.074946495322365081e-08,1.620876588503961102e-08
2.675511201477576151e-11,9.967121481895446777e-01,3.287162631750106812e-03,6.035025421624595765e-07,1.129846172176485197e-08
2.551000036210560040e-11,9.900878071784973145e-01,9.906020946800708771e-03,6.125548679847270250e-06,3.555172867208966636e-08
1.215352471439778981e-11,9.920060634613037109e-01,7.992282509803771973e-03,1.543935354675340932e-06,2.131008436379033810e-08
7.430285831055982726e-10,8.737174272537231445e-01,1.262356489896774292e-01,4.655592056224122643e-05,4.250461245192127535e-07
1.367991553369307667e-10,9.292395710945129395e-01,7.075450569391250610e-02,5.722689365939004347e-06,1.152757391764680506e-07
8.649778809877162189e-11,9.914887547492980957e-01,8.504904806613922119e-03,6.251614195207366720e-06,1.653908299203976640e-08
2.102676255333335575e-09,8.646937012672424316e-01,1.325234621763229370e-01,2.779250964522361755e-03,3.656678927654866129e-06
7.032425197728287003e-10,8.808293938636779785e-01,1.171468570828437805e-01,2.014582976698875427e-03,9.124438292928971350e-06
3.928651570728192155e-10,8.957177400588989258e-01,1.026945039629936218e-01,1.584076206199824810e-03,3.744951072803814895e-06
1.291511697587566232e-08,8.885622024536132812e-01,1.085653007030487061e-01,2.733782399445772171e-03,1.386100047966465354e-04
3.078828303415548362e-09,9.637768864631652832e-01,3.611210733652114868e-02,1.087203127099201083e-04,2.359916379646165296e-06
5.520198342878757103e-08,9.099773168563842773e-01,8.782047778367996216e-02,2.148350467905402184e-03,5.370811777538619936e-05
1.871534749398051645e-07,9.332104325294494629e-01,5.678682774305343628e-02,9.760458022356033325e-03,2.420411765342578292e-04
2.281681510396538215e-08,9.979190826416015625e-01,1.924982061609625816e-03,1.531476445961743593e-04,2.712441983021562919e-06
2.442825275394966411e-09,9.985503554344177246e-01,1.425834372639656067e-03,2.348292764509096742e-05,3.880373924403102137e-07
1.353303469286970540e-09,9.977611303329467773e-01,2.143582096323370934e-03,9.506767673883587122e-05,2.110948287281644298e-07
1.014921924280542953e-09,9.986538887023925781e-01,1.282404293306171894e-03,6.348867464112117887e-05,2.493741533271531807e-07
1.637831537060208120e-09,9.948293566703796387e-01,5.048763938248157501e-03,1.203167121275328100e-04,1.482470565861149225e-06
1.319294118395930582e-09,9.856289029121398926e-01,1.423206366598606110e-02,1.381536421831697226e-04,8.360747187907691114e-07
3.205035126185862282e-10,9.945544600486755371e-01,5.412187427282333374e-03,3.319097959320060909e-05,1.274507326343155000e-07
2.108007934875644196e-10,9.995219707489013672e-01,4.701212747022509575e-04,7.898787771409843117e-06,5.639799738332840207e-08
2.431463363983255022e-10,9.989477992057800293e-01,1.037284499034285545e-03,1.494179650762816891e-05,1.117772541192607605e-07
3.551358859765763043e-11,9.991384148597717285e-01,8.501932607032358646e-04,1.129190786741673946e-05,1.362318613473689766e-07
2.237342811017839495e-10,9.999519586563110352e-01,4.467071630642749369e-05,3.230795527997543104e-06,1.453656182093254756e-07
8.213289492964293004e-10,9.998627305030822754e-01,1.279741700273007154e-04,7.804158485669177026e-06,1.589938392498879693e-06
4.738117675984199195e-10,9.999279975891113281e-01,4.785315832123160362e-05,1.913795131258666515e-05,4.994966275262413546e-06
1.874437272064710669e-09,9.999522566795349121e-01,3.297215516795404255e-05,1.324331697105662897e-05,1.528216898805112578e-06
4.401033315559743642e-09,9.997269511222839355e-01,1.349055819446220994e-04,9.354337089462205768e-05,4.453947985894046724e-05
1.634416629814339217e-10,9.999358057975769043e-01,3.330585968797095120e-05,1.661202986724674702e-05,1.430648535460932180e-05
8.183434485609097919e-11,9.999263882637023926e-01,6.051647142157889903e-05,5.194388904783409089e-06,7.785136403981596231e-06
7.705259763568506060e-10,9.999034404754638672e-01,6.966001092223450541e-05,1.852451168815605342e-05,8.446752872259821743e-06
3.514298227424994536e-11,9.997949004173278809e-01,1.965978299267590046e-04,6.870378456369508058e-06,1.587029828442609869e-06
1.713482762795426328e-12,9.998350143432617188e-01,1.634077198104932904e-04,1.303857629864069168e-06,1.834641238929179963e-07
1.166265001240063270e-12,9.999644756317138672e-01,3.455445767031051219e-05,9.487783358963497449e-07,3.400966974709263013e-08
2.341718399051506694e-12,9.997400045394897461e-01,2.574434620328247547e-04,2.377815235377056524e-06,1.016608450754574733e-07
5.329106253504356516e-11,9.951415657997131348e-01,4.851613193750381470e-03,6.518690952361794189e-06,2.574636823737819213e-07
2.423324874101240312e-09,9.889817237854003906e-01,1.098829321563243866e-02,2.805929034366272390e-05,1.897222887237148825e-06
3.576561269369449292e-09,9.986997842788696289e-01,1.219023251906037331e-03,7.923984230728819966e-05,1.821398086576664355e-06
1.002387617354827398e-10,9.999331235885620117e-01,4.548178912955336273e-05,2.123181366187054664e-05,1.781887561946859933e-07
1.817986039487351491e-10,9.999287128448486328e-01,6.744144047843292356e-05,3.491307779768249020e-06,3.251828957218094729e-07
1.120181059022229419e-09,9.999042153358459473e-01,9.109158418141305447e-05,3.991268840763950720e-06,8.010441661099321209e-07
1.936202413677090561e-11,9.998705387115478516e-01,1.291669468628242612e-04,1.901134112358704442e-07,2.347671035352050239e-08
1.812775068943395240e-10,9.975623488426208496e-01,2.425198210403323174e-03,1.223256367666181177e-05,1.526377957361546578e-07
4.006418113933207792e-11,9.994463324546813965e-01,5.512210773304104805e-04,2.293024863320169970e-06,1.622539969048375497e-07
4.766868150207770327e-11,9.991646409034729004e-01,8.316461462527513504e-04,3.323695409562787972e-06,3.697216470754938200e-07
3.554596287452804759e-12,9.996770024299621582e-01,3.225328109692782164e-04,4.029851083942048717e-07,3.140644366794731468e-08
7.873080659637210488e-12,9.972596764564514160e-01,2.739444375038146973e-03,9.739613915371592157e-07,2.570869384044272010e-08
1.318555854779024372e-11,9.970367550849914551e-01,2.962129190564155579e-03,1.103463887375255581e-06,2.782000407819396059e-08
9.362475378305035179e-11,9.964867830276489258e-01,3.513086121529340744e-03,1.272967011800574255e-07,4.023048560952702246e-08
2.279691296847019544e-10,9.814991950988769531e-01,1.849824935197830200e-02,2.456394895489211194e-06,8.276815322005859343e-08
8.800584566648339546e-11,9.842340350151062012e-01,1.576134935021400452e-02,4.572422312776325271e-06,2.098794738003562088e-08
6.635511029529084226e-10,9.736561775207519531e-01,2.633102238178253174e-02,1.266394610865972936e-05,1.134905005528707989e-07
2.324047843060839114e-09,8.974356055259704590e-01,1.022734045982360840e-01,2.906212175730615854e-04,2.741599018918350339e-07
1.026139034854267607e-10,9.472214579582214355e-01,5.265132337808609009e-02,1.270811189897358418e-04,1.286955750856577652e-07
5.410522030402376004e-10,9.473984837532043457e-01,5.245405435562133789e-02,1.464363886043429375e-04,9.656301926952437498e-07
2.150518957932945341e-05,8.210954666137695312e-01,6.459633260965347290e-02,6.927239708602428436e-03,1.073594614863395691e-01
3.412513649436732521e-08,9.578413367271423340e-01,2.017480321228504181e-02,6.523141171783208847e-03,1.546055730432271957e-02
1.110192382469676886e-09,9.975542426109313965e-01,2.294820267707109451e-03,1.396374718751758337e-04,1.135251477535348386e-05
1.713993924568057992e-07,9.959941506385803223e-01,3.586381673812866211e-03,3.647682606242597103e-04,5.449368836707435548e-05
1.471057942126208218e-07,9.982517361640930176e-01,1.549229724332690239e-03,1.963291433639824390e-04,2.487574420229066163e-06
6.586429890376166441e-08,9.986304044723510742e-01,9.644536767154932022e-04,4.006632952950894833e-04,4.382143288239603862e-06
4.187196012139793311e-08,9.994549155235290527e-01,3.838027769234031439e-04,1.564484409755095840e-04,4.817223270947579294e-06
4.681148246810096225e-10,9.996179342269897461e-01,3.687141288537532091e-04,1.318050726695219055e-05,6.969924015720607713e-08
1.115302641907511827e-10,9.992641806602478027e-01,7.284189341589808464e-04,7.128566267056157812e-06,2.888203880502260290e-07
2.815385251320190463e-11,9.994986057281494141e-01,4.973785253241658211e-04,3.646531013146159239e-06,2.827318894560448825e-07
1.692400559971662943e-11,9.997849464416503906e-01,2.125218452420085669e-04,2.239787590951891616e-06,2.143526529607697739e-07
5.605922670515184336e-11,9.994103908538818359e-01,5.802842206321656704e-04,8.427185093751177192e-06,9.164052130472555291e-07
2.174603969118393820e-10,9.989327788352966309e-01,1.013403176330029964e-03,5.237573714111931622e-05,1.432985641258710530e-06
4.286790644680849027e-10,9.970700740814208984e-01,2.839416265487670898e-03,7.772135722916573286e-05,1.276519378734519705e-05
4.440127987503927898e-10,9.953799247741699219e-01,4.442195873707532883e-03,1.702628069324418902e-04,7.594980161229614168e-06
5.965553051545668950e-10,9.944834113121032715e-01,5.327255465090274811e-03,1.805024367058649659e-04,8.751178029342554510e-06
5.386376344951315787e-10,9.952249526977539062e-01,4.422396421432495117e-03,3.290083841420710087e-04,2.363744351896457374e-05
1.139249666826103180e-10,9.984640479087829590e-01,1.464601373299956322e-03,6.809346814407035708e-05,3.187526772308046930e-06
7.556644754380670292e-10,9.982627630233764648e-01,1.519588055089116096e-03,2.143130986951291561e-04,3.313096840429352596e-06
2.797712284063891275e-09,9.975403547286987305e-01,1.902042771689593792e-03,5.388861754909157753e-04,1.867842183855827898e-05
1.345943800856730377e-09,9.941047430038452148e-01,4.993337672203779221e-03,8.558617555536329746e-04,4.602717672241851687e-05
2.791330777629497106e-10,9.985495209693908691e-01,9.924151236191391945e-04,4.370428505353629589e-04,2.093867806252092123e-05
1.144314504264443144e-11,9.999350309371948242e-01,5.607479761238209903e-05,8.393930329475551844e-06,5.794690309812722262e-07
8.680200655475367455e-12,9.998334050178527832e-01,1.638460526010021567e-04,2.109846491293865256e-06,6.796539651077182498e-07
1.214011009775806116e-11,9.996001124382019043e-01,3.965033101849257946e-04,3.092938413828960620e-06,2.750353473857103381e-07
1.639824040444715081e-11,9.998703002929687500e-01,1.141408574767410755e-04,1.540180164738558233e-05,1.273729566264591995e-07
1.305992314293291656e-09,9.999335408210754395e-01,3.963875860790722072e-05,2.648912050062790513e-05,3.694312340485339519e-07
1.425137452493174806e-09,9.999605417251586914e-01,3.421793735469691455e-05,5.166263235878432170e-06,5.486838716706188279e-08
1.575108932172497589e-08,9.993306398391723633e-01,5.308440304361283779e-04,1.349629746982827783e-04,3.586123284549103118e-06
3.206372667374779439e-11,9.997497200965881348e-01,2.338757331017404795e-04,1.631200575502589345e-05,5.152510951234035019e-08
5.534028964249149141e-12,9.999432563781738281e-01,5.526601671590469778e-05,1.449617229809518903e-06,1.496340651385708043e-08
5.223528640879715468e-12,9.996106624603271484e-01,3.860541619360446930e-04,3.244482741138199344e-06,1.738439259213464538e-08
1.621814141317123870e-11,9.963482618331909180e-01,3.631596220657229424e-03,2.012052027566824108e-05,5.801704006103136635e-08
8.388959665817097289e-12,9.966219663619995117e-01,3.370736259967088699e-03,7.240562808874528855e-06,6.987841061345534399e-08
1.413299338670626071e-10,9.808381199836730957e-01,1.913422532379627228e-02,2.463483360770624131e-05,3.011627541127381846e-06
5.847779205314651563e-11,9.932324886322021484e-01,6.765109021216630936e-03,2.231568259958294220e-06,9.540922008000052301e-08
8.681712293512333645e-11,9.312360882759094238e-01,6.875955313444137573e-02,4.100858859601430595e-06,2.546396729030675488e-07
2.488287006996436901e-11,9.677284359931945801e-01,3.226699680089950562e-02,4.513789463089779019e-06,7.729388684651894437e-09
2.107477248269873371e-10,9.522668123245239258e-01,4.773136973381042480e-02,1.840776235439989250e-06,2.282169120348953584e-08
1.116451930904815981e-10,9.926035404205322266e-01,7.395262364298105240e-03,1.225047753905528225e-06,3.759187183760559492e-09
1.954898604106247717e-10,9.762765765190124512e-01,2.371289022266864777e-02,1.045365024765487760e-05,2.882994509789682525e-09
4.433282074778333026e-10,9.839228391647338867e-01,1.605269685387611389e-02,2.436548311379738152e-05,1.010190686656642356e-08
1.065474236616736903e-10,9.787610769271850586e-01,2.117569372057914734e-02,6.317032966762781143e-05,3.471387088893607142e-08
4.477443416028847878e-11,9.849852919578552246e-01,1.477348059415817261e-02,2.410207671346142888e-04,7.517076738849937101e-08
2.698477830076484452e-10,9.894061684608459473e-01,9.384115226566791534e-03,1.209426554851233959e-03,2.546704820360901067e-07
2.428149348254748929e-10,9.978804588317871094e-01,1.686527393758296967e-03,4.318586434237658978e-04,1.252666947948455345e-06
7.169972349174713599e-08,9.983264803886413574e-01,1.582138356752693653e-03,8.367767441086471081e-05,7.664658369321841747e-06
4.122808832107693888e-07,9.976209998130798340e-01,1.908373087644577026e-03,4.107558343093842268e-04,5.943546420894563198e-05
3.597169140334699478e-08,9.986538887023925781e-01,1.007073908112943172e-03,3.224018146283924580e-04,1.660621637711301446e-05
1.108718592490731680e-07,9.983269572257995605e-01,1.180635881610214710e-03,4.812182160094380379e-04,1.103834983950946480e-05
6.439085353804330225e-08,9.960643649101257324e-01,3.709629643708467484e-03,2.068864851025864482e-04,1.906919351313263178e-05
4.819568744096613955e-09,9.969949126243591309e-01,2.970428904518485069e-03,3.163434666930697858e-05,2.990169377881102264e-06
1.106934099937006977e-09,9.852245450019836426e-01,1.473688893020153046e-02,2.868454066629055887e-05,9.906591003527864814e-06
1.039626384979897011e-09,9.615420103073120117e-01,3.827004879713058472e-02,1.705613540252670646e-04,1.736034755595028400e-05
3.464387221541187500e-09,9.783225059509277344e-01,2.116636373102664948e-02,5.087262252345681190e-04,2.415578364889370278e-06
5.491990151540449006e-08,9.606301784515380859e-01,3.811025992035865784e-02,1.252209534868597984e-03,7.251093393279006705e-06
3.339608589669751382e-09,9.971415996551513672e-01,2.807567827403545380e-03,5.012696783524006605e-05,7.222627687042404432e-07
5.908469824511541901e-10,9.992535710334777832e-01,7.426677620969712734e-04,3.687081289172056131e-06,9.441501447327027563e-08
2.126201124885707117e-12,9.996278285980224609e-01,3.715494240168482065e-04,6.367840796883683652e-07,4.578577073033329725e-09
2.003108789949692436e-11,9.980720877647399902e-01,1.905922312289476395e-03,2.192083229601848871e-05,1.496368469133813051e-07
2.500882834155504497e-10,9.773697257041931152e-01,2.237664163112640381e-02,2.524907758925110102e-04,1.176106366074236576e-06
2.540653520899383011e-10,9.903233051300048828e-01,9.579247795045375824e-03,9.688523277873173356e-05,5.015321562495955732e-07
5.371428302147762679e-10,9.730144739151000977e-01,2.650575339794158936e-02,4.782353062182664871e-04,1.497594098509580363e-06
7.103808652431098380e-10,9.556135535240173340e-01,4.198352992534637451e-02,2.399556804448366165e-03,3.386247954040300101e-06
6.654788942128675444e-10,9.475117325782775879e-01,5.103385448455810547e-02,1.448980765417218208e-03,5.373949989007087424e-06
3.920517244182519789e-09,9.133372902870178223e-01,8.532315492630004883e-02,3.067774523515254259e-04,1.032768050208687782e-03
2.467441251319257844e-10,9.019214510917663574e-01,9.784708172082901001e-02,1.131137978518381715e-04,1.183842905447818339e-04
3.169650522952260907e-12,9.885590672492980957e-01,1.141825038939714432e-02,2.240914727735798806e-05,2.199833630811554031e-07
4.958580854946825767e-12,9.552543163299560547e-01,4.437454789876937866e-02,3.697569190990179777e-04,1.344768065791868139e-06
2.550582800520118099e-10,3.573753833770751953e-01,4.965689182281494141e-01,1.459328085184097290e-01,1.229528425028547645e-04
6.465879914818728480e-11,9.341159462928771973e-01,5.705039203166961670e-02,8.832970634102821350e-03,7.713763352512614802e-07
2.635240026194196616e-09,9.919461607933044434e-01,3.546232357621192932e-03,4.499252885580062866e-03,8.357594197150319815e-06
9.852875137994487886e-08,9.907804727554321289e-01,3.657299792394042015e-03,5.477308295667171478e-03,8.469585736747831106e-05
3.213857846517953476e-09,9.975760579109191895e-01,1.837288960814476013e-03,4.675759410019963980e-04,1.190131224575452507e-04
1.247627920974991866e-07,9.919170737266540527e-01,2.885856898501515388e-03,5.742521607317030430e-04,4.622775595635175705e-03
1.236064850473894694e-08,9.994121193885803223e-01,5.290503613650798798e-04,2.972605216200463474e-05,2.894761564675718546e-05
2.151443911913020202e-09,9.992740750312805176e-01,6.143744103610515594e-04,1.078171626431867480e-04,3.751921894945553504e-06
1.130142979199888487e-09,9.993398189544677734e-01,6.199011113494634628e-04,3.959010064136236906e-05,7.472358447557780892e-07
2.041624369564232211e-10,9.995056390762329102e-01,4.892057622782886028e-04,5.013999270886415616e-06,1.297310490144809592e-07
1.098579144320765977e-10,9.978342652320861816e-01,2.155057620257139206e-03,1.047861405822914094e-05,1.580127388933760813e-07
4.224137359343238529e-11,9.971855282783508301e-01,2.810475649312138557e-03,3.949395704694325104e-06,2.632819828818355745e-08
3.011453239554207073e-11,9.894241690635681152e-01,1.056504063308238983e-02,1.068528581527061760e-05,7.259264833692213870e-08
3.674925294627762185e-11,9.881820678710937500e-01,1.181307714432477951e-02,4.439633357833372429e-06,2.979152213811175898e-07
1.413859394144845183e-11,9.825834631919860840e-01,1.740134134888648987e-02,1.510534457338508219e-05,6.704023292058991501e-08
1.900807462817954985e-11,9.873887300491333008e-01,1.258868817239999771e-02,2.245141513412818313e-05,3.623377509143210773e-08
9.047785090587900925e-12,9.914870858192443848e-01,8.507638238370418549e-03,5.227665496931876987e-06,1.656651882342430326e-08
1.045722883286082094e-11,9.975032210350036621e-01,2.495691645890474319e-03,1.033309899867163040e-06,2.719633185321868041e-09
7.682314853707516988e-12,9.993038177490234375e-01,6.957446457818150520e-04,4.358230683010333451e-07,4.687715771112266339e-10
3.651560651074525765e-11,9.976747632026672363e-01,2.320906845852732658e-03,4.336102847446454689e-06,9.601905937017818360e-10
2.185517912478562863e-11,9.977743029594421387e-01,2.222658600658178329e-03,2.981973466376075521e-06,9.441221138217770203e-10
6.173876965220870261e-09,9.475677013397216797e-01,5.136264115571975708e-02,8.975805831141769886e-04,1.720637519611045718e-04
2.035832494584610686e-06,8.544015884399414062e-01,3.877401724457740784e-02,2.841920405626296997e-02,7.840310037136077881e-02
8.961205111290837522e-09,9.864531755447387695e-01,1.330704241991043091e-02,2.379991055931895971e-04,1.680724494690366555e-06
2.865097847859487956e-08,9.987675547599792480e-01,1.214150805026292801e-03,1.790862188499886543e-05,3.838887607798824320e-07
1.736027144261242938e-08,9.983005523681640625e-01,1.668157172389328480e-03,3.008279236382804811e-05,1.166894890047842637e-06
2.572252455479429045e-08,9.942794442176818848e-01,5.464648362249135971e-03,2.166128397220745683e-04,3.912729516741819680e-05
8.112250426961509220e-09,9.756337404251098633e-01,2.361058630049228668e-02,2.292769349878653884e-04,5.264550563879311085e-04
1.755122713831269721e-10,9.847803711891174316e-01,1.497298013418912888e-02,2.356113982386887074e-04,1.099015753425192088e-05
1.158630136277594147e-10,9.930139183998107910e-01,6.779679097235202789e-03,2.023228589678183198e-04,4.105171228729886934e-06
4.260982400250412638e-10,9.816561937332153320e-01,1.717449910938739777e-02,1.127159106545150280e-03,4.206566154607571661e-05
1.377473024533060197e-09,9.717573523521423340e-01,2.547705732285976410e-02,2.697240794077515602e-03,6.829572521382942796e-05
1.600864024675630048e-10,9.891198873519897461e-01,1.060405932366847992e-02,2.548672200646251440e-04,2.130050597770605236e-05
1.282441861039096409e-11,9.936180114746093750e-01,6.252995692193508148e-03,7.092832674970850348e-05,5.807354318676516414e-05
2.475104322885446351e-11,9.890853166580200195e-01,1.079361513257026672e-02,7.495118916267529130e-05,4.608612289302982390e-05
1.891061786329917283e-11,9.986348748207092285e-01,1.230395049788057804e-03,1.312001550104469061e-04,3.468928525762748905e-06
6.973849275837551431e-11,9.985173344612121582e-01,1.384577364660799503e-03,9.704761760076507926e-05,1.124588379752822220e-06
8.411009388975543288e-11,9.990818500518798828e-01,8.146464824676513672e-04,1.031220890581607819e-04,3.678902373849268770e-07
1.964073001459176737e-11,9.994856119155883789e-01,4.695555253420025110e-04,4.455728412722237408e-05,2.636801355038187467e-07
9.896537755960110871e-11,9.992781281471252441e-01,6.082135369069874287e-04,1.132370452978648245e-04,3.476288554793427465e-07
1.209087274745002105e-10,9.971756935119628906e-01,2.205903409048914909e-03,6.179541815072298050e-04,5.346353191271191463e-07
1.892730000507825139e-10,9.970806241035461426e-01,1.658547553233802319e-03,1.259332289919257164e-03,1.430091288057155907e-06
7.171824800700221658e-10,9.900510907173156738e-01,3.415412036702036858e-03,6.529723294079303741e-03,3.688649485411588103e-06
1.869801397047510250e-10,9.948097467422485352e-01,8.494047215208411217e-04,4.340370651334524155e-03,3.759696198812889634e-07
5.186463480910674662e-10,9.948111772537231445e-01,1.015528687275946140e-03,4.171063657850027084e-03,2.272370238642906770e-06
1.040811881125591754e-11,9.990910887718200684e-01,2.215374406659975648e-04,6.866707117296755314e-04,7.012645824033825193e-07
7.851554406634875249e-10,9.928398132324218750e-01,3.741301596164703369e-03,3.386524505913257599e-03,3.235452822991646826e-05
2.149212807722733487e-09,9.882645606994628906e-01,5.637628491967916489e-03,5.997085012495517731e-03,1.007032042252831161e-04
2.190476827701459683e-10,9.957566261291503906e-01,2.394703682512044907e-03,1.830622553825378418e-03,1.807474654924590141e-05
7.129044909959247889e-09,9.902625083923339844e-01,2.251202939078211784e-03,7.472284603863954544e-03,1.407984927936922759e-05
1.193547760625079945e-10,9.982320070266723633e-01,5.981545546092092991e-04,1.160707906819880009e-03,9.104081073019187897e-06
3.907780765644019993e-09,9.724760651588439941e-01,1.439600903540849686e-02,1.287764962762594223e-02,2.502011775504797697e-04
1.993081077955594083e-08,7.805275321006774902e-01,5.723226442933082581e-02,1.583532094955444336e-01,3.886935533955693245e-03
3.149016380987745833e-09,8.865692019462585449e-01,1.656067743897438049e-02,9.634094685316085815e-02,5.292166606523096561e-04
2.404171861591919424e-10,9.480094909667968750e-01,9.433217928744852543e-04,5.102445185184478760e-02,2.266819683427456766e-05
4.005976939058797370e-10,9.358136057853698730e-01,1.495934091508388519e-03,6.260906904935836792e-02,8.143194281728938222e-05
6.901866855812954782e-10,8.675934672355651855e-01,2.681080996990203857e-02,1.051385849714279175e-01,4.571723111439496279e-04
6.761240900488019179e-09,8.006267547607421875e-01,3.743489459156990051e-02,1.571169793605804443e-01,4.821311682462692261e-03
8.343493895779374725e-09,8.241847157478332520e-01,3.514146059751510620e-02,1.348094344139099121e-01,5.864481907337903976e-03
1.023932671984084664e-08,9.474889636039733887e-01,2.367847971618175507e-02,2.738773263990879059e-02,1.444771653041243553e-03
1.601130561468266933e-09,9.918097853660583496e-01,3.418721025809645653e-03,4.697429947555065155e-03,7.408836245303973556e-05
4.228246552884229459e-08,9.514459371566772461e-01,8.582975715398788452e-03,1.907404325902462006e-02,2.089702337980270386e-02
7.342576395785727073e-07,8.380923271179199219e-01,5.100845359265804291e-03,8.514422178268432617e-02,7.166182994842529297e-02
2.468527497967443196e-07,4.254834949970245361e-01,5.279584322124719620e-03,4.745504558086395264e-01,9.468615055084228516e-02
2.520030193409183994e-07,8.328964114189147949e-01,2.678346820175647736e-03,1.111933663487434387e-01,5.323163792490959167e-02
1.331771137813575479e-09,9.927489757537841797e-01,1.201323582790791988e-03,5.804190412163734436e-03,2.454620262142270803e-04
5.895524068932900263e-10,9.953991770744323730e-01,2.156940987333655357e-03,2.344099804759025574e-03,9.980762115446850657e-05
1.306381003374212924e-09,9.939657449722290039e-01,5.331342108547687531e-03,5.699835601262748241e-04,1.329469960182905197e-04
6.691895482191512201e-09,9.735874533653259277e-01,2.594311907887458801e-02,3.206389956176280975e-04,1.487452682340517640e-04
8.993378486366054858e-09,8.822328448295593262e-01,1.173842772841453552e-01,2.892864285968244076e-04,9.350867912871763110e-05
1.574264985038098530e-08,8.937789797782897949e-01,1.061065867543220520e-01,8.940130646806210279e-05,2.503700125089380890e-05
2.417740141424928879e-08,7.202352881431579590e-01,2.793844342231750488e-01,3.360591654200106859e-04,4.423410791787318885e-05
6.087626847062210800e-09,8.087129592895507812e-01,1.910512894392013550e-01,2.256775624118745327e-04,1.009123479889240116e-05
1.383200043392207590e-08,8.548983335494995117e-01,1.443937122821807861e-01,6.923629553057253361e-04,1.552039429952856153e-05
5.304492134428073769e-08,8.576477169990539551e-01,1.417084634304046631e-01,6.385199376381933689e-04,5.218659680394921452e-06
5.077903963979224500e-08,9.433883428573608398e-01,5.582760274410247803e-02,7.733987877145409584e-04,1.067116136255208403e-05
1.015687356442640521e-08,4.083579182624816895e-01,5.727916955947875977e-01,1.881684176623821259e-02,3.349857797729782760e-05
1.579371078364033565e-09,4.007976949214935303e-01,5.307998061180114746e-01,6.785763800144195557e-02,5.449246382340788841e-04
4.086470273279019239e-09,2.814916335046291351e-02,5.269944071769714355e-01,4.434784650802612305e-01,1.377923297695815563e-03
1.321093492379077361e-07,2.126748412847518921e-01,3.064136207103729248e-01,4.796668589115142822e-01,1.244562095962464809e-03
1.641351303760529845e-07,1.156234145164489746e-01,3.287919163703918457e-01,5.507472157478332520e-01,4.837279673665761948e-03
8.575754151252112933e-08,9.695523232221603394e-02,2.271192669868469238e-01,6.587895750999450684e-01,1.713587902486324310e-02
2.514422305921470979e-07,1.385695338249206543e-01,2.705236077308654785e-01,5.285130143165588379e-01,6.239354610443115234e-02
3.038212241790461121e-07,3.928821980953216553e-01,4.415549635887145996e-01,1.385568082332611084e-01,2.700573019683361053e-02
5.786699261989269871e-07,1.700193285942077637e-01,7.619238495826721191e-01,3.371295705437660217e-02,3.434326499700546265e-02
1.433599834399501560e-07,1.038792207837104797e-01,7.140552401542663574e-01,1.071390435099601746e-01,7.492639869451522827e-02
4.383376150940421212e-08,1.847004443407058716e-01,6.957988142967224121e-01,8.720929920673370361e-02,3.229131549596786499e-02
1.168064400758339616e-07,1.621425002813339233e-01,7.898620367050170898e-01,3.975064679980278015e-02,8.244683034718036652e-03
1.335798316404179786e-07,2.150719761848449707e-01,5.147209763526916504e-01,2.563113868236541748e-01,1.389545202255249023e-02
8.468648502457654104e-07,5.403867363929748535e-02,3.546255230903625488e-01,5.732614398002624512e-01,1.807349920272827148e-02
5.466336574500019196e-07,7.907901704311370850e-02,3.673146963119506836e-01,5.153188109397888184e-01,3.828694671392440796e-02
7.011658453848212957e-08,4.886443726718425751e-03,1.406767815351486206e-01,8.497722148895263672e-01,4.664505366235971451e-03
7.239437138650828274e-08,6.451105233281850815e-03,2.667935788631439209e-01,7.236309647560119629e-01,3.124247305095195770e-03
2.291158196499054611e-08,4.408319946378469467e-03,1.867851912975311279e-01,8.082330226898193359e-01,5.734228179790079594e-04
1.062107113369847866e-08,2.732032153289765120e-04,1.144184451550245285e-02,9.880290627479553223e-01,2.557954576332122087e-04
1.625687247042151284e-07,5.222513340413570404e-03,4.300109576433897018e-03,9.898379445075988770e-01,6.393343792296946049e-04
1.549231001263251528e-07,3.706028219312429428e-04,9.960229508578777313e-04,9.986045956611633301e-01,2.872031654987949878e-05
1.534983198325789999e-07,1.050958871928742155e-05,2.379506440775003284e-05,9.999642372131347656e-01,1.320098022006277461e-06
1.460907242289977148e-06,2.881693262679618783e-06,1.149287618318339810e-05,9.999833703041076660e-01,8.750322422201861627e-07
6.357582606142386794e-06,1.556388269818853587e-05,4.229622390994336456e-06,9.999729990959167480e-01,6.992284511397883762e-07
2.355841843382222578e-06,1.711515214992687106e-04,1.169379247585311532e-04,9.997084140777587891e-01,1.229808503921958618e-06
4.622051619662670419e-06,1.664451410761103034e-04,3.338096576044335961e-05,9.997945427894592285e-01,9.385854582433239557e-07
6.160332850413396955e-05,2.145771431969478726e-04,4.097989403817337006e-06,9.997189640998840332e-01,6.442620019697642419e-07
3.098013112321496010e-04,2.176046255044639111e-04,7.461381301254732534e-06,9.994594454765319824e-01,5.789997430838411674e-06
3.502733889035880566e-04,2.489571692422032356e-03,3.434216705500148237e-05,9.971069693565368652e-01,1.886242353066336364e-05
1.077839551726356149e-04,2.456205431371927261e-03,4.332488242653198540e-05,9.973856806755065918e-01,7.039693173283012584e-06
1.751855452312156558e-04,6.056535057723522186e-03,1.166647925856523216e-04,9.936240911483764648e-01,2.750786370597779751e-05
2.094277260766830295e-05,1.323584374040365219e-02,3.003943129442632198e-04,9.864290952682495117e-01,1.364779109280789271e-05
7.813012416590936482e-06,2.127758786082267761e-02,6.717008654959499836e-04,9.780114889144897461e-01,3.142635614494793117e-05
2.420925375190563500e-05,6.323063373565673828e-02,1.520111225545406342e-03,9.351747035980224609e-01,5.029351086704991758e-05
4.288533546059625223e-06,6.379190087318420410e-02,1.531564746983349323e-03,9.346390366554260254e-01,3.323639975860714912e-05
3.288402240286814049e-06,1.450651437044143677e-01,1.707664341665804386e-03,8.531509041786193848e-01,7.300918514374643564e-05
2.588893039501272142e-05,1.995581686496734619e-01,1.900570467114448547e-03,7.976917624473571777e-01,8.236431167460978031e-04
6.094116179156117141e-05,9.532727301120758057e-02,1.005348516628146172e-03,8.999494314193725586e-01,3.656912827864289284e-03
2.681322825992538128e-07,2.691440284252166748e-01,2.750325016677379608e-03,7.121761441230773926e-01,1.592928543686866760e-02
2.716595304264046717e-07,2.559707462787628174e-01,1.893811859190464020e-03,7.380455136299133301e-01,4.089681897312402725e-03
1.073550379260268528e-06,4.542383924126625061e-02,2.441174350678920746e-03,9.482371807098388672e-01,3.896685782819986343e-03
2.419587644908460788e-06,6.683532614260911942e-03,3.657857887446880341e-04,9.929283261299133301e-01,1.989083102671429515e-05
1.033206444844836369e-06,3.887176513671875000e-03,1.945820113178342581e-04,9.959056377410888672e-01,1.150648677139542997e-05
1.600399457402090775e-07,5.414980463683605194e-03,5.380136644816957414e-05,9.945231676101684570e-01,7.894593181845266372e-06
1.012395998145620979e-07,6.557600200176239014e-02,3.166043898090720177e-04,9.341059327125549316e-01,1.369681058349669911e-06
4.247632716669613728e-07,7.974177598953247070e-03,1.187406269309576601e-05,9.920132160186767578e-01,1.937737721391386003e-07
3.842746565396737424e-08,1.960891857743263245e-02,5.277671152725815773e-05,9.803372621536254883e-01,9.258546356250008103e-07
8.204744439410660561e-09,6.293330341577529907e-02,2.610973897390067577e-04,9.367876648902893066e-01,1.785943459253758192e-05
1.443361763442396750e-09,1.034042891114950180e-02,1.848490355769172311e-04,9.894677996635437012e-01,6.918613053130684420e-06
9.978025072854279642e-10,1.200562529265880585e-02,3.907810896635055542e-04,9.875942468643188477e-01,9.236229743692092597e-06
1.262772775234566325e-09,6.533588748425245285e-03,2.151077933376654983e-04,9.932489991188049316e-01,2.241593165308586322e-06
4.281881960110922591e-09,2.515581548213958740e-01,6.155112292617559433e-03,7.422520518302917480e-01,3.464364635874517262e-05
1.555405049202818191e-08,3.091933205723762512e-02,2.622721018269658089e-03,9.663592576980590820e-01,9.873226372292265296e-05
5.466341601589874699e-09,3.881643991917371750e-03,9.995603468269109726e-04,9.950693845748901367e-01,4.935923789162188768e-05
9.129237810157064814e-09,5.148889031261205673e-03,5.185591871850192547e-04,9.943239092826843262e-01,8.572524166083894670e-06
8.139311447052932635e-09,4.466144891921430826e-04,1.832975540310144424e-04,9.993698596954345703e-01,1.071929318641196005e-07
1.995035034951797570e-07,1.154488018073607236e-05,1.548510226712096483e-05,9.999725818634033203e-01,1.608952402420982253e-07
3.100417416135314852e-07,7.030078904790570959e-06,2.560900611570104957e-06,9.999885559082031250e-01,1.538097990305686835e-06
1.202388148158206604e-06,4.836126026930287480e-05,8.767233339312952012e-06,9.998240470886230469e-01,1.175913566839881241e-04
6.798357844672864303e-06,3.614055094658397138e-05,9.269303518522065133e-06,9.995746016502380371e-01,3.732105542439967394e-04
8.289327979582594708e-08,1.291704484174260870e-05,1.297264731192626641e-07,9.999607801437377930e-01,2.612611751828808337e-05
9.746516482778133650e-09,2.353987838432658464e-05,8.723238664742893889e-08,9.999684095382690430e-01,7.964892574818804860e-06
2.940317855859575502e-08,2.679951194295426831e-06,1.460693965782411397e-08,9.999969005584716797e-01,4.335658161380706588e-07
2.528068598905974795e-08,2.028453565117160906e-07,1.527556747760172584e-08,9.999997615814208984e-01,1.580987252225440898e-08
2.370184049027557194e-09,3.383716773441847181e-08,1.110372949142401922e-08,1.000000000000000000e+00,1.743924782360295467e-09
5.059484387004431483e-09,4.234122030766229727e-08,1.934747295706529258e-08,1.000000000000000000e+00,2.128237142073885479e-09
6.694627519010509786e-09,1.718090913982450729e-08,3.203858867095732421e-08,1.000000000000000000e+00,1.950426486985179508e-09
1.041210495600353170e-08,3.981172014277944982e-08,8.766940595705818851e-08,9.999998807907104492e-01,3.846381879668570036e-09
6.868867696852021254e-09,9.379183296687187976e-08,1.953036132817942416e-07,9.999996423721313477e-01,8.472104795487211959e-09
5.426761262583568168e-09,1.064282969309715554e-06,5.791563353341189213e-07,9.999982714653015137e-01,1.324066989383254622e-08
4.701337097401392384e-09,1.105488422581402119e-06,7.960210837154590990e-07,9.999980330467224121e-01,1.886395928352158080e-08
3.753985122756375858e-09,5.596324399448349141e-07,2.839998387571540661e-07,9.999990463256835938e-01,4.601867686915284139e-08
4.732529035322841082e-09,1.645249653847713489e-06,3.657482636754139094e-07,9.999977350234985352e-01,1.768076316466249409e-07
5.472694297736779845e-09,2.343302639928879216e-06,4.339281645115988795e-07,9.999969005584716797e-01,3.195155215962586226e-07
7.122045619922801052e-09,3.259667437305324711e-06,5.639319056172098499e-07,9.999957084655761719e-01,4.885657745035132393e-07
7.512228172856794117e-09,4.666177574108587578e-06,1.024840344143740367e-06,9.999924898147583008e-01,1.883909590105758980e-06
3.413045623901211911e-09,3.984199793194420636e-06,7.968611157593841199e-07,9.999926090240478516e-01,2.665404963408946060e-06
3.728880315634341969e-09,1.641641802052618004e-06,2.669300442903477233e-07,9.999965429306030273e-01,1.519304646535601933e-06
1.132340088361161179e-08,2.117272060786490329e-06,6.692336569358303677e-07,9.999917745590209961e-01,5.341789801605045795e-06
4.709740153430175269e-08,6.504762041004141793e-06,1.939443336596013978e-06,9.999694824218750000e-01,2.199259324697777629e-05
4.139237148592656013e-07,1.326496931142173707e-05,7.447259235959791113e-07,9.998675584793090820e-01,1.180732142529450357e-04
6.543639869960315991e-07,5.144792339706327766e-06,1.072198756446596235e-06,9.999635815620422363e-01,2.946655149571597576e-05
3.066249121275177458e-07,7.081558806021348573e-07,6.569006245626951568e-07,9.999937415122985840e-01,4.496869678405346349e-06
1.109613521066421526e-07,1.994736521737650037e-05,8.125731483232812025e-07,9.999788999557495117e-01,3.013666116657987004e-07
5.525286184138167300e-08,6.699801815557293594e-07,1.775937903403246310e-07,9.999990463256835938e-01,2.142836663665548258e-08
7.634812959622649942e-08,3.397030354790331330e-07,4.413609531184192747e-07,9.999990463256835938e-01,5.724769280845976027e-08
1.419771589183937976e-08,5.857226369698764756e-06,1.973940015886910260e-06,9.999912977218627930e-01,8.236889925683499314e-07
5.050883711277265320e-09,2.752360887825489044e-05,5.932370640948647633e-06,9.999456405639648438e-01,2.082808532577473670e-05
1.368997892825518647e-08,2.321865176782011986e-04,1.414076723449397832e-05,9.993403553962707520e-01,4.133267211727797985e-04
2.925359332550669933e-08,3.503052750602364540e-03,5.018580122850835323e-05,9.930847287178039551e-01,3.361945971846580505e-03
5.883330800315889064e-08,1.182367838919162750e-02,2.483280695741996169e-05,9.841161370277404785e-01,4.035308957099914551e-03
7.912645116903149756e-08,2.247466240078210831e-03,7.189390998973976821e-06,9.954230785369873047e-01,2.322143409401178360e-03
5.964888316611904884e-08,7.292850641533732414e-04,9.851805771177168936e-06,9.992095828056335449e-01,5.116289321449585259e-05
9.358240049550659023e-08,5.202095489948987961e-04,9.777803825272712857e-06,9.994577765464782715e-01,1.216646887769456953e-05
3.539813775432776310e-08,7.372200489044189453e-04,1.246589727088576183e-05,9.992303848266601562e-01,1.994318154174834490e-05
1.115869707746242057e-08,1.471912604756653309e-03,2.211974424426443875e-05,9.985017776489257812e-01,4.133046331844525412e-06
6.446922107272712310e-09,1.374109182506799698e-03,1.456363497709389776e-05,9.986057281494140625e-01,5.494599463418126106e-06
1.126818105490201560e-08,5.279315169900655746e-03,1.442497305106371641e-04,9.944102168083190918e-01,1.661487331148236990e-04
1.076038529390643816e-07,1.629492826759815216e-02,4.807065488421358168e-05,9.834474325180053711e-01,2.094711817335337400e-04
1.055515923553684843e-07,1.895093359053134918e-02,1.671311765676364303e-04,9.797921180725097656e-01,1.089701196178793907e-03
3.165590811704532825e-08,1.077388972043991089e-02,1.168299117125570774e-03,9.824055433273315430e-01,5.652106832712888718e-03
4.566389293358952273e-07,6.583005189895629883e-03,1.431716664228588343e-04,9.927352070808410645e-01,5.381160881370306015e-04
1.683891468928777613e-06,3.218717174604535103e-03,1.818589953472837806e-04,9.934019446372985840e-01,3.195778699591755867e-03
4.911824726150371134e-05,8.152627199888229370e-02,3.287766012363135815e-04,8.706469535827636719e-01,4.744889959692955017e-02
8.170716228050878271e-07,1.804025471210479736e-02,2.892418997362256050e-03,9.194375276565551758e-01,5.962887406349182129e-02
2.023607663659277023e-07,5.402429774403572083e-02,5.826979177072644234e-04,9.373477101325988770e-01,8.044986054301261902e-03
2.578445617018587654e-07,4.178913310170173645e-03,7.798259503033477813e-06,9.944014549255371094e-01,1.411526347510516644e-03
1.248720082003274001e-06,6.678954232484102249e-03,2.484558535797987133e-06,9.924989342689514160e-01,8.183232857845723629e-04
2.201092854647868080e-07,9.893907234072685242e-03,1.207370041811373085e-05,9.864499568939208984e-01,3.643767675384879112e-03
6.291544195846654475e-06,2.884244779124855995e-03,4.874263140663970262e-06,9.939271807670593262e-01,3.177426522597670555e-03
2.616744495753664523e-06,2.027122378349304199e-01,1.507917040726169944e-04,7.796855568885803223e-01,1.744882576167583466e-02
4.167176541614026064e-07,2.528612315654754639e-01,2.194131957367062569e-04,6.777606010437011719e-01,6.915831565856933594e-02
1.079626485989138018e-06,8.930040150880813599e-02,3.891673695761710405e-04,8.910887241363525391e-01,1.922056078910827637e-02
2.635941598327917745e-07,1.085011512041091919e-01,2.729670086409896612e-04,8.687409758567810059e-01,2.248463220894336700e-02
1.300394160352880135e-06,2.794003486633300781e-01,3.324580029584467411e-04,6.890082359313964844e-01,3.125765174627304077e-02
1.681434582678775769e-06,6.937376409769058228e-02,1.597952505107969046e-04,9.102623462677001953e-01,2.020251005887985229e-02
3.087546645019756397e-07,3.098407201468944550e-02,1.480475621065124869e-04,9.563421607017517090e-01,1.252547092735767365e-02
1.991442530879794504e-07,7.985414005815982819e-03,3.045948396902531385e-04,9.904450774192810059e-01,1.264664460904896259e-03
6.631178450788866030e-08,5.317698791623115540e-02,4.312005767133086920e-04,9.431793689727783203e-01,3.212364856153726578e-03
7.945887148252950283e-08,1.894210278987884521e-02,1.575169299030676484e-04,9.788526892662048340e-01,2.047527115792036057e-03
5.365671427171037067e-07,1.346336794085800648e-03,7.632916822331026196e-05,9.976187348365783691e-01,9.579855250194668770e-04
3.885748810716904700e-06,5.950965918600559235e-03,1.205072185257449746e-04,9.931891560554504395e-01,7.354210247285664082e-04
1.047990735969506204e-06,4.508621059358119965e-03,2.162658493034541607e-04,9.937128424644470215e-01,1.561256940476596355e-03
1.725508013805665541e-06,7.340004667639732361e-03,2.488743048161268234e-03,9.839976429939270020e-01,6.171811837702989578e-03
3.437835630393237807e-06,3.789052600041031837e-03,5.740561522543430328e-03,9.783039093017578125e-01,1.216293219476938248e-02
6.305343731582979672e-07,4.047165566589683294e-04,1.065247924998402596e-03,9.889646172523498535e-01,9.564734064042568207e-03
2.284289024601093843e-07,1.080601010471582413e-03,8.203303441405296326e-03,9.721071124076843262e-01,1.860871724784374237e-02
3.446488380432128906e-01,2.465823490638285875e-04,1.596340371179394424e-05,5.715389251708984375e-01,8.354965597391128540e-02
