8.370448334460434126e-09,4.682437703013420105e-02,9.531420469284057617e-01,3.357319656061008573e-05,1.813907779535384179e-08
1.560621631924163921e-10,1.958360895514488220e-02,9.804008603096008301e-01,1.552855064801406115e-05,3.399598469400189060e-08
1.737237714793948840e-10,8.085042238235473633e-03,9.918960928916931152e-01,1.875810812634881586e-05,7.671977897416581982e-08
8.600725687202270819e-10,5.961240967735648155e-04,9.993777871131896973e-01,2.596248486952390522e-05,9.226009467511175899e-08
4.588514845860203195e-10,8.387729525566101074e-03,9.915801882743835449e-01,3.196447869413532317e-05,6.265950958095345413e-08
2.705667356828200809e-10,8.290559984743595123e-03,9.916044473648071289e-01,1.049862476065754890e-04,2.411577781913365470e-08
2.471421400862539031e-10,6.703675724565982819e-03,9.927425384521484375e-01,5.537950783036649227e-04,8.497432091303380730e-09
3.350186572603774948e-09,1.508330255746841431e-01,8.478562831878662109e-01,1.310649677179753780e-03,3.058362452179608226e-08
2.600820225850952738e-09,1.783018410205841064e-01,8.197247982025146484e-01,1.973257167264819145e-03,5.440796968514405307e-08
2.333958581957062961e-09,1.768189966678619385e-01,8.225749135017395020e-01,6.060261512175202370e-04,4.877666270886038546e-08
5.431242122710955300e-10,1.150079886429011822e-03,9.988340735435485840e-01,1.572595829202327877e-05,6.298423471662317752e-08
8.769435178024309607e-11,4.043583292514085770e-03,9.959551692008972168e-01,1.197545202558103483e-06,3.195916642440010946e-09
1.441691072079365199e-10,3.043815726414322853e-03,9.969552159309387207e-01,8.504307515977416188e-07,4.051924573644782868e-09
1.154235433205030859e-04,1.077862828969955444e-02,7.784930467605590820e-01,1.718015223741531372e-01,3.881135955452919006e-02
2.557942919978462015e-11,2.133927308022975922e-03,9.978658556938171387e-01,2.630865765240741894e-07,3.902313583381555873e-09
3.299237272269550658e-11,3.359345253556966782e-03,9.966398477554321289e-01,7.898075864432030357e-07,6.229626148268607722e-09
2.390048714495662807e-10,1.450265874154865742e-03,9.985462427139282227e-01,3.460532525423332117e-06,7.759704345744466991e-08
1.531534482568375211e-10,1.848484971560537815e-03,9.981253743171691895e-01,2.591807970020454377e-05,2.334170403628377244e-07
4.712356893588065532e-11,8.242744952440261841e-03,9.917553663253784180e-01,1.877354407042730600e-06,2.735474513571034549e-09
1.390096232567472612e-10,8.290524594485759735e-03,9.916906356811523438e-01,1.885745768959168345e-05,2.199366910815570009e-08
3.128595160717395629e-09,1.036998070776462555e-02,9.896155595779418945e-01,1.443181645299773663e-05,2.432680901165440446e-08
5.145554649033101668e-09,1.131754647940397263e-02,9.886710643768310547e-01,1.139223240897990763e-05,4.734517844440233603e-08
7.171369748038003422e-11,6.377284880727529526e-04,9.993609189987182617e-01,1.289995111619646195e-06,1.768440394123160786e-09
4.366332295724362211e-10,3.074380801990628242e-03,9.969248175621032715e-01,7.722500185991520993e-07,9.142214763002698419e-10
4.595977209920221185e-10,4.562413087114691734e-04,9.995436072349548340e-01,1.640598554786265595e-07,3.352473298967595383e-10
1.033623117652204826e-10,1.116170082241296768e-03,9.988804459571838379e-01,3.357810783199965954e-06,1.157873019685951022e-09
5.507782563363150530e-10,2.537386491894721985e-03,9.973646402359008789e-01,9.792730998015031219e-05,3.521971825293235270e-09
2.102037571782844338e-10,5.626708734780550003e-03,9.943214654922485352e-01,5.177190905669704080e-05,2.644237273585758885e-09
2.816025745921990620e-10,7.247433997690677643e-03,9.927358031272888184e-01,1.674848317634314299e-05,4.011843746098975316e-09
1.156466380991538756e-10,9.985556825995445251e-04,9.989960789680480957e-01,5.399532710725907236e-06,7.734328733022266533e-09
8.664276240910595561e-11,3.036668385902885348e-05,9.999693632125854492e-01,2.847627342816849705e-07,2.073234472987905974e-09
3.901548950580036035e-08,2.209731144830584526e-03,9.977753758430480957e-01,1.480880200688261539e-05,3.760544231568019313e-08
3.076937815649216645e-09,8.069955511018633842e-04,9.991912841796875000e-01,1.774085035322059412e-06,2.921317054926930723e-08
6.618254555501579262e-11,7.979141082614660263e-04,9.992018342018127441e-01,2.186731649089779239e-07,7.539717294946512993e-09
2.724262759823403712e-10,5.921744741499423981e-04,9.994069933891296387e-01,7.536547741437971126e-07,2.342942728716934653e-08
3.158042993778309437e-10,1.546950195915997028e-03,9.984505176544189453e-01,2.527733613533200696e-06,1.662739279595371045e-08
1.078253736297440923e-10,5.974256782792508602e-04,9.994016289710998535e-01,8.612673241259471979e-07,3.732687048341176705e-09
9.220079560945393382e-12,2.244526112917810678e-04,9.997754693031311035e-01,5.925099344494810794e-08,1.342841748908085719e-08
5.595024443749707643e-12,3.047053935006260872e-03,9.969526529312133789e-01,2.607633007301046746e-07,2.691115064124005585e-08
1.022783507192981389e-11,7.685475517064332962e-03,9.923130869865417480e-01,1.337726530437066685e-06,1.270473433123697760e-07
7.146119199857858817e-12,5.364926531910896301e-02,9.463487863540649414e-01,1.970142875507008284e-06,6.843693611813250754e-09
3.420101424289612169e-10,1.077043861150741577e-01,8.922892212867736816e-01,6.389658210537163541e-06,9.241221121669696004e-09
3.466360567472293042e-07,6.971241533756256104e-02,9.284508824348449707e-01,1.834723632782697678e-03,1.556663391966139898e-06
1.723937832764921296e-11,2.480603754520416260e-02,9.751781225204467773e-01,1.589771090948488563e-05,3.460937647581374677e-10
3.750440513705655121e-10,4.412179067730903625e-02,9.558629989624023438e-01,1.520766545581864193e-05,2.546955979454423868e-10
1.568036256394123029e-10,2.817634260281920433e-03,9.970961809158325195e-01,8.604070171713829041e-05,1.322848390827857656e-07
3.120939617851092862e-11,2.455558860674500465e-03,9.973775148391723633e-01,1.663691218709573150e-04,5.860095484422345180e-07
2.139583510363252117e-10,9.442430455237627029e-04,9.985123276710510254e-01,5.433782353065907955e-04,1.308730346316622217e-09
2.178095925842171710e-09,2.806657459586858749e-03,9.961063265800476074e-01,1.087017590180039406e-03,2.861830550315858090e-09
3.610977961088224220e-09,1.549044245621189475e-04,9.997887611389160156e-01,5.629405131912790239e-05,5.337188468956810539e-09
8.450765087708589363e-10,2.143921330571174622e-03,9.978507757186889648e-01,5.180952030059415847e-06,6.641582928068601177e-08
8.197115874963856186e-08,9.834444150328636169e-03,9.901159405708312988e-01,4.715059549198485911e-05,2.361219912927481346e-06
1.284706119264455992e-08,1.520217861980199814e-03,9.984680414199829102e-01,1.131131921283667907e-05,4.870617544838751201e-07
1.269281347049400210e-04,1.136002223938703537e-02,7.959065437316894531e-01,1.504382044076919556e-01,4.216833412647247314e-02
2.444407523616298761e-11,2.583933819551020861e-04,9.997414946556091309e-01,8.394034267666938831e-08,1.691670448167315044e-08
2.802212906161116734e-10,4.750223306473344564e-04,9.995247721672058105e-01,1.194160859085968696e-07,6.047550016319291899e-09
6.903548566139505738e-11,8.314668957609683275e-05,9.999160766601562500e-01,7.672413744330697227e-07,5.859823914988737670e-08
7.362243453767902679e-11,6.476758280768990517e-04,9.993201494216918945e-01,3.177470352966338396e-05,3.022937562491279095e-07
9.347696228179103173e-12,6.240877555683255196e-04,9.993274807929992676e-01,4.810270911548286676e-05,2.701314087971695699e-07
2.594857141657858079e-11,7.317907176911830902e-03,9.926810860633850098e-01,1.018206035041657742e-06,1.140444361169556942e-08
2.219922162760568085e-11,1.547573693096637726e-02,9.845188856124877930e-01,5.324019184627104551e-06,1.250907200045503487e-08
9.568572323370716504e-11,4.265005991328507662e-04,9.995675086975097656e-01,6.077496891521150246e-06,7.843412030972274351e-10
3.091280831313270028e-08,3.395151870790868998e-04,9.993476271629333496e-01,3.128388489130884409e-04,5.890210985626254114e-09
5.152220317050648646e-10,4.437277675606310368e-05,9.998697638511657715e-01,8.586462354287505150e-05,4.511988116462362086e-09
7.126237100418819637e-11,5.267259894026210532e-06,9.999677538871765137e-01,2.706231498450506479e-05,1.596242582557749756e-09
1.514243952449589870e-09,1.195762670249678195e-04,9.998131990432739258e-01,6.720978126395493746e-05,4.076280202269799702e-09
7.320320044579275987e-11,1.593045308254659176e-04,9.998391866683959961e-01,1.470766846978222020e-06,2.614039429360559552e-09
5.945263031881253823e-11,1.987978612305596471e-04,9.998009204864501953e-01,1.917541965212876676e-07,1.068301802575888360e-08
7.564985964048087652e-12,7.008678512647747993e-04,9.992988109588623047e-01,3.491865356863854686e-07,1.649098280154248641e-08
1.230983179993927479e-04,1.130929216742515564e-02,7.944246530532836914e-01,1.525026261806488037e-01,4.164031893014907837e-02
1.756732606605915237e-11,6.484970072051510215e-05,9.999344944953918457e-01,5.336287927093508188e-07,4.187459978766128188e-08
2.610804072933348152e-10,1.744703622534871101e-03,9.982476234436035156e-01,7.527364232373656705e-06,1.066885104705761478e-07
3.927623157262694065e-11,1.374978892272338271e-04,9.998460412025451660e-01,1.606939258635975420e-05,5.094311177344934549e-07
5.797657839923253675e-11,9.706780110718682408e-05,9.998692274093627930e-01,3.289636879344470799e-05,8.047218216233886778e-07
6.700241750312585509e-11,1.304295437876135111e-04,9.998398423194885254e-01,2.899826176872011274e-05,7.222007525342633016e-07
1.240273413714021444e-04,1.145739387720823288e-02,7.950066328048706055e-01,1.517750620841979980e-01,4.163685441017150879e-02
3.982877083696934051e-10,2.627776848385110497e-05,9.999666810035705566e-01,7.032861958577996120e-06,1.669142903892861796e-07
3.182757390973733891e-10,2.647614019224420190e-05,9.999611377716064453e-01,1.224574134539579973e-05,1.596309715523602790e-07
2.676625310282787495e-10,9.669407154433429241e-05,9.998884201049804688e-01,1.489041551394620910e-05,4.212911264289687097e-08
9.624845006328541785e-06,2.671932056546211243e-02,9.729880094528198242e-01,2.644314954522997141e-04,1.852210880315396935e-05
1.268481428269296885e-04,1.150338258594274521e-02,7.947108745574951172e-01,1.518466919660568237e-01,4.181222617626190186e-02
1.886367151371359796e-08,1.428570132702589035e-03,9.983495473861694336e-01,2.219040907220914960e-04,1.673751981456916837e-08
1.142048011715246503e-09,6.845947063993662596e-05,9.997286200523376465e-01,2.028888120548799634e-04,1.067208188487711595e-08
1.500068264048692868e-10,6.543827475979924202e-05,9.996212720870971680e-01,3.124172799289226532e-04,8.353837301910971291e-07
1.244671032907262997e-09,9.368488099426031113e-05,9.981166720390319824e-01,1.756545621901750565e-03,3.312675471534021199e-05
2.816494593105289823e-09,8.646683454571757466e-06,9.996644258499145508e-01,3.269839216955006123e-04,2.129911358395020216e-08
1.065570187641640132e-09,8.184579201042652130e-06,9.999740719795227051e-01,1.771798451954964548e-05,3.070494969392711937e-09
1.737669341750347485e-09,9.821649291552603245e-05,9.998904466629028320e-01,1.120097840612288564e-05,1.240482134789999691e-07
2.594196413241434129e-09,9.160094195976853371e-04,9.989870190620422363e-01,9.021477308124303818e-05,6.751244654878973961e-06
1.190274656615031290e-09,1.789587713574292138e-06,9.999945163726806641e-01,3.623854581746854819e-06,8.707645804406638490e-08
6.908491556600893091e-10,1.148579258369863965e-06,9.999899268150329590e-01,8.332143806910607964e-06,4.697872952874604380e-07
3.327369269001678731e-09,1.827536607379443012e-06,9.999899268150329590e-01,8.090737537713721395e-06,1.702131982028731727e-07
1.169217361818297718e-10,6.633275120293546934e-07,9.999986886978149414e-01,6.160314569569891319e-07,1.034691265999754251e-08
1.223151679767553457e-12,9.136271728493738919e-06,9.999903440475463867e-01,4.107017161913972814e-07,5.995833873839728767e-08
1.289692311279289072e-12,4.221548442728817463e-05,9.999576210975646973e-01,1.413778676351284957e-07,4.172707512850593048e-09
8.007252083608307203e-10,5.608935025520622730e-04,9.994302392005920410e-01,8.832945241010747850e-06,2.348096472815086599e-08
2.982325775224836661e-10,1.486226756242103875e-05,9.999815225601196289e-01,3.574244828996597789e-06,6.561436727281488857e-09
4.879959769610309195e-10,2.031490148510783911e-04,9.996780157089233398e-01,1.188895766972564161e-04,2.266686394136741001e-08
2.449117575409331948e-10,5.083926022052764893e-03,9.886552095413208008e-01,6.174319889396429062e-03,8.653666736790910363e-05
2.017024103295739224e-09,1.160442270338535309e-02,9.624114632606506348e-01,2.508252672851085663e-02,9.016901603899896145e-04
1.275225064434337696e-10,3.873301320709288120e-04,9.944018125534057617e-01,5.196705460548400879e-03,1.410234563081758097e-05
5.503608946355598164e-08,1.048812700901180506e-04,9.990616440773010254e-01,8.333383593708276749e-04,2.751593086713910452e-08
1.553499532747082412e-05,2.279208092659246176e-05,9.998753666877746582e-01,8.517529204254969954e-05,1.211330982187064365e-06
1.555437734168663155e-08,4.411493137013167143e-04,9.995215535163879395e-01,3.639848364400677383e-05,8.234667348006041721e-07
3.972501971816200239e-08,4.974091425538063049e-04,9.993799924850463867e-01,1.195845979964360595e-04,2.986077106470474973e-06
1.058812237886286312e-08,7.693372936046216637e-06,9.998024106025695801e-01,1.453631994081661105e-04,4.453820656635798514e-05
9.694215208355672075e-09,4.765171070175711066e-06,9.999203681945800781e-01,6.402807048289105296e-05,1.087282453227089718e-05
8.154889263867204363e-11,5.062204763817135245e-06,9.999946355819702148e-01,3.584664796107972506e-07,5.407958525438516517e-08
1.053458847932731146e-10,4.637980964616872370e-05,9.999300241470336914e-01,2.361297447350807488e-05,7.956301395495302131e-09
3.072604887535690388e-12,1.680938476056326181e-05,9.999802708625793457e-01,2.809443685691803694e-06,3.492311329011954513e-09
8.229315562324757138e-10,3.479381848592311144e-04,9.995842576026916504e-01,6.775939982617273927e-05,3.491473776762177295e-08
1.092019322190829200e-10,1.376254076603800058e-04,9.997243285179138184e-01,1.377958833472803235e-04,2.099118177056880086e-07
6.976204336428537545e-11,4.981567690265364945e-05,9.998867511749267578e-01,6.336268415907397866e-05,2.659056308473850549e-09
3.075045773570650454e-11,4.737357085105031729e-05,9.996519088745117188e-01,3.006121260114014149e-04,1.391430117791969678e-07
9.136405521026347287e-11,1.154521032731281593e-05,9.991236925125122070e-01,8.646827773191034794e-04,4.926661034687640495e-08
2.290986511610526577e-09,8.485477417707443237e-03,9.710488915443420410e-01,1.980737037956714630e-02,6.582540227100253105e-04
2.350249439508900196e-10,1.951508806087076664e-03,9.932050108909606934e-01,4.793743602931499481e-03,4.973848990630358458e-05
6.253495499208838737e-09,1.151982881128787994e-02,9.877997636795043945e-01,6.803851574659347534e-04,4.071783266113015998e-08
1.169498942132918273e-09,8.448812150163576007e-05,9.997237324714660645e-01,1.917484478326514363e-04,8.744223123358096927e-09
3.848992513599824861e-10,9.421908180229365826e-04,9.989066123962402344e-01,1.508060813648626208e-04,3.066746216973115224e-07
1.048725550845119869e-10,1.507947854406666011e-05,9.998940825462341309e-01,8.881934627424925566e-05,1.871923018370580394e-06
1.362814971983539181e-09,4.554522092803381383e-06,9.999455213546752930e-01,4.957227429258637130e-05,3.178366796419140883e-07
1.042933739370255353e-08,3.971566457039443776e-06,9.986791014671325684e-01,1.260057324543595314e-03,5.686899385182186961e-05
6.758926057726100112e-11,2.138808667950797826e-06,9.999864697456359863e-01,1.041269752022344619e-05,9.457601208850974217e-07
1.384552750227641127e-10,1.504058582213474438e-05,9.999457597732543945e-01,3.904417462763376534e-05,8.195286937962009688e-08
3.617550703438610071e-11,1.520274381618946791e-04,9.995986223220825195e-01,2.490803017280995846e-04,2.009553270454489393e-07
9.188686817651614547e-05,1.170977354049682617e-01,7.425165772438049316e-01,1.400152146816253662e-01,2.786671393550932407e-04
2.182271030548577073e-09,1.734786899760365486e-03,9.981082677841186523e-01,1.557973591843619943e-04,1.165431285699014552e-06
1.110450731367507160e-09,5.118822213262319565e-03,9.947122335433959961e-01,1.689632772468030453e-04,6.601971858088973022e-09
2.373897467489172186e-10,3.856635594274848700e-04,9.992815852165222168e-01,3.326597216073423624e-04,1.540018530477027525e-07
1.117833159369752138e-09,1.471972465515136719e-02,9.692965745925903320e-01,1.564264483749866486e-02,3.410293429624289274e-04
1.582941666633530531e-09,1.082597021013498306e-02,9.622123837471008301e-01,2.616341412067413330e-02,7.982025272212922573e-04
2.525698226951700320e-11,4.100867372471839190e-04,9.975407719612121582e-01,2.044577850028872490e-03,4.538869234238518402e-06
3.243309787404058397e-10,1.256947580259293318e-04,9.996313452720642090e-01,2.429549058433622122e-04,9.648486454238991428e-09
1.912464631104171531e-09,3.893702814821153879e-04,9.995813369750976562e-01,2.928604772023390979e-05,9.450379145903298195e-09
4.627582206317981672e-10,3.778989484999328852e-04,9.996195435523986816e-01,2.420499413346988149e-06,5.992267659848948824e-08
4.953776944205401378e-09,1.696626888588070869e-03,9.977376461029052734e-01,5.639771698042750359e-04,1.766944478731602430e-06
2.025271443606424526e-11,4.141253157285973430e-06,9.999933242797851562e-01,2.266561068609007634e-06,2.736539101988455513e-07
9.183604099405329180e-09,7.367091166088357568e-05,9.999182224273681641e-01,8.006719326658640057e-06,5.960043480968124641e-08
7.540665869498752727e-09,1.222563605551840737e-05,9.999710917472839355e-01,1.650305966904852539e-05,7.674452007222498651e-08
6.248564859978600339e-11,2.202526047767605633e-06,9.999971389770507812e-01,6.221836770237132441e-07,1.176610009423484371e-08
2.384031774077532972e-12,2.660875361470971256e-05,9.999667406082153320e-01,6.706363819830585271e-06,3.464732500901845924e-08
7.501893203865073190e-12,7.149853627197444439e-05,9.998527765274047852e-01,7.526284025516360998e-05,4.187186277704313397e-07
9.143626966690021618e-10,5.941787268966436386e-03,9.939678907394409180e-01,9.002003207569941878e-05,2.532659948428772623e-07
1.579737729517916023e-10,2.989017870277166367e-03,9.968385696411132812e-01,1.724154280964285135e-04,1.566788121465378936e-08
1.107971270286611798e-09,1.306172576732933521e-03,9.986093640327453613e-01,8.446983702015131712e-05,2.747102989530958439e-09
1.926685033737385311e-09,1.699965633451938629e-02,9.656777381896972656e-01,1.686486415565013885e-02,4.577418440021574497e-04
4.806347542185562816e-10,5.478139035403728485e-03,9.851297736167907715e-01,9.157810360193252563e-03,2.342719672014936805e-04
4.492021199453688496e-10,9.055457077920436859e-03,9.798466563224792480e-01,1.080633047968149185e-02,2.913891221396625042e-04
5.830085303415444287e-10,1.304598408751189709e-03,9.975603818893432617e-01,1.135026453994214535e-03,6.757682413649490627e-09
2.031599555252228129e-09,8.979907142929732800e-04,9.990352988243103027e-01,6.671519076917320490e-05,9.126853051100169978e-09
1.618530975910914549e-09,2.097830642014741898e-03,9.978783726692199707e-01,2.333507109142374247e-05,4.249889400398387806e-07
7.136708291000104509e-08,6.376157514750957489e-03,9.934313297271728516e-01,1.824450882850214839e-04,9.980290997191332281e-06
5.204858766205688880e-09,3.921521711163222790e-04,9.995831847190856934e-01,2.369350477238185704e-05,9.384368695464218035e-07
2.243219388020634142e-09,2.194210421293973923e-03,9.978030323982238770e-01,2.645507720444584265e-06,1.695622131592244841e-07
9.119213828512329201e-09,3.863489953801035881e-03,9.960488080978393555e-01,8.586413605371490121e-05,1.785780796126346104e-06
1.059349497012362917e-08,1.258877804502844810e-03,9.980670809745788574e-01,6.486506317742168903e-04,2.530931124056223780e-05
1.844753794166820171e-09,1.318721479037776589e-04,9.983950257301330566e-01,1.434523263014853001e-03,3.861778895952738822e-05
2.426202883043515612e-08,5.371321094571612775e-06,9.998121261596679688e-01,1.803592749638482928e-04,2.111042022079345770e-06
7.265290236091459519e-08,6.490167288575321436e-05,9.974094033241271973e-01,2.507673110812902451e-03,1.803686427592765540e-05
5.997775609500877181e-09,1.783608240657486022e-05,9.970105886459350586e-01,2.959233475849032402e-03,1.233310285897459835e-05
8.930720746258558052e-11,9.527239017188549042e-04,9.962648749351501465e-01,2.777580171823501587e-03,4.854690814681816846e-06
2.755814687560587117e-09,4.949950613081455231e-03,9.922478199005126953e-01,2.782804658636450768e-03,1.944925134012009948e-05
1.365547674936351541e-08,1.850984431803226471e-02,9.598736763000488281e-01,2.079300023615360260e-02,8.233909611590206623e-04
5.182965168160080793e-09,1.385636255145072937e-02,9.684070348739624023e-01,1.718672178685665131e-02,5.498400423675775528e-04
5.433762773066064256e-09,1.578569598495960236e-02,9.614929556846618652e-01,2.181808464229106903e-02,9.031652589328587055e-04
9.917908855294754744e-11,2.118779084412381053e-04,9.988472461700439453e-01,9.405419696122407913e-04,3.776319772441638634e-07
6.386743134356720475e-09,1.755789271555840969e-04,9.988488554954528809e-01,9.756120271049439907e-04,1.125703263937793963e-08
3.228394218623975576e-09,4.107350832782685757e-04,9.995492100715637207e-01,3.973800266976468265e-05,2.070428877232188825e-07
8.417240793257008136e-10,6.791606545448303223e-03,9.931576848030090332e-01,4.978428478352725506e-05,8.911528084354358725e-07
1.232975919265300035e-04,1.141610462218523026e-02,7.907763123512268066e-01,1.560070961713790894e-01,4.167716577649116516e-02
3.146946525589555677e-08,4.757815226912498474e-02,9.504042863845825195e-01,2.017393708229064941e-03,1.221537928586258204e-07
1.092604335894975520e-07,1.078682914376258850e-01,8.914795517921447754e-01,6.511419196613132954e-04,8.677135951984382700e-07
4.154634680730850960e-08,9.545902721583843231e-03,9.746509194374084473e-01,1.579830050468444824e-02,4.823438757739495486e-06
2.362417994561383239e-08,1.620997441932559013e-03,9.935836195945739746e-01,4.794765263795852661e-03,5.204724971008545253e-07
3.179090057869871089e-08,2.476710506016388535e-05,9.995564222335815430e-01,4.182064731139689684e-04,5.601850716629996896e-07
2.637526586024563358e-10,2.821737689373549074e-05,9.993113279342651367e-01,6.602904759347438812e-04,6.290355258897761814e-08
9.691142333068114567e-10,1.547901338199153543e-04,9.567903876304626465e-01,4.305462539196014404e-02,2.459455004100163933e-07
1.110404213022775366e-09,3.197354672010987997e-04,4.934239685535430908e-01,5.062556266784667969e-01,6.100791551943984814e-07
3.801925441138109818e-09,3.200292587280273438e-03,1.822142899036407471e-01,8.145851492881774902e-01,1.881461457742261700e-07
1.725285869724757504e-08,5.132565740495920181e-03,1.686244010925292969e-01,8.262426257133483887e-01,3.443569482897146372e-07
1.522222525807137572e-08,3.598678158596158028e-04,1.403774414211511612e-02,9.856022596359252930e-01,8.024063191669483786e-08
2.388809150488668820e-10,8.648015500511974096e-05,9.305964340455830097e-04,9.989829063415527344e-01,2.439925417263566487e-08
1.087077511341405511e-10,1.082775561371818185e-04,3.094145213253796101e-04,9.995821714401245117e-01,1.797589277430233778e-08
1.799776300215327751e-10,1.020149211399257183e-03,1.842698780819773674e-03,9.971371293067932129e-01,3.541400417361728614e-08
3.787765656682040571e-10,1.860509626567363739e-03,2.253227168694138527e-03,9.958861470222473145e-01,1.879823052775009273e-08
2.654985120642550100e-10,9.082882897928357124e-04,7.302464800886809826e-04,9.983614087104797363e-01,1.070276045567197798e-08
3.665525660778712336e-10,6.294677034020423889e-03,1.745118945837020874e-02,9.762493371963500977e-01,4.809350684809032828e-06
5.692965196479882195e-11,2.622727304697036743e-03,9.352379711344838142e-04,9.964419007301330566e-01,4.091136318606913846e-08
2.515945451975198921e-09,3.684902191162109375e-02,2.808755338191986084e-01,6.818162798881530762e-01,4.591949982568621635e-04
7.193830864338224274e-09,3.778635710477828979e-02,4.084052145481109619e-01,5.526176691055297852e-01,1.190798240713775158e-03
8.296141551511482248e-09,3.933548554778099060e-02,4.787484109401702881e-01,4.804398119449615479e-01,1.476226956583559513e-03
1.061315302308685204e-08,3.885122388601303101e-02,4.848357141017913818e-01,4.747040867805480957e-01,1.608928781934082508e-03
4.235533701546501106e-09,3.493718802928924561e-02,3.694728910923004150e-01,5.950719714164733887e-01,5.179223371669650078e-04
1.357663137468989589e-08,2.867656350135803223e-01,5.445511937141418457e-01,1.686827093362808228e-01,3.470650540293718223e-07
3.198015718908209237e-08,6.259019374847412109e-01,3.577248156070709229e-01,1.637310348451137543e-02,1.150587110032574856e-07
3.942977055970686706e-09,1.109545491635799408e-02,9.534066915512084961e-01,3.549734503030776978e-02,4.436748497482767561e-07
1.440504271421616522e-09,1.850281953811645508e-01,2.640801966190338135e-01,5.508883595466613770e-01,3.223252178941038437e-06
3.705413007537572412e-07,3.062574863433837891e-01,2.972040772438049316e-01,3.965331017971038818e-01,5.019678610551636666e-06
1.738419541652547196e-08,1.499999966472387314e-02,8.723476529121398926e-01,1.117223426699638367e-01,9.300113306380808353e-04
1.248197367686998405e-08,1.243764720857143402e-02,9.289743304252624512e-01,5.804663524031639099e-02,5.412912578321993351e-04
2.654031128201950196e-08,2.493365854024887085e-02,8.867190480232238770e-01,8.629086613655090332e-02,2.056332072243094444e-03
2.868236315123340319e-08,2.330834604799747467e-02,8.891352415084838867e-01,8.537030220031738281e-02,2.186072990298271179e-03
3.870136655592659736e-09,1.856208313256502151e-03,9.280344247817993164e-01,6.988730281591415405e-02,2.220844762632623315e-04
2.341998817101398345e-09,1.521780854091048241e-03,9.759750962257385254e-01,2.236031182110309601e-02,1.426953822374343872e-04
4.525295764779002639e-07,3.524653729982674122e-04,9.888555407524108887e-01,1.079004444181919098e-02,1.456627956031297799e-06
1.883310574157803785e-07,2.639911690494045615e-05,9.976772069931030273e-01,2.295073121786117554e-03,1.124821096709638368e-06
1.427592088987239549e-08,1.593663910171017051e-04,9.939291477203369141e-01,5.899504758417606354e-03,1.196784251078497618e-05
1.467994970028030366e-08,2.102946629747748375e-03,9.439677596092224121e-01,5.369525775313377380e-02,2.340060163987800479e-04
1.118476333772377984e-07,4.672844370361417532e-04,9.852766394615173340e-01,1.421884354203939438e-02,3.708032454596832395e-05
1.895142247576586669e-07,1.134036923758685589e-03,9.324791431427001953e-01,6.638305634260177612e-02,3.533961489665671252e-06
3.980078489007610187e-08,2.920153201557695866e-04,7.620430588722229004e-01,2.376635819673538208e-01,1.326091478404123336e-06
5.056493890265301161e-09,1.105828996514901519e-04,5.065783858299255371e-01,4.933107197284698486e-01,2.810889156990015181e-07
5.175664341550145764e-09,8.038144733291119337e-05,3.289952129125595093e-02,9.670192599296569824e-01,8.833960691845277324e-07
1.589415266067817356e-10,9.602607315173372626e-05,5.537979770451784134e-03,9.943658709526062012e-01,1.245503540303616319e-07
5.749907147634125693e-11,1.303061435464769602e-05,2.691174449864774942e-04,9.997178912162780762e-01,1.953621975303576619e-08
4.669856515371328953e-11,7.976477718329988420e-06,5.120208879816345870e-05,9.999408125877380371e-01,3.074246635037525266e-08
5.118513599078333698e-11,1.433266425010515377e-05,3.587948231142945588e-05,9.999498128890991211e-01,3.689953009811119955e-09
1.159755555479868860e-10,6.021250737830996513e-05,1.000474876491352916e-04,9.998396635055541992e-01,2.217318595398865000e-08
9.572916764843952819e-11,1.594919012859463692e-05,3.668864883366040885e-05,9.999473094940185547e-01,2.362322115700976610e-09
1.865651244603583336e-10,2.228310477221384645e-04,9.793328354135155678e-05,9.996791481971740723e-01,5.561082705440867358e-09
4.318334231867559936e-11,9.681282244855538011e-05,1.201999621116556227e-04,9.997829794883728027e-01,1.074671995837661598e-08
2.442016901194055123e-11,5.479275569086894393e-05,1.273568923352286220e-04,9.998176097869873047e-01,1.988587996493151877e-07
1.312649572371427098e-10,1.152993354480713606e-04,2.509204205125570297e-04,9.996335506439208984e-01,1.309491892698133597e-07
1.079167311068829349e-10,2.267256240884307772e-05,2.639855083543807268e-04,9.997133612632751465e-01,3.254690739140642108e-08
5.918451284614434371e-10,8.375886682188138366e-05,9.722487884573638439e-04,9.989439249038696289e-01,8.843809951031289529e-08
5.184411477898720477e-08,1.288657367695122957e-04,1.833393587730824947e-03,9.980376362800598145e-01,1.391639727899018908e-07
2.630366680023143999e-07,1.564559061080217361e-04,7.352737709879875183e-03,9.924904704093933105e-01,1.553546837840258377e-07
1.602735551387013402e-06,1.029359918902628124e-04,1.055295690894126892e-01,8.943551778793334961e-01,1.079464345821179450e-05
1.379146397084696218e-07,7.415867294184863567e-04,9.472424983978271484e-01,5.168366059660911560e-02,3.320989781059324741e-04
4.434073019865536480e-08,3.018874267581850290e-04,9.723767638206481934e-01,2.707508951425552368e-02,2.461613039486110210e-04
3.844183282808444346e-08,2.664374653249979019e-03,9.097480177879333496e-01,8.606694638729095459e-02,1.520697842352092266e-03
3.011486882087410777e-08,1.839887467212975025e-03,8.543537259101867676e-01,1.424479782581329346e-01,1.358436420559883118e-03
2.409268802239239449e-07,2.722485623962711543e-05,3.390123546123504639e-01,6.609286069869995117e-01,3.145874143228866160e-05
7.479819430500356248e-08,9.048791980603709817e-05,7.467041611671447754e-01,2.526053488254547119e-01,5.999006680212914944e-04
4.613589794644212816e-07,3.430393117014318705e-04,8.042994141578674316e-01,1.952505856752395630e-01,1.065497781382873654e-04
5.433182792558000074e-09,1.640479080379009247e-03,9.767915010452270508e-01,2.131890133023262024e-02,2.491480263415724039e-04
1.459193210706644095e-08,3.246891137678176165e-04,5.542523264884948730e-01,4.396919310092926025e-01,5.731019191443920135e-03
5.555294002590471791e-09,5.511256866157054901e-03,7.624872922897338867e-01,2.309218198060989380e-01,1.079564797692000866e-03
1.469802057840752241e-08,5.104539450258016586e-04,6.167985200881958008e-01,3.812134265899658203e-01,1.477603800594806671e-03
1.095981403409496124e-07,1.517173368483781815e-03,4.325426816940307617e-01,5.642346143722534180e-01,1.705411938019096851e-03
7.381644451243118965e-08,9.917920397128909826e-05,1.173801943659782410e-01,8.824651241302490234e-01,5.537395918508991599e-05
1.259554860411071786e-08,1.468336790821922477e-06,3.542206808924674988e-02,9.645660519599914551e-01,1.035654349834658206e-05
7.611191676915041171e-10,4.258669150658533908e-07,1.226882333867251873e-03,9.987716078758239746e-01,9.630946351535385475e-07
4.152618804376118078e-10,8.586322906012355816e-07,2.727174723986536264e-04,9.997259974479675293e-01,4.188025002349604620e-07
5.480516040989868998e-10,1.858778546193207148e-06,1.253225054824724793e-04,9.998725652694702148e-01,1.676932299687905470e-07
7.449286743010929968e-10,1.214237613567092922e-06,6.237432535272091627e-05,9.999362230300903320e-01,2.229561175681737950e-07
2.218441680357230439e-10,2.968452008644817397e-07,1.638590947550255805e-05,9.999833703041076660e-01,7.604118934523285134e-08
2.895049477924516168e-10,5.411257575360650662e-07,1.919756141433026642e-05,9.999800920486450195e-01,7.622430331366558676e-08
3.246540536405717603e-10,1.944998075487092137e-06,1.215079191752010956e-05,9.999858140945434570e-01,8.397348949529259698e-08
2.623423422942749994e-10,1.471942823627614416e-06,1.079147295968141407e-05,9.999877214431762695e-01,4.207522863453050377e-08
3.129381753730342552e-10,4.668826022680150345e-06,8.027507647057063878e-06,9.999872446060180664e-01,1.328247520859804354e-07
2.327356085629617155e-10,9.182278517982922494e-06,5.355720531952101737e-06,9.999853968620300293e-01,6.225602788845208124e-08
2.362131601429950933e-10,5.925226651015691459e-05,1.263640297111123800e-05,9.999279975891113281e-01,1.285662705186041421e-07
1.791864018274580417e-10,3.113950515398755670e-05,5.745032922277459875e-06,9.999630451202392578e-01,8.316757771353877615e-08
1.040238797878068056e-10,2.882990811485797167e-04,6.361680425470694900e-05,9.996473789215087891e-01,7.291795895980612841e-07
1.726798426471276571e-10,7.538366480730473995e-05,4.117512435186654329e-05,9.998834729194641113e-01,5.192149998833883728e-08
5.132916869321491049e-10,2.456491114571690559e-03,1.092846225947141647e-02,9.864873290061950684e-01,1.277008268516510725e-04
6.664872126416199194e-11,2.968685876112431288e-04,6.367907917592674494e-05,9.996391534805297852e-01,3.662599681319989031e-07
6.320925116654052545e-09,3.304539131931960583e-04,3.625579702202230692e-04,9.993064999580383301e-01,3.585047636534000048e-07
8.527176760253496468e-07,7.154876948334276676e-04,1.055630389600992203e-02,9.887239336967468262e-01,3.384917818038957193e-06
3.845820515380182769e-07,3.017843700945377350e-04,1.063165348023176193e-02,9.890640974044799805e-01,1.947778855537762865e-06
1.753287619976617862e-06,2.613727119751274586e-04,9.669098071753978729e-03,9.900609850883483887e-01,6.653038781223585829e-06
3.116275138381752186e-06,3.508685901761054993e-02,1.980271637439727783e-01,7.665264010429382324e-01,3.564604558050632477e-04
1.056311518254915427e-07,4.954590258421376348e-05,5.797417834401130676e-02,9.416234493255615234e-01,3.527395892888307571e-04
5.759751076084285160e-08,7.027519168332219124e-04,7.709904909133911133e-01,2.214630246162414551e-01,6.843623705208301544e-03
5.839740069291110558e-08,5.403631366789340973e-03,8.534688353538513184e-01,1.357539445161819458e-01,5.373497027903795242e-03
7.526473666530364426e-08,9.057768620550632477e-03,8.763606548309326172e-01,1.085187941789627075e-01,6.062761880457401276e-03
3.636671053186546487e-08,5.189381074160337448e-03,8.878700733184814453e-01,1.013228595256805420e-01,5.617605056613683701e-03
4.174031431602998055e-08,7.035341113805770874e-03,8.987960219383239746e-01,8.880167454481124878e-02,5.366979632526636124e-03
1.802865313038637396e-06,1.423398953193100169e-05,4.337660372257232666e-01,5.661320686340332031e-01,8.587666525272652507e-05
1.298076455213958980e-07,6.407868349924683571e-04,8.747094273567199707e-01,1.128160506486892700e-01,1.183355972170829773e-02
1.317109976639585511e-08,8.765151724219322205e-04,9.406179189682006836e-01,4.112599417567253113e-02,1.737954840064048767e-02
1.470672117420690483e-07,1.416806207998888567e-05,9.520773887634277344e-01,3.603707626461982727e-02,1.187127362936735153e-02
1.014764237083909393e-07,1.258941338164731860e-04,9.228528738021850586e-01,6.608121097087860107e-02,1.093986537307500839e-02
3.112231468094250886e-07,9.424657037016004324e-05,9.671114683151245117e-01,2.110320702195167542e-02,1.169077679514884949e-02
1.407767342698207358e-07,5.092106584925204515e-05,9.906149506568908691e-01,7.891143672168254852e-03,1.442775828763842583e-03
6.279410769138848991e-08,1.182993073598481715e-04,9.968753457069396973e-01,2.905912697315216064e-03,1.004983787424862385e-04
6.354715509360175929e-08,5.017348448745906353e-04,9.975762963294982910e-01,1.855522394180297852e-03,6.645629036938771605e-05
3.287633987270055513e-08,3.805831074714660645e-04,9.985525608062744141e-01,1.057702233083546162e-03,8.993220035335980356e-06
3.591624988530384144e-07,5.351980507839471102e-05,5.286824703216552734e-01,4.711902439594268799e-01,7.337446004385128617e-05
1.200568107151411823e-07,1.903329211927484721e-05,8.354012966156005859e-01,1.645638942718505859e-01,1.557323594170156866e-05
3.147696858718518342e-08,3.666776319732889533e-05,7.425637841224670410e-01,2.573938965797424316e-01,5.677889930666424334e-06
1.694631812654279202e-08,5.084729855298064649e-05,1.009750831872224808e-02,9.898446202278137207e-01,6.899294476170325652e-06
2.053357839315594902e-08,1.129931479226797819e-04,7.344538345932960510e-03,9.925314784049987793e-01,1.094876188290072605e-05
5.995179890305735171e-07,1.390816614730283618e-04,1.056472398340702057e-02,9.892551898956298828e-01,4.040010026074014604e-05
1.835784217973923660e-07,2.484672586433589458e-04,8.989697322249412537e-03,9.906775951385498047e-01,8.404468098888173699e-05
9.634804065683510998e-09,4.345701017882674932e-04,1.243442646227777004e-03,9.982883334159851074e-01,3.354269574629142880e-05
2.049183223107320373e-08,9.055444388650357723e-04,1.805713167414069176e-03,9.972465038299560547e-01,4.230394915794022381e-05
9.398124056758661027e-09,9.961435571312904358e-04,4.751451197080314159e-04,9.985098242759704590e-01,1.878861621662508696e-05
4.977597001243339037e-09,9.140194160863757133e-04,4.677131073549389839e-04,9.986020922660827637e-01,1.614667780813761055e-05
6.419326403772629419e-09,6.432542577385902405e-04,2.685298386495560408e-04,9.990764260292053223e-01,1.182918094855267555e-05
5.195852192940719760e-09,1.090851146727800369e-03,1.720924774417653680e-04,9.987332820892333984e-01,3.693701046358910389e-06
7.368980536881508669e-09,1.543177291750907898e-03,1.641464914428070188e-04,9.982863664627075195e-01,6.402443432307336479e-06
9.662815864430740476e-05,9.770110249519348145e-03,7.233983278274536133e-01,2.221909463405609131e-01,4.454401135444641113e-02
1.926539106023028580e-08,4.530322737991809845e-03,4.069293499924242496e-04,9.950550794601440430e-01,7.616893071826780215e-06
1.703471586012028638e-09,4.123202525079250336e-03,3.545564250089228153e-04,9.955011010169982910e-01,2.115947063430212438e-05
1.562019846801376843e-08,1.360230054706335068e-02,8.627071511000394821e-04,9.855295419692993164e-01,5.402031092671677470e-06
1.261021242981996693e-08,4.718518815934658051e-03,1.075722160749137402e-03,9.941655397415161133e-01,4.024520967504940927e-05
1.271111832465976477e-04,1.135405339300632477e-02,7.954760789871215820e-01,1.506538540124893188e-01,4.238888248801231384e-02
1.132294855779036880e-04,1.160954870283603668e-02,7.581216096878051758e-01,1.877414137125015259e-01,4.241418465971946716e-02
2.469674655003473163e-05,1.193882059305906296e-02,2.607412040233612061e-01,7.271806597709655762e-01,1.145727219409309328e-04
4.123914186493493617e-05,2.551755495369434357e-02,9.361237287521362305e-01,3.808209300041198730e-02,2.352799638174474239e-04
3.438696730881929398e-03,1.209884062409400940e-01,8.119444847106933594e-01,5.463173612952232361e-02,8.996622636914253235e-03
2.539148554205894470e-03,2.018141895532608032e-01,7.685003280639648438e-01,1.766828447580337524e-02,9.478035382926464081e-03
1.710512675344944000e-03,2.207877039909362793e-01,7.545791268348693848e-01,1.730472594499588013e-02,5.617939401417970657e-03
7.991001941263675690e-03,5.258616209030151367e-01,4.396473169326782227e-01,1.878960803151130676e-02,7.710469420999288559e-03
3.407879376027267426e-06,8.886557072401046753e-03,9.540570378303527832e-01,3.698509559035301208e-02,6.789193867007270455e-05
1.007203445624327287e-05,2.096926560625433922e-03,9.836280345916748047e-01,1.404263265430927277e-02,2.222908660769462585e-04
1.703266316326335073e-04,4.365964792668819427e-03,7.289746403694152832e-01,2.627496719360351562e-01,3.739307634532451630e-03
2.693605516412844736e-08,4.809863120317459106e-02,9.002113342285156250e-01,5.042888969182968140e-02,1.261175377294421196e-03
9.784084653574609547e-09,5.305676907300949097e-02,9.032871723175048828e-01,4.283176362514495850e-02,8.242324111051857471e-04
2.148582645133956248e-08,4.370450228452682495e-02,8.764335513114929199e-01,7.971752434968948364e-02,1.443548535462468863e-04
1.113235814642621335e-08,7.725472003221511841e-02,8.381435275077819824e-01,8.415301144123077393e-02,4.487680271267890930e-04
3.769620161619968712e-05,1.399464607238769531e-01,3.515788316726684570e-01,5.056960582733154297e-01,2.740839961916208267e-03
1.533452305011451244e-04,5.405943468213081360e-02,2.165441215038299561e-01,7.228168845176696777e-01,6.426255684345960617e-03
2.564887108746916056e-04,3.045347332954406738e-01,6.577194333076477051e-01,3.544374555349349976e-02,2.045506145805120468e-03
3.656666740425862372e-05,1.899157911539077759e-01,7.922341227531433105e-01,1.071180962026119232e-02,7.101750932633876801e-03
3.624979945016093552e-05,8.763256669044494629e-02,9.004718065261840820e-01,4.015716724097728729e-03,7.843705825507640839e-03
1.260849385289475322e-04,1.139863952994346619e-02,7.935153245925903320e-01,1.528578847646713257e-01,4.210195317864418030e-02
6.486677011707797647e-05,3.077030777931213379e-01,6.294155120849609375e-01,9.582377038896083832e-03,5.323420837521553040e-02
3.176011377945542336e-04,5.858533978462219238e-01,3.693814575672149658e-01,4.929942544549703598e-03,3.951764479279518127e-02
1.276455586776137352e-04,1.137351244688034058e-02,7.963271737098693848e-01,1.498895287513732910e-01,4.228215292096138000e-02
2.178882859880104661e-04,1.341447234153747559e-01,8.435727953910827637e-01,1.276006456464529037e-02,9.304496459662914276e-03
5.242433981038630009e-04,5.431981086730957031e-01,3.427792191505432129e-01,9.339082986116409302e-02,2.010760456323623657e-02
6.773460507392883301e-01,1.004406809806823730e-01,1.911052688956260681e-02,2.022805213928222656e-01,8.221657481044530869e-04
