3.625588052003081430e-09,9.763870239257812500e-01,2.046799845993518829e-02,2.989161526784300804e-03,1.557615469209849834e-04
1.881378830503876998e-09,9.989462494850158691e-01,7.844573119655251503e-04,2.543551381677389145e-04,1.498003348388010636e-05
1.165986418527609203e-09,9.983224272727966309e-01,1.673016464337706566e-03,4.360236744105350226e-06,1.408182299655891256e-07
5.274434666802108040e-09,9.652798175811767578e-01,3.455482423305511475e-02,1.646927994443103671e-04,6.569639481313060969e-07
1.227585588736701538e-08,8.910033106803894043e-01,1.087048575282096863e-01,2.910364128183573484e-04,8.389100685235462151e-07
1.043098851738477606e-08,9.804551601409912109e-01,1.829386129975318909e-02,1.250300440005958080e-03,6.461522730205615517e-07
2.089616657485748874e-07,9.101836681365966797e-01,8.895700424909591675e-02,7.487381808459758759e-04,1.103397735278122127e-04
1.077050839626281231e-07,9.173163771629333496e-01,7.583872973918914795e-02,6.228183861821889877e-03,6.165772210806608200e-04
7.710045224484929349e-08,9.685168266296386719e-01,2.437708899378776550e-02,4.856564104557037354e-03,2.249508397653698921e-03
7.834579207610659068e-09,9.970310926437377930e-01,2.936120610684156418e-03,1.866097409219946712e-05,1.407575473422184587e-05
1.975069552351271795e-10,9.937806725502014160e-01,6.218352820724248886e-03,9.231822559740976430e-07,4.966892319657745247e-08
1.987528891467249537e-10,9.954545497894287109e-01,4.545022733509540558e-03,3.348672521497064736e-07,7.927853040712307120e-09
6.066942087601390199e-11,9.969302415847778320e-01,3.069256898015737534e-03,5.310097890287579503e-07,1.663586246536397084e-08
1.035272631511041652e-10,9.824714064598083496e-01,1.752791367471218109e-02,7.265314820870116819e-07,4.593902591665255386e-09
2.696090850573540365e-10,9.971435666084289551e-01,2.826382173225283623e-03,2.749601117102429271e-05,2.581950639068963937e-06
3.265289150178318778e-10,9.889495968818664551e-01,1.091853436082601547e-02,1.314357214141637087e-04,3.931566254777862923e-07
5.952232595696216322e-10,9.724339246749877930e-01,2.737910300493240356e-02,1.755544944899156690e-04,1.150951538875233382e-05
2.719207969903436606e-09,9.702517390251159668e-01,2.939672023057937622e-02,3.102809132542461157e-04,4.109627116122283041e-05
4.289836041948547063e-09,9.750667214393615723e-01,2.260720357298851013e-02,2.194857224822044373e-03,1.310649677179753780e-04
9.129429656695720041e-09,9.693969488143920898e-01,2.672805637121200562e-02,3.213774412870407104e-03,6.611937424167990685e-04
8.116646021960605140e-09,7.770916223526000977e-01,2.215916216373443604e-01,1.276985160075128078e-03,3.978870154242031276e-05
1.036503993745441221e-09,9.539399147033691406e-01,4.248500987887382507e-02,3.533877665176987648e-03,4.118611832382157445e-05
6.725250356609535629e-10,9.809157252311706543e-01,1.883387938141822815e-02,2.469817409291863441e-04,3.358396725161583163e-06
7.166204851749569116e-10,9.709045886993408203e-01,2.887783758342266083e-02,2.105271996697410941e-04,7.020611974439816549e-06
1.720083091640844941e-04,2.585821747779846191e-01,5.089156031608581543e-01,1.986937224864959717e-02,2.124608308076858521e-01
3.639542223154990097e-09,7.618283629417419434e-01,2.333709001541137695e-01,4.737284965813159943e-03,6.342821870930492878e-05
7.833488524511267315e-09,8.117439746856689453e-01,1.874992102384567261e-01,6.209246930666267872e-04,1.358924928354099393e-04
1.157886853064837851e-08,9.062806367874145508e-01,9.350645542144775391e-02,1.962731621460989118e-04,1.658798282733187079e-05
1.693521850532064832e-10,9.857320785522460938e-01,1.425636652857065201e-02,1.135260208684485406e-05,6.457804602177930064e-08
4.931768188276564047e-11,9.928803443908691406e-01,7.116849534213542938e-03,2.643321067807846703e-06,1.404283693773322739e-07
1.090300211226136184e-10,9.913082122802734375e-01,8.686463348567485809e-03,5.255067662801593542e-06,4.405797682238699053e-08
1.856017596557624216e-11,9.987154006958007812e-01,1.280177384614944458e-03,4.457587237993720919e-06,1.204567112722543243e-09
8.562464973160821557e-12,9.992939829826354980e-01,7.000064942985773087e-04,6.031139037077082321e-06,1.463585364014363677e-09
1.720529253361746669e-04,2.551740705966949463e-01,5.130261778831481934e-01,1.964260824024677277e-02,2.119850516319274902e-01
4.640617404239044674e-11,9.738589525222778320e-01,2.495415695011615753e-02,1.186848734505474567e-03,4.919775253853231334e-09
5.398087879471269446e-11,9.979493021965026855e-01,1.495625940151512623e-03,5.550910136662423611e-04,7.363416543171297235e-09
9.529813049802271507e-11,9.998461008071899414e-01,1.037956826621666551e-04,5.001165118301287293e-05,5.430820682050807591e-09
1.298644108915780748e-10,9.997490644454956055e-01,1.267793268198147416e-04,1.242195867234840989e-04,1.165577945272389115e-08
1.064903831782260113e-09,9.985471367835998535e-01,5.986696342006325722e-04,8.541315328329801559e-04,8.571518606004246976e-08
4.071338821631798055e-09,9.971041083335876465e-01,7.099647773429751396e-04,2.185541437938809395e-03,3.239083241624030052e-07
1.400420668318247408e-08,9.967715144157409668e-01,1.281364005990326405e-03,1.944530988112092018e-03,2.516577751521253958e-06
5.635560018646401659e-09,9.994605183601379395e-01,1.344452612102031708e-04,4.046611720696091652e-04,3.972329807311325567e-07
8.010337948505252825e-10,9.998894929885864258e-01,4.474771776585839689e-05,6.562075577676296234e-05,2.925694175814896880e-08
2.378214247755749966e-08,9.996210932731628418e-01,1.059391070157289505e-04,2.721118798945099115e-04,8.308398946610395797e-07
3.994861774714308922e-09,9.981058835983276367e-01,5.053643253631889820e-04,1.387079944834113121e-03,1.641803123675344978e-06
5.954648579775678741e-11,9.999295473098754883e-01,6.657180347247049212e-05,3.790964228755910881e-06,1.513182112944377877e-08
7.408828411881174247e-11,9.997321963310241699e-01,2.549029595684260130e-04,1.291072749154409394e-05,3.815555515984669910e-08
3.982305457617130173e-11,9.997456669807434082e-01,2.494601940270513296e-04,4.686871307058027014e-06,2.530264850975072477e-07
1.801240157028871636e-09,9.997469782829284668e-01,2.508211182430386543e-04,1.330029135715449229e-06,8.799956390248553362e-07
1.812591743366454011e-10,9.999565482139587402e-01,4.300601358409039676e-05,1.319255176213118830e-07,2.629491291372687556e-07
1.950136274686542492e-09,9.999739527702331543e-01,2.593291537777986377e-05,2.961977330073750636e-08,2.147522621953612543e-07
1.138136518363808136e-08,9.994459748268127441e-01,5.529767367988824844e-04,3.324546469229971990e-07,6.812281867496494669e-07
8.678243901272253424e-09,9.996513724327087402e-01,3.481243911664932966e-04,5.563939708963516750e-08,4.373165154447633540e-07
1.720679848604689255e-10,9.990717172622680664e-01,9.280510130338370800e-04,3.444142748776357621e-08,2.157213145892455941e-07
1.755776524170471475e-09,9.985570311546325684e-01,1.426243688911199570e-03,8.625878763268701732e-06,8.164597602444700897e-06
1.891930345720993500e-08,9.886221289634704590e-01,1.136874686926603317e-02,6.482282969955122098e-06,2.571161303421831690e-06
4.209575799052345246e-09,9.911478757858276367e-01,8.844582363963127136e-03,6.561058398801833391e-06,8.490790150972316042e-07
3.917893121041515769e-09,8.517760038375854492e-01,1.463393867015838623e-01,1.869892817921936512e-03,1.476356464991113171e-05
5.151749027376695267e-10,8.630506396293640137e-01,1.367274969816207886e-01,2.212062099715694785e-04,6.687022278129006736e-07
1.870530175196449818e-09,4.287116229534149170e-01,5.684480071067810059e-01,2.832727739587426186e-03,7.565370196971343830e-06
7.747820718329023748e-10,8.114613294601440430e-01,1.873165369033813477e-01,1.221264945343136787e-03,9.240067129212548025e-07
3.799009162808175688e-10,9.563226699829101562e-01,4.359988495707511902e-02,7.737096893833950162e-05,5.466083763394635753e-08
1.334122812224336485e-09,6.615759134292602539e-01,3.382129669189453125e-01,2.100959827657788992e-04,1.079825096894637682e-06
7.463537565755018477e-10,6.035585403442382812e-01,3.922513425350189209e-01,4.185374826192855835e-03,4.759448529512155801e-06
9.382304932969987021e-10,7.915918231010437012e-01,2.062786668539047241e-01,2.116724383085966110e-03,1.276135935768252239e-05
2.512689167843973337e-09,5.893598198890686035e-01,4.097695648670196533e-01,8.610965451225638390e-04,9.524758752377238125e-06
1.288378848052218473e-09,7.508364915847778320e-01,2.487510144710540771e-01,3.898694703821092844e-04,2.255926665384322405e-05
4.787794161131841975e-09,4.651176929473876953e-01,5.347641706466674805e-01,7.094199827406555414e-05,4.717074261861853302e-05
1.934837429162783451e-10,9.605956077575683594e-01,3.938454762101173401e-02,1.960222107300069183e-05,2.252175477224227507e-07
1.555783141204969411e-10,9.554501175880432129e-01,4.454545676708221436e-02,2.494637328709359281e-06,2.020085958065465093e-06
8.559170733279941601e-11,9.777279496192932129e-01,2.226552180945873260e-02,4.560481102089397609e-06,1.961966290764394216e-06
1.720243744784966111e-04,2.553652226924896240e-01,5.118955969810485840e-01,1.982375420629978180e-02,2.127434015274047852e-01
2.587519976060548288e-09,9.628762006759643555e-01,3.711505234241485596e-02,2.177989244955824688e-06,6.629237759625539184e-06
8.020382136209036616e-10,9.983093738555908203e-01,1.688729855231940746e-03,1.044040345732355490e-06,8.653303211758611724e-07
7.223006637246953687e-09,9.982994794845581055e-01,1.680581015534698963e-03,6.695589036098681390e-06,1.323295236943522468e-05
1.004987981723104440e-09,9.989147782325744629e-01,1.074071740731596947e-03,3.677140057334327139e-06,7.408776582451537251e-06
5.500014332859848309e-10,9.997174143791198730e-01,2.743426302913576365e-04,5.020722255721921101e-06,3.206087058060802519e-06
1.372351454698161888e-09,9.955041408538818359e-01,4.431281704455614090e-03,2.672247865120880306e-05,3.777771780733019114e-05
1.718094426905736327e-04,2.527275979518890381e-01,5.157499909400939941e-01,1.948102749884128571e-02,2.118696570396423340e-01
7.361555115492635082e-11,9.999380111694335938e-01,5.601947486866265535e-05,6.013684469508007169e-06,5.069569652960126405e-09
6.511966747085873308e-12,9.997429847717285156e-01,2.560995926614850760e-04,8.295248221656947862e-07,6.175283895348826491e-11
3.196963804796837394e-10,9.891136884689331055e-01,1.060086488723754883e-02,2.854268532246351242e-04,4.703839540098897487e-09
4.159673994141854791e-10,9.991126656532287598e-01,8.020180976018309593e-04,8.529324259143322706e-05,4.875048142949367502e-10
8.719270305768134222e-10,9.983631372451782227e-01,1.572302775457501411e-03,6.445674807764589787e-05,7.956418857091307473e-10
1.526777454463612571e-10,9.850248694419860840e-01,1.482165325433015823e-02,1.535216870252043009e-04,1.630146684306055249e-08
7.089487885636458486e-10,9.375938177108764648e-01,5.884807929396629333e-02,3.557949792593717575e-03,1.518159677971198107e-07
9.890843699622564600e-10,9.285318851470947266e-01,5.946415662765502930e-02,1.200343854725360870e-02,5.703714691662753467e-07
8.170026322140699904e-10,9.774245023727416992e-01,5.116916261613368988e-03,1.745777949690818787e-02,8.207703672269417439e-07
4.208939585748083800e-10,9.976354837417602539e-01,1.273500733077526093e-03,1.090746605768799782e-03,2.578728128810325870e-07
2.810647721507297803e-11,9.977908134460449219e-01,1.413609017618000507e-03,7.951470906846225262e-04,4.462085314571595518e-07
8.266450024496663218e-12,9.998332262039184570e-01,6.499401933979243040e-05,1.015860907500609756e-04,1.548486494584722095e-07
1.654313491750158960e-10,9.997163414955139160e-01,1.035004243021830916e-04,1.794384879758581519e-04,7.089694804562896024e-07
1.195241388501910862e-12,9.996442794799804688e-01,3.047539030376356095e-05,3.217868506908416748e-04,3.455756996117997915e-06
5.909568407541643253e-12,9.966740012168884277e-01,5.996741238050162792e-04,2.358558587729930878e-03,3.676516062114387751e-04
2.947331614877590766e-11,9.918327927589416504e-01,5.418087355792522430e-03,2.664890373125672340e-03,8.412807801505550742e-05
2.082546114723360375e-11,9.994067549705505371e-01,9.381309064337983727e-05,4.984507104381918907e-04,9.131110800808528438e-07
2.997107895197359539e-09,9.897347688674926758e-01,1.286739279748871922e-04,1.011860463768243790e-02,1.795736352505628020e-05
3.143141746875244280e-09,9.887831211090087891e-01,5.070044062449596822e-05,1.112233754247426987e-02,4.383349369163624942e-05
2.958122991003619973e-07,7.762591838836669922e-01,8.772506407694891095e-05,2.230470925569534302e-01,6.056349957361817360e-04
1.602756185548059875e-07,7.497360110282897949e-01,1.988737058127298951e-04,2.490745931863784790e-01,9.903417667374014854e-04
1.479840307183621917e-06,8.463817834854125977e-01,2.935958327725529671e-04,1.449392437934875488e-01,8.383839391171932220e-03
1.128557580720723763e-09,9.754792451858520508e-01,9.516654972685500979e-05,2.429859712719917297e-02,1.269024796783924103e-04
5.284386261905638094e-08,9.349910020828247070e-01,8.563139999751001596e-05,6.475254893302917480e-02,1.708271884126588702e-04
6.432996542571345344e-06,7.516653537750244141e-01,3.034321998711675406e-04,2.328155338764190674e-01,1.520931348204612732e-02
1.878126113297184929e-06,7.334620952606201172e-01,1.033599255606532097e-03,2.559334039688110352e-01,9.569035843014717102e-03
4.712600230050156824e-07,8.892036080360412598e-01,7.511878357036039233e-05,1.078920289874076843e-01,2.828853670507669449e-03
9.149307089728608844e-08,9.232507348060607910e-01,5.649250306305475533e-05,7.541619241237640381e-02,1.276470720767974854e-03
3.074354140153445769e-07,6.837083697319030762e-01,9.552927804179489613e-05,3.138053715229034424e-01,2.390436595305800438e-03
2.086517092436679377e-08,8.695945739746093750e-01,1.300231087952852249e-05,1.301935017108917236e-01,1.988498261198401451e-04
2.602489246328332229e-08,8.434101343154907227e-01,2.266179944854229689e-05,1.562759280204772949e-01,2.911971532739698887e-04
2.987333402870717691e-08,8.320099115371704102e-01,1.677402724453713745e-05,1.675511598587036133e-01,4.220840346533805132e-04
1.823314055293678848e-09,9.900829195976257324e-01,3.042644266315619461e-06,9.870144538581371307e-03,4.388812158140353858e-05
1.763446277891489444e-08,9.006451964378356934e-01,5.429806333268061280e-05,9.911208599805831909e-02,1.883536024251952767e-04
4.511755857805610503e-09,8.049548864364624023e-01,3.999875116278417408e-05,1.946844160556793213e-01,3.206698747817426920e-04
7.047826766637399487e-10,7.808801531791687012e-01,2.561336441431194544e-05,2.178619205951690674e-01,1.232282258570194244e-03
7.849260130754487363e-11,9.932622313499450684e-01,1.059149553839233704e-06,6.709259469062089920e-03,2.751017382252030075e-05
9.527323374669549594e-11,9.961109757423400879e-01,1.843727773120917846e-06,3.883343655616044998e-03,3.835833922494202852e-06
4.616049556482870742e-11,9.938680529594421387e-01,3.882326382154133171e-06,6.121817510575056076e-03,6.306321665761061013e-06
8.065202672380422655e-11,9.947128891944885254e-01,3.403429900572518818e-06,5.272122565656900406e-03,1.155515838036080822e-05
3.353869431066414108e-07,4.599440395832061768e-01,3.187276161042973399e-05,5.398120880126953125e-01,2.116993564413860440e-04
6.452101075637983740e-09,9.383104443550109863e-01,5.563186732615577057e-06,6.164691224694252014e-02,3.703208494698628783e-05
5.899525312713649328e-11,9.934240579605102539e-01,4.261080448486609384e-06,6.567788776010274887e-03,3.851772362395422533e-06
2.492915318619282061e-10,9.676495790481567383e-01,3.161186441502650268e-06,3.234259039163589478e-02,4.526804332272149622e-06
1.948758515668558289e-11,9.976406693458557129e-01,1.207592845275939908e-06,2.355964388698339462e-03,2.078117177006788552e-06
7.852204997327305591e-12,9.955108761787414551e-01,1.169833126368757803e-06,4.486384335905313492e-03,1.614060238352976739e-06
2.642302609351387943e-12,9.992841482162475586e-01,1.137458980338124093e-07,7.141730166040360928e-04,1.533678869236609899e-06
2.348021083120599428e-11,9.754908680915832520e-01,3.463223038124851882e-06,2.449270524084568024e-02,1.287988379772286862e-05
7.699302133346019872e-12,9.651112556457519531e-01,1.020760737446835265e-05,3.486422076821327209e-02,1.431825148756615818e-05
2.972125670575032075e-11,9.663785696029663086e-01,1.336825607722857967e-05,3.358595073223114014e-02,2.213461993960663676e-05
1.416864681136331683e-10,8.947008848190307617e-01,4.973270188202150166e-05,1.051810458302497864e-01,6.837575347162783146e-05
3.680923274518299593e-11,9.463917016983032227e-01,3.109561657765880227e-05,5.353074520826339722e-02,4.642769272322766483e-05
1.951287915968880071e-11,9.821711778640747070e-01,2.672411028470378369e-05,1.777149550616741180e-02,3.070047387154772878e-05
4.217817761720255021e-11,9.433380365371704102e-01,2.013376615650486201e-05,5.654799938201904297e-02,9.375343506690114737e-05
2.450433952971842189e-11,9.711254835128784180e-01,3.463047960394760594e-06,2.874105237424373627e-02,1.299594732699915767e-04
8.118252736721842666e-10,9.859299659729003906e-01,5.968647019471973181e-05,1.388042047619819641e-02,1.298533024964854121e-04
4.558232902240888507e-08,9.171329736709594727e-01,1.001263852231204510e-03,8.142878860235214233e-02,4.369528323877602816e-04
3.324154818074021023e-08,8.294742703437805176e-01,1.218770397827029228e-03,1.690749377012252808e-01,2.319450723007321358e-04
3.534254489068189287e-08,9.736518263816833496e-01,1.538635813631117344e-03,2.458981610834598541e-02,2.196353161707520485e-04
9.997199157396607916e-08,9.457078576087951660e-01,3.251190297305583954e-03,4.963815584778785706e-02,1.402576104737818241e-03
7.206645022961311042e-07,1.776876896619796753e-01,1.107483450323343277e-02,7.843918800354003906e-01,2.684478648006916046e-02
8.339565056303399615e-07,4.077521711587905884e-02,4.400679841637611389e-03,9.337317347526550293e-01,2.109153382480144501e-02
1.502052555224508978e-06,1.386803984642028809e-01,7.707866840064525604e-03,8.173336386680603027e-01,3.627651929855346680e-02
6.045339432603213936e-06,4.014552831649780273e-01,8.630977012217044830e-03,5.578085184097290039e-01,3.209912776947021484e-02
9.234759090759325773e-06,1.351623535156250000e-01,3.412450896576046944e-03,8.009462356567382812e-01,6.046963110566139221e-02
3.327276317577343434e-06,7.811151444911956787e-02,3.528513014316558838e-03,5.412935018539428711e-01,3.770632445812225342e-01
2.553699778218287975e-05,3.622566536068916321e-02,1.808424945920705795e-03,4.113405346870422363e-01,5.505998730659484863e-01
5.569491186179220676e-04,1.568945944309234619e-01,1.408786978572607040e-02,6.890352368354797363e-01,1.394252777099609375e-01
3.614733941503800452e-05,2.616912126541137695e-01,5.068707745522260666e-03,2.533289194107055664e-01,4.798749685287475586e-01
1.254079234058735892e-05,8.230732381343841553e-02,8.841508999466896057e-03,3.736371695995330811e-01,5.352014899253845215e-01
7.440001354552805424e-06,1.088287830352783203e-01,7.562525104731321335e-03,6.370221972465515137e-01,2.465791255235671997e-01
1.880403215182013810e-05,3.926188647747039795e-01,5.315935704857110977e-03,1.865330338478088379e-01,4.155132770538330078e-01
7.067033038765657693e-07,4.192434847354888916e-01,3.156602848321199417e-03,2.550139464437961578e-02,5.520977973937988281e-01
3.789137110743467929e-07,2.410236001014709473e-02,6.060498300939798355e-03,1.358033623546361923e-02,9.562565088272094727e-01
6.825171112723182887e-07,1.276089549064636230e-01,1.291983723640441895e-01,1.481812633574008942e-02,7.283738851547241211e-01
2.432142991892760620e-06,5.736120790243148804e-02,2.291150856763124466e-03,3.345514647662639618e-03,9.369995594024658203e-01
1.415186375197663438e-06,7.064796090126037598e-01,5.194745957851409912e-02,7.775910198688507080e-03,2.337955534458160400e-01
4.856318014390126336e-07,9.107655286788940430e-01,4.561031702905893326e-03,1.246542297303676605e-02,7.220747321844100952e-02
1.050715212613795302e-07,8.606851696968078613e-01,2.946838177740573883e-02,3.433140367269515991e-02,7.551482319831848145e-02
7.724518127361079678e-07,9.722950458526611328e-01,8.681396022439002991e-03,1.428769028279930353e-04,1.887988485395908356e-02
1.727548078633844852e-04,2.624526917934417725e-01,5.054538249969482422e-01,2.059184573590755463e-02,2.113288789987564087e-01
1.493918801998006529e-07,7.639014124870300293e-01,1.216324605047702789e-02,1.952905004145577550e-04,2.237398475408554077e-01
8.913312967706588097e-07,3.870108425617218018e-01,9.499856084585189819e-02,2.284397138282656670e-03,5.157054066658020020e-01
1.724624598864465952e-04,2.494024634361267090e-01,5.182237029075622559e-01,1.921141333878040314e-02,2.129899114370346069e-01
4.238556172708740633e-09,9.915054440498352051e-01,8.467603474855422974e-03,1.478252761444309726e-05,1.221560160047374666e-05
4.341206505387162906e-09,9.929262995719909668e-01,6.974220741540193558e-03,8.300938497995957732e-05,1.652961691434029490e-05
7.905219590043088829e-09,9.756802320480346680e-01,2.390013821423053741e-02,4.064957320224493742e-04,1.309600793319987133e-05
5.195832653015486358e-09,9.723803997039794922e-01,2.737114019691944122e-02,2.440179523546248674e-04,4.497847385209752247e-06
5.260105684357085920e-10,9.969503879547119141e-01,1.978686079382896423e-03,1.070230267941951752e-03,6.477026772699900903e-07
8.302489362677079043e-09,9.436711668968200684e-01,5.324079841375350952e-02,3.084314055740833282e-03,3.691331130539765581e-06
9.715558135781066085e-09,9.481847286224365234e-01,4.718255996704101562e-02,4.628441762179136276e-03,4.159134277870180085e-06
7.119624889639908361e-10,9.757289886474609375e-01,2.302245981991291046e-02,1.247056410647928715e-03,1.431865484846639447e-06
6.936469731932959348e-10,9.707021117210388184e-01,2.897074259817600250e-02,3.250748559366911650e-04,2.052535592156345956e-06
1.528065785016963218e-09,9.685570597648620605e-01,3.107343614101409912e-02,3.666554403025656939e-04,2.748608721958589740e-06
2.266594467670302038e-09,9.437965750694274902e-01,5.558965727686882019e-02,6.106502260081470013e-04,3.110769966951920651e-06
1.597582732770774783e-09,7.812898755073547363e-01,2.164005637168884277e-01,2.302852924913167953e-03,6.670586571999592707e-06
6.293445209415438057e-10,9.615376591682434082e-01,3.701279312372207642e-02,1.445500063709914684e-03,4.049539711559191346e-06
4.537053024944448509e-11,9.970364570617675781e-01,1.799981691874563694e-03,1.160197192803025246e-03,3.465595455054426566e-06
1.399865813545009274e-11,9.982375502586364746e-01,4.715001268777996302e-04,1.289978157728910446e-03,1.053712139764684252e-06
8.798834924550469339e-12,9.937413334846496582e-01,2.056560479104518890e-04,6.050894502550363541e-03,2.176342832171940245e-06
1.522806078284311138e-12,9.972441196441650391e-01,4.368692680145613849e-05,2.710732631385326385e-03,1.445955490453343373e-06
9.554514704369562739e-14,9.996852874755859375e-01,4.201937372272368520e-06,3.103468916378915310e-04,1.954456081421085401e-07
6.506745825734377986e-14,9.999033808708190918e-01,1.819009526116133202e-06,9.461661102250218391e-05,1.615388214304402936e-07
5.677993882360898859e-13,9.993355870246887207e-01,2.555408855187124573e-06,6.602889043278992176e-04,1.494441107752209064e-06
1.500915955106665867e-13,9.996954202651977539e-01,7.088095571816666052e-06,2.947856846731156111e-04,2.673258222785079852e-06
7.667851596726560359e-12,9.962899088859558105e-01,1.169277129520196468e-05,3.690747311338782310e-03,7.596147042931988835e-06
1.479827328385030505e-12,9.998463392257690430e-01,8.511715918757545296e-07,1.521874364698305726e-04,6.129483836048166268e-07
6.727732520389606563e-12,9.992713332176208496e-01,9.359815749121480621e-07,7.270659552887082100e-04,6.632920985794044100e-07
1.399504644117310903e-12,9.998840093612670898e-01,1.768260062817716971e-07,1.156242724391631782e-04,1.444715564957732568e-07
1.229696899862631199e-12,9.998145699501037598e-01,2.103472525050165132e-07,1.851141714723780751e-04,1.973133549881822546e-07
6.919716535880304775e-13,9.997836351394653320e-01,2.776438350338139571e-07,2.159163559554144740e-04,9.190127769898026600e-08
5.210172029056214793e-13,9.998464584350585938e-01,1.600026990900005330e-07,1.532541355118155479e-04,5.837869210267854214e-08
4.369724796848134529e-13,9.996090531349182129e-01,2.302281671973105404e-07,3.906488127540796995e-04,7.089399645110461279e-08
8.536222943777982408e-13,9.982861876487731934e-01,5.884944016543158796e-07,1.713170437142252922e-03,4.146718168840379803e-08
3.919768969042752849e-13,9.993287920951843262e-01,1.768681045177800115e-06,6.694299518130719662e-04,3.516818125604004308e-08
9.354451891915860351e-13,9.996195435523986816e-01,3.559086110271891812e-07,3.800423291977494955e-04,1.601002423967656796e-07
1.568832547595502835e-13,9.998649358749389648e-01,1.184708509072152083e-07,1.348875666735693812e-04,4.496980920976056950e-08
7.382973626988281746e-14,9.999157786369323730e-01,1.475395094985287869e-07,8.400549268117174506e-05,3.198034548290706880e-08
1.491128591045096097e-13,9.997599720954895020e-01,5.472950874718662817e-07,2.394749171799048781e-04,4.345922377524402691e-08
1.900566157361435748e-13,9.997137784957885742e-01,4.567843916447600350e-07,2.857689396478235722e-04,2.294599710239708656e-08
1.629953089816657541e-13,9.994210600852966309e-01,5.920445346419000998e-06,5.728046526201069355e-04,1.305511716509499820e-07
5.085907281258961188e-13,9.949191212654113770e-01,1.045240423991344869e-05,5.069986451417207718e-03,4.757517331199778710e-07
5.212965475953623695e-13,9.872733950614929199e-01,7.994663064891938120e-06,1.271806005388498306e-02,6.098208586990949698e-07
2.392446483978627469e-11,7.923674583435058594e-01,9.224254608852788806e-05,2.075399011373519897e-01,4.173930108208878664e-07
6.559852661069953683e-11,7.415308356285095215e-01,4.615755096892826259e-05,2.584228515625000000e-01,1.913112441798148211e-07
5.448289042142562266e-10,5.678945779800415039e-01,3.916959394700825214e-05,4.320660829544067383e-01,1.105226345998744364e-07
3.773340750967690838e-08,4.560533165931701660e-02,4.392706614453345537e-05,9.543493986129760742e-01,1.366376295663940255e-06
4.449422306151973316e-07,3.514786437153816223e-02,9.005875472212210298e-05,9.647599458694458008e-01,1.723483592286356725e-06
9.241926477443485055e-07,3.477607294917106628e-02,9.202472574543207884e-05,9.651241302490234375e-01,6.783255230402573943e-06
2.896927981055341661e-06,2.714203484356403351e-02,1.127426658058539033e-04,9.727331995964050293e-01,9.167464668280445039e-06
5.895522008358966559e-07,2.132966928184032440e-02,1.033072403515689075e-04,9.785546064376831055e-01,1.181005154649028555e-05
3.037994815713318530e-07,1.315783802419900894e-02,3.156015736749395728e-05,9.867855906486511230e-01,2.473075801390223205e-05
2.984639024816715391e-08,4.438443109393119812e-02,2.567790761531796306e-05,9.555505514144897461e-01,3.936173743568360806e-05
2.565734291692933766e-09,1.592894941568374634e-01,8.978322875918820500e-05,8.405722975730895996e-01,4.840846304432488978e-05
1.765370405415467303e-09,1.001189928501844406e-02,1.703480666037648916e-04,9.897960424423217773e-01,2.163463977922219783e-05
1.259979565126911893e-09,6.267150864005088806e-03,5.400050577009096742e-05,9.936330318450927734e-01,4.571138561004772782e-05
6.618867232077718654e-09,1.479990687221288681e-02,4.862328933086246252e-05,9.851368665695190430e-01,1.452055948902852833e-05
4.585754709296452347e-08,1.290254741907119751e-01,2.215414715465158224e-04,8.706960082054138184e-01,5.691418846254236996e-05
1.065684607226558001e-08,5.225808024406433105e-01,4.001508350484073162e-04,4.769296348094940186e-01,8.940701809478923678e-05
1.593581622216788674e-08,7.659993767738342285e-01,4.796361608896404505e-04,2.334313094615936279e-01,8.963205618783831596e-05
1.632527180106535525e-08,9.261462688446044922e-01,5.307896062731742859e-04,7.323122024536132812e-02,9.164035145658999681e-05
6.354193970992128015e-08,3.644344508647918701e-01,1.098935608752071857e-03,6.337262392044067383e-01,7.403440540656447411e-04
5.385303225580173603e-08,2.547106444835662842e-01,6.190362037159502506e-04,7.445113062858581543e-01,1.588716841069981456e-04
7.851970735828217585e-07,5.230981111526489258e-01,5.620592273771762848e-04,4.757686853408813477e-01,5.703386850655078888e-04
4.732567759901940008e-08,9.210093617439270020e-01,4.608012386597692966e-04,7.759996503591537476e-02,9.297891519963741302e-04
4.001786635399184888e-07,9.588564038276672363e-01,2.371818292886018753e-03,3.735868260264396667e-02,1.412716810591518879e-03
9.845229698157709208e-08,9.982138276100158691e-01,2.055260556517168880e-04,1.528507098555564880e-03,5.199367296881973743e-05
3.253888962717610411e-07,9.979035854339599609e-01,2.096540411002933979e-04,1.348724006675183773e-03,5.376989720389246941e-04
1.479937594695002190e-08,9.907163381576538086e-01,1.280813012272119522e-03,1.529761822894215584e-03,6.473041605204343796e-03
2.616638425934070256e-07,9.991866946220397949e-01,2.068594621960073709e-04,3.092985716648399830e-04,2.968289481941610575e-04
4.011480712051707087e-07,9.984057545661926270e-01,9.468865464441478252e-04,6.243643001653254032e-04,2.256292282254435122e-05
1.800244149308127817e-07,9.993212223052978516e-01,5.363410455174744129e-04,1.066570403054356575e-04,3.567187377484515309e-05
4.686233623374391755e-09,9.997236132621765137e-01,2.256452862638980150e-04,2.142230914614629000e-05,2.927211426140274853e-05
2.497477069596243382e-08,9.998907446861267090e-01,9.553637937642633915e-05,1.022360447677783668e-05,3.531424454195075668e-06
8.822497221672165324e-08,9.996140599250793457e-01,3.566323430277407169e-04,2.770902210613712668e-05,1.429909957550989930e-06
4.627957750358291378e-08,9.994999766349792480e-01,4.930556169711053371e-04,5.925218374613905326e-06,9.119310675487213302e-07
5.228552524272345181e-08,9.987207651138305664e-01,1.275848131626844406e-03,1.346400267721037380e-06,2.106830379489110783e-06
1.115364911541405490e-09,9.849762916564941406e-01,1.502043288201093674e-02,2.566949660831596702e-06,7.152376610974897631e-07
7.675918928251590501e-11,9.523050785064697266e-01,4.751352965831756592e-02,1.790817041182890534e-04,2.294015985171427019e-06
1.988744238734518888e-12,9.749443531036376953e-01,2.503616921603679657e-02,1.730784424580633640e-05,2.124093725797138177e-06
1.278306887425584293e-12,9.971429705619812012e-01,2.856459235772490501e-03,1.673258083201289992e-07,4.097448140782944392e-07
1.064775823067520832e-09,9.786046743392944336e-01,1.953016966581344604e-02,4.689719389716628939e-06,1.860448392108082771e-03
1.233198321237694017e-09,6.371210217475891113e-01,3.626804351806640625e-01,2.038384445768315345e-05,1.781366881914436817e-04
3.639729406756941898e-09,7.994382381439208984e-01,1.998382061719894409e-01,1.129483207478187978e-04,6.106412038207054138e-04
2.386558138611771795e-11,2.375033795833587646e-01,7.618696093559265137e-01,1.852129753387998790e-05,6.085485802032053471e-04
1.687038564401888152e-10,1.832621842622756958e-01,8.164638280868530273e-01,3.565138285921420902e-06,2.703931822907179594e-04
1.115613712521223988e-09,8.986914157867431641e-01,1.009218618273735046e-01,2.300535697941086255e-06,3.844260645564645529e-04
2.344913152541039381e-09,8.781470656394958496e-01,1.213625073432922363e-01,1.330563236479065381e-06,4.890140262432396412e-04
3.294342132420524649e-09,9.623403549194335938e-01,3.756325691938400269e-02,1.109828872358775698e-06,9.524363849777728319e-05
2.554670430754413246e-08,9.827104210853576660e-01,1.700536534190177917e-02,1.124146183428820223e-05,2.728878753259778023e-04
1.366132484914572842e-10,9.895648956298828125e-01,1.025712210685014725e-02,2.249086901429109275e-05,1.554095942992717028e-04
3.478062282624705404e-11,9.544188976287841797e-01,4.557085409760475159e-02,8.027936019061598927e-06,2.245142695755930617e-06
4.126344599342246511e-09,8.228797912597656250e-01,1.770891100168228149e-01,1.762970441632205620e-06,2.934470103355124593e-05
7.792642087167678255e-09,9.444400072097778320e-01,5.528970435261726379e-02,4.524642008618684486e-06,2.658013545442372561e-04
7.077892405504826456e-07,6.673736572265625000e-01,6.236855685710906982e-02,2.768602920696139336e-03,2.674885094165802002e-01
1.929013748735997069e-08,7.550446987152099609e-01,2.442736476659774780e-01,1.365786156384274364e-04,5.451050237752497196e-04
6.653348805230052676e-08,7.548045516014099121e-01,2.448794245719909668e-01,1.142040491686202586e-05,3.045259800273925066e-04
1.170322283527980289e-09,9.283425807952880859e-01,7.164733111858367920e-02,2.923737838500528596e-07,9.681370102043729275e-06
2.136811394493065563e-09,9.034999012947082520e-01,9.648168832063674927e-02,2.062086650767014362e-06,1.635897569940425456e-05
1.155324377832833704e-10,9.203016161918640137e-01,7.968515902757644653e-02,4.434500169736566022e-06,8.750960660108830780e-06
7.418868297470737616e-11,8.938343524932861328e-01,1.061574518680572510e-01,2.917925712608848698e-06,5.303141733747906983e-06
1.871442723011540465e-10,6.921613812446594238e-01,3.078206777572631836e-01,4.256648935552220792e-06,1.372686620015883818e-05
1.197238974626202435e-10,5.939532518386840820e-01,4.060327410697937012e-01,3.234087671444285661e-06,1.070975031325360760e-05
1.400659727091024820e-10,6.790664196014404297e-01,3.209223151206970215e-01,2.822433089022524655e-06,8.473030902678146958e-06
7.902271198512167416e-11,5.580147504806518555e-01,4.419740438461303711e-01,5.472911652759648860e-06,5.751720891566947103e-06
3.284081687149331685e-11,7.460858225822448730e-01,2.539111971855163574e-01,1.489364422013750300e-06,1.463809439883334562e-06
3.676657242546177429e-11,7.369881272315979004e-01,2.630043327808380127e-01,3.573825551939080469e-06,3.988845492131076753e-06
3.032676887393392917e-11,8.280503749847412109e-01,1.719368547201156616e-01,4.940842700307257473e-06,7.828400157450232655e-06
7.612785402066890583e-11,6.833283901214599609e-01,3.166536390781402588e-01,7.033250767563004047e-06,1.087577948055695742e-05
2.567436541145440287e-10,6.545205712318420410e-01,3.454315066337585449e-01,3.618308710429118946e-06,4.425499719218350947e-05
2.900250317683372714e-10,7.208041548728942871e-01,2.791535258293151855e-01,8.342034561792388558e-06,3.399269917281344533e-05
5.022263716014663260e-10,6.448140740394592285e-01,3.549871146678924561e-01,1.041727682604687288e-05,1.884003140730783343e-04
1.234966129359804654e-09,8.121778964996337891e-01,1.875340491533279419e-01,2.186289748351555318e-05,2.661716716829687357e-04
4.651175444791988411e-09,7.524656057357788086e-01,2.470740973949432373e-01,8.638832514407113194e-05,3.738656814675778151e-04
7.739538787632227468e-09,6.158230900764465332e-01,3.797006905078887939e-01,2.040659164777025580e-04,4.272083286195993423e-03
6.073848091148192907e-09,6.495779156684875488e-01,3.496660292148590088e-01,4.295862891012802720e-05,7.129909936338663101e-04
1.983042011488578282e-06,7.869057655334472656e-01,8.012630045413970947e-02,3.788673318922519684e-03,1.291772127151489258e-01
1.500734952974980274e-10,9.347121119499206543e-01,6.525199860334396362e-02,8.892151527106761932e-06,2.696372757782228291e-05
2.098698637098550535e-08,8.977971076965332031e-01,1.020501479506492615e-01,2.848211443051695824e-05,1.242460130015388131e-04
3.274323034929693677e-08,6.838524937629699707e-01,3.160761594772338867e-01,1.190975808640359901e-06,6.997261516517028213e-05
2.541192811733594681e-09,5.084081888198852539e-01,4.873050153255462646e-01,8.717322634765878320e-05,4.199644085019826889e-03
2.920124764216325275e-08,7.262886166572570801e-01,2.712977230548858643e-01,1.430587235518032685e-05,2.399343997240066528e-03
1.587120657120522083e-08,5.243915319442749023e-01,4.747901558876037598e-01,3.758945240406319499e-06,8.145249448716640472e-04
2.579947278036343050e-08,4.160171151161193848e-01,5.828225016593933105e-01,1.981230343517381698e-05,1.140445005148649216e-03
1.693082886049523950e-04,2.975161671638488770e-01,4.826832711696624756e-01,2.121057733893394470e-02,1.984206438064575195e-01
6.738282709584098029e-10,7.805818915367126465e-01,2.193843126296997070e-01,5.446129307529190555e-06,2.828627111739479005e-05
7.854505379434328916e-10,7.638537287712097168e-01,2.361349165439605713e-01,4.699219516623998061e-06,6.596437742700800300e-06
1.094935586642975522e-09,5.705226659774780273e-01,4.294284582138061523e-01,2.636567842273507267e-05,2.249889257655013353e-05
2.407408050686399292e-09,3.752595186233520508e-01,6.242043972015380859e-01,5.264982610242441297e-05,4.833684652112424374e-04
3.691200944899719616e-08,7.902383804321289062e-01,2.090686857700347900e-01,9.329698514193296432e-06,6.836095708422362804e-04
4.499786498968205706e-08,1.786863952875137329e-01,8.208379745483398438e-01,6.134124305390287191e-06,4.694259259849786758e-04
2.006223187578370926e-09,3.964716941118240356e-02,9.602530598640441895e-01,4.235135747876483947e-06,9.554886491969227791e-05
9.274567225325824893e-11,9.966099262237548828e-02,9.003234505653381348e-01,2.971203457491355948e-06,1.253849586646538228e-05
2.266406333439885401e-11,4.497285187244415283e-02,9.549947381019592285e-01,3.121782719972543418e-05,1.106019908547750674e-06
1.740082036794099452e-11,1.810483783483505249e-01,8.187960982322692871e-01,1.538291689939796925e-04,1.651692286941397469e-06
4.481439525028108051e-12,4.003743231296539307e-01,5.995163321495056152e-01,1.061310395016334951e-04,3.230508809792809188e-06
3.057162162312110354e-11,3.012066483497619629e-01,6.986443400382995605e-01,1.437852188246324658e-04,5.192160188016714528e-06
7.487740462386316409e-12,5.247452259063720703e-01,4.751613438129425049e-01,9.285489795729517937e-05,6.202937470334290992e-07
5.625306644108096776e-12,9.238029718399047852e-01,7.619484513998031616e-02,1.970272478502010927e-06,1.509162217416815110e-07
6.202927494564081101e-12,8.306517601013183594e-01,1.693476885557174683e-01,4.739173107282113051e-07,2.023517886584613734e-08
1.545569575100991244e-11,2.364366054534912109e-01,7.635478377342224121e-01,1.479036836826708168e-05,8.046503694458806422e-07
1.636606544730412338e-10,6.083046793937683105e-01,3.906861245632171631e-01,9.788455208763480186e-04,3.033805478480644524e-05
1.606201144310759332e-10,3.466950356960296631e-01,6.531696319580078125e-01,3.135328370262868702e-05,1.039336566464044154e-04
4.742396253476499624e-09,2.096463739871978760e-01,7.895720005035400391e-01,1.356610300717875361e-05,7.680309936404228210e-04
1.721244771033525467e-04,2.570113539695739746e-01,5.115240812301635742e-01,1.982858963310718536e-02,2.114638239145278931e-01
1.503058899565701267e-09,1.152589991688728333e-01,8.846343159675598145e-01,9.102853800868615508e-05,1.565674756420776248e-05
1.426536044846216100e-08,1.741763651371002197e-01,8.255357742309570312e-01,2.468917809892445803e-04,4.090900256414897740e-05
2.104654228674007754e-09,4.843236505985260010e-02,9.509582519531250000e-01,1.923708332469686866e-04,4.170403117313981056e-04
1.940030580627194468e-09,8.620648831129074097e-02,9.053505063056945801e-01,3.573480062186717987e-03,4.869496449828147888e-03
1.052792519828926743e-09,1.418423503637313843e-01,8.499862551689147949e-01,2.325952053070068359e-03,5.845385603606700897e-03
9.754606900003182091e-09,1.956258714199066162e-01,7.969568967819213867e-01,3.532014379743486643e-04,7.064083125442266464e-03
7.768644394445800572e-09,2.483714818954467773e-01,7.463641166687011719e-01,6.354776560328900814e-04,4.628801252692937851e-03
1.729100767988711596e-04,2.641910612583160400e-01,5.022819638252258301e-01,2.030154503881931305e-02,2.130524516105651855e-01
5.335669128747611012e-10,2.376811765134334564e-02,9.754838347434997559e-01,3.098323359154164791e-04,4.381946928333491087e-04
1.738159949304929341e-09,3.085037134587764740e-02,9.677194952964782715e-01,4.215815861243754625e-04,1.008506398648023605e-03
6.013308073704592971e-09,2.971640415489673615e-02,9.661152958869934082e-01,3.327422076836228371e-03,8.408108260482549667e-04
2.418292233130614477e-09,3.622995689511299133e-02,9.624075293540954590e-01,1.196942408569157124e-03,1.655502273933961987e-04
1.728029310470446944e-04,2.516137957572937012e-01,5.160199999809265137e-01,1.938312128186225891e-02,2.128102481365203857e-01
1.489285604561185750e-11,1.495579630136489868e-01,8.498291969299316406e-01,3.328537786728702486e-05,5.795727483928203583e-04
1.358272262025339572e-11,1.243344857357442379e-03,9.987246394157409668e-01,1.325908760918537155e-05,1.866383900051005185e-05
2.356213314735899900e-11,2.141603967174887657e-03,9.978176355361938477e-01,1.413772565683757421e-06,3.936330904252827168e-05
1.274459870970190423e-09,3.001178847625851631e-03,9.967998862266540527e-01,3.039197690668515861e-05,1.686440373305231333e-04
5.484429799196277600e-09,1.421567704528570175e-02,9.852650761604309082e-01,2.192414540331810713e-04,2.999677672050893307e-04
9.265169964578490180e-09,6.880103051662445068e-02,9.308061599731445312e-01,2.851403551176190376e-04,1.075761101674288511e-04
2.338285343128632121e-09,1.171195954084396362e-01,8.825100660324096680e-01,2.385039842920377851e-04,1.318311551585793495e-04
8.201032630772431276e-10,2.966852784156799316e-01,7.030793428421020508e-01,1.631164050195366144e-04,7.237107638502493501e-05
1.902847046597599956e-10,3.206419944763183594e-02,9.676412940025329590e-01,2.735022280830889940e-04,2.101153222611173987e-05
1.070584766671434096e-11,1.668443717062473297e-02,9.832134842872619629e-01,8.017259096959605813e-05,2.185710218327585608e-05
2.174275169630757176e-11,5.121523886919021606e-02,9.457035064697265625e-01,2.609823830425739288e-03,4.713699454441666603e-04
2.489626838020342348e-10,6.929094344377517700e-02,9.302958846092224121e-01,1.682458096183836460e-04,2.449872554279863834e-04
4.353523444522444663e-11,1.278231013566255569e-02,9.857360124588012695e-01,6.127351662144064903e-04,8.688273956067860126e-04
5.078354958776287731e-10,9.303040802478790283e-03,9.677820205688476562e-01,2.471531508490443230e-03,2.044337429106235504e-02
7.822171355087448319e-09,1.243780851364135742e-01,8.581591844558715820e-01,4.652940202504396439e-03,1.280973106622695923e-02
1.051806974849966991e-09,2.844945155084133148e-02,9.666393995285034180e-01,1.435174723155796528e-03,3.476000856608152390e-03
1.846464647847767537e-09,4.801831394433975220e-02,9.417159557342529297e-01,6.814250955358147621e-04,9.584278799593448639e-03
3.032668116631498378e-09,8.221983909606933594e-02,9.097437858581542969e-01,2.952703274786472321e-03,5.083637312054634094e-03
3.251179236940515693e-08,4.474270045757293701e-01,4.993783831596374512e-01,6.281726993620395660e-03,4.691285640001296997e-02
4.490164684511910309e-09,5.198051333427429199e-01,4.745433926582336426e-01,2.297610044479370117e-03,3.353794571012258530e-03
4.918846219226225003e-09,2.184885144233703613e-01,7.751464843750000000e-01,1.825579674914479256e-03,4.539508372545242310e-03
1.466061405608343193e-08,4.137232899665832520e-03,9.773485660552978516e-01,1.775847561657428741e-02,7.558339275419712067e-04
1.228958357302190052e-08,2.487800084054470062e-03,9.483447670936584473e-01,4.410203173756599426e-02,5.065344274044036865e-03
2.003429955266256002e-07,2.382524497807025909e-02,8.026680350303649902e-01,1.727837622165679932e-01,7.227675523608922958e-04
6.450743827990379486e-10,8.398954570293426514e-02,8.447004556655883789e-01,7.094245404005050659e-02,3.675383632071316242e-04
1.148007452989041610e-10,1.691255485638976097e-03,9.969770908355712891e-01,1.310584018938243389e-03,2.107842556142713875e-05
5.613141895732809417e-12,2.447108039632439613e-03,9.975308179855346680e-01,1.326875189988641068e-05,8.840133887133561075e-06
2.206339416721547764e-10,9.358237497508525848e-03,9.903684854507446289e-01,2.557435072958469391e-04,1.760340455803088844e-05
2.613640415205509271e-09,6.229774653911590576e-02,9.363920092582702637e-01,1.294467481784522533e-03,1.577251896378584206e-05
1.835047114262522427e-09,3.905051574110984802e-02,9.594033360481262207e-01,1.519477926194667816e-03,2.677617703739088029e-05
3.589633312817142041e-10,1.499121785163879395e-01,8.485058546066284180e-01,1.559833297505974770e-03,2.213996231148485094e-05
3.588810151833321527e-11,2.989893965423107147e-02,9.658815860748291016e-01,4.173611756414175034e-03,4.595511200022883713e-05
1.756119555329505033e-11,5.499284248799085617e-03,9.914243221282958984e-01,3.060768591240048409e-03,1.557494397275149822e-05
9.560175567857598367e-12,2.169512910768389702e-03,9.927306175231933594e-01,5.034711677581071854e-03,6.514040433103218675e-05
1.098810153976614856e-09,1.350956154055893421e-03,9.947872757911682129e-01,3.737851278856396675e-03,1.239201083080843091e-04
1.036697325207391884e-10,4.145115235587581992e-05,9.993795156478881836e-01,5.106613389216363430e-04,6.841006688773632050e-05
1.510173236463074886e-10,3.524766361806541681e-04,9.935200214385986328e-01,6.116498261690139771e-03,1.084081031876849011e-05
2.468468762728548427e-09,4.152951389551162720e-02,7.316457033157348633e-01,2.254385650157928467e-01,1.386251416988670826e-03
3.422059025037782476e-10,4.524018988013267517e-02,6.787298321723937988e-01,2.743537127971649170e-01,1.676267362199723721e-03
3.668050585492466098e-10,1.096245795488357544e-01,4.586687386035919189e-01,4.306327998638153076e-01,1.073869992978870869e-03
1.723401364870369434e-04,2.493171393871307373e-01,5.181298851966857910e-01,1.921482570469379425e-02,2.131658345460891724e-01
2.761000872375518611e-10,8.453066647052764893e-02,1.859833896160125732e-01,7.292277216911315918e-01,2.582473098300397396e-04
8.434967724291198010e-10,1.026611551642417908e-01,2.151204943656921387e-01,6.815516352653503418e-01,6.666916888207197189e-04
4.458205360435840703e-09,3.366138339042663574e-01,1.036070957779884338e-01,5.594670176506042480e-01,3.119861648883670568e-04
6.126707585707436010e-09,8.296590298414230347e-02,2.484498359262943268e-02,8.921208977699279785e-01,6.825399032095447183e-05
7.602229956660266907e-09,1.419347524642944336e-02,3.534474223852157593e-02,9.503803849220275879e-01,8.136014366755262017e-05
1.684412498370591038e-09,2.627521520480513573e-03,1.184111181646585464e-02,9.855106472969055176e-01,2.070231494144536555e-05
1.115858516698153835e-09,2.519587054848670959e-03,2.380259102210402489e-03,9.950743317604064941e-01,2.586067603260744363e-05
3.669945840556465555e-07,6.120546534657478333e-02,2.661520987749099731e-02,9.109884500503540039e-01,1.190437120385468006e-03
1.557988866807136219e-07,2.592734992504119873e-01,4.602765738964080811e-01,2.798295021057128906e-01,6.202677614055573940e-04
3.129098402609997720e-08,2.745418809354305267e-02,5.259566903114318848e-01,4.465397000312805176e-01,4.937279663863591850e-05
3.407076576422696235e-08,2.213125117123126984e-02,6.092313528060913086e-01,3.685901165008544922e-01,4.718167474493384361e-05
2.767013462801060086e-08,1.568407565355300903e-02,5.182892680168151855e-01,4.659785628318786621e-01,4.803339834325015545e-05
3.270621817819119315e-08,1.764558628201484680e-02,6.495040059089660645e-01,3.328071236610412598e-01,4.327000351622700691e-05
3.500248624277446652e-08,1.588390581309795380e-02,6.579070091247558594e-01,3.261622190475463867e-01,4.678812547354027629e-05
2.133106846713417326e-08,1.843153126537799835e-02,7.114740610122680664e-01,2.700666487216949463e-01,2.774413587758317590e-05
3.230218936778328498e-08,2.599790506064891815e-02,7.364114522933959961e-01,2.375619262456893921e-01,2.874681558751035482e-05
3.547762261746356671e-08,4.118577018380165100e-02,7.977504134178161621e-01,1.610210984945297241e-01,4.267638360033743083e-05
1.148163661923717882e-07,6.433426588773727417e-02,5.549591779708862305e-01,3.805781900882720947e-01,1.281627337448298931e-04
1.557822599806968356e-07,5.103141069412231445e-02,1.386125087738037109e-01,8.099519610404968262e-01,4.039594496134668589e-04
1.312508857154170983e-07,1.150010898709297180e-02,4.870580136775970459e-02,9.395889639854431152e-01,2.050870680250227451e-04
5.126537527821994900e-10,1.117591964430175722e-04,4.357318975962698460e-04,9.993934035301208496e-01,5.920894182054325938e-05
4.773302864080619656e-10,2.403954567853361368e-04,1.948934805113822222e-04,9.990189075469970703e-01,5.457000224851071835e-04
5.344510389804213446e-10,1.367155782645568252e-04,4.566197749227285385e-04,9.978755712509155273e-01,1.531141926534473896e-03
2.117865605111290961e-10,4.427504609338939190e-05,1.816348813008517027e-04,9.997237324714660645e-01,5.024614438298158348e-05
2.848008773259635973e-10,2.682293707039207220e-04,9.517599391983821988e-05,9.995448589324951172e-01,9.182633948512375355e-05
1.043627198549224033e-10,2.160129515687003732e-04,1.580536772962659597e-04,9.988580942153930664e-01,7.678010733798146248e-04
1.913822211818683172e-09,2.353729723836295307e-05,2.233041683211922646e-03,9.866531491279602051e-01,1.109025534242391586e-02
1.371365101476840209e-07,9.224430687027052045e-05,9.367089951410889626e-04,9.853066802024841309e-01,1.366416178643703461e-02
8.440834875500513590e-08,9.529196540825068951e-05,3.350038314238190651e-04,9.986973404884338379e-01,8.723335340619087219e-04
5.666875679821714584e-08,3.594136796891689301e-05,1.823552534915506840e-03,9.976463913917541504e-01,4.940296057611703873e-04
9.391695954263923340e-08,3.718786174431443214e-04,3.415677323937416077e-02,9.650025367736816406e-01,4.686268221121281385e-04
2.976594970505175297e-08,3.222834493499249220e-04,1.199839636683464050e-03,9.983897209167480469e-01,8.808462007436901331e-05
7.487913222803399549e-08,2.659045276232063770e-04,4.886509268544614315e-04,9.987167716026306152e-01,5.285881343297660351e-04
1.596094307387829758e-06,2.464379556477069855e-02,3.816939294338226318e-01,4.824275076389312744e-01,1.112331673502922058e-01
1.717298125925026397e-08,1.664407923817634583e-02,1.119744963943958282e-02,1.631419360637664795e-01,8.090164661407470703e-01
3.331865672251410615e-09,3.970215097069740295e-03,3.654977772384881973e-03,1.843702234327793121e-02,9.739377498626708984e-01
1.397405569036891393e-08,9.831518866121768951e-03,6.785375624895095825e-02,8.493522554636001587e-02,8.373794555664062500e-01
5.118326384945248719e-08,2.691037654876708984e-01,3.259758055210113525e-01,2.749414369463920593e-02,3.774262070655822754e-01
2.938103271787895210e-08,8.693972229957580566e-02,1.135661825537681580e-01,9.848836809396743774e-03,7.896453142166137695e-01
2.906199059182767996e-09,4.430172266438603401e-04,3.172796685248613358e-03,2.615830162540078163e-03,9.937683939933776855e-01
5.651060064337798394e-09,8.197671850211918354e-04,3.249821951612830162e-03,4.130105488002300262e-03,9.918002486228942871e-01
6.433864108146281069e-09,4.077599383890628815e-03,6.023652385920286179e-03,9.457796113565564156e-04,9.889529943466186523e-01
4.223835503580630757e-09,1.348545192740857601e-03,3.479972714558243752e-03,3.023139666765928268e-03,9.921482801437377930e-01
8.551787722410608694e-09,1.991842407733201981e-03,6.417331751435995102e-03,2.728710509836673737e-02,9.643037915229797363e-01
6.550872910793259507e-08,2.536195097491145134e-04,7.608054671436548233e-03,2.083059102296829224e-01,7.838322520256042480e-01
7.686452931920939591e-07,5.993939703330397606e-04,1.671457663178443909e-02,5.683794617652893066e-01,4.143057763576507568e-01
1.741615619721414987e-06,1.056536784744821489e-04,3.847438842058181763e-03,4.847267270088195801e-01,5.113183856010437012e-01
8.319526386912912130e-06,5.607627332210540771e-03,8.181745558977127075e-02,1.831377446651458740e-01,7.294287681579589844e-01
1.121471768783521838e-06,2.011557482182979584e-02,6.387409567832946777e-02,1.079860422760248184e-02,9.052106142044067383e-01
3.886810588937805733e-07,1.952483952045440674e-01,1.569584459066390991e-01,1.266711112111806870e-02,6.351256966590881348e-01
1.592641297065711115e-06,1.187691837549209595e-01,4.554967209696769714e-02,3.675409406423568726e-02,7.989254593849182129e-01
3.174079310497290862e-08,9.797805547714233398e-01,1.089454442262649536e-02,3.863460733555257320e-04,8.938477374613285065e-03
3.087921740529964154e-08,9.113195538520812988e-01,2.236709930002689362e-02,3.709433076437562704e-04,6.594243645668029785e-02
2.098622609025824204e-08,9.111847877502441406e-01,2.024802565574645996e-02,5.827543209306895733e-04,6.798443198204040527e-02
1.534796645330516185e-08,8.461293578147888184e-01,9.770347923040390015e-02,2.791231730952858925e-03,5.337585136294364929e-02
3.157288972488458967e-07,6.869869232177734375e-01,4.170160740613937378e-02,5.423128232359886169e-02,2.170798480510711670e-01
1.814241727515764069e-06,6.578693632036447525e-03,1.053857500664889812e-03,1.627694931812584400e-03,9.907379150390625000e-01
