2.105980537528417962e-12,9.998306632041931152e-01,1.692107907729223371e-04,1.286869775185550679e-07,9.754578395027024840e-11
1.261226817428351410e-10,9.987528920173645020e-01,1.247202744707465172e-03,5.453951246181532042e-08,1.817401806304685952e-12
1.639111901763357082e-10,9.989745616912841797e-01,1.025249599479138851e-03,2.894772421768720960e-07,7.619256245892935819e-13
1.347463668421866601e-10,9.994538426399230957e-01,5.458405357785522938e-04,3.863926281155727338e-07,9.328722690160606845e-13
5.979915868037366522e-11,9.999630451202392578e-01,3.692403333843685687e-05,5.907540412408707198e-08,4.076668744332906380e-13
6.495496501779385312e-11,9.999691247940063477e-01,3.084315540036186576e-05,9.970496428479691531e-09,2.086202521497937390e-12
4.574364845244538458e-11,9.999853968620300293e-01,1.455263827665476128e-05,2.832311274403309653e-09,1.162094834424032275e-12
1.209472383356668956e-10,9.999847412109375000e-01,1.528106986370403320e-05,3.474856402618797802e-09,2.477001459846861486e-12
1.770018853708421602e-10,9.999699592590332031e-01,3.007269515364896506e-05,4.003702702704003968e-09,6.954187659752308903e-12
1.061399301782728344e-10,9.999924898147583008e-01,7.478172392438864335e-06,1.082637535176900201e-09,3.414427161146926792e-12
4.986001195250722162e-11,9.999960660934448242e-01,3.967742941313190386e-06,4.147979737467721861e-10,1.990148280547887616e-12
1.557076689806535796e-11,9.999979734420776367e-01,1.987646783163654618e-06,1.271281135917234906e-10,3.336730306120749834e-13
4.765613251245248705e-11,9.999958872795104980e-01,4.009795702586416155e-06,2.736422755056366896e-10,1.723443761834919652e-12
2.107091445768816129e-10,9.999974966049194336e-01,2.501796643628040329e-06,1.625234502533601244e-09,8.148848349570636529e-13
9.820697206841533244e-12,9.999989271163940430e-01,1.119567514251684770e-06,1.031472546264566859e-10,1.637022359031806151e-13
1.770872337658602191e-11,9.999988079071044922e-01,1.165482444775989279e-06,9.259683991791334279e-11,1.816527614093010889e-13
5.543423359233301539e-11,9.999979734420776367e-01,2.049963313766056672e-06,2.094345946668241254e-10,1.897140078496381554e-13
3.656153504949521960e-11,9.999995231628417969e-01,4.842138991989486385e-07,1.341800975884765990e-10,5.761307772002288718e-13
1.665311638587851917e-10,9.999965429306030273e-01,3.484375838525011204e-06,7.408549329568359099e-10,1.578230276501335627e-12
7.457888195894213368e-10,9.999923706054687500e-01,7.625302714586723596e-06,1.514481517972399160e-08,5.562729530478316420e-12
2.713011815203003607e-09,9.998959302902221680e-01,1.039758935803547502e-04,8.480370894403677084e-08,1.372266363042218273e-11
5.682117276695208830e-11,9.999753236770629883e-01,2.470930303388740867e-05,1.230914259409132683e-09,2.667310274560852346e-13
9.096186998069910601e-11,9.999872446060180664e-01,1.270874690817436203e-05,1.246878489347125196e-09,2.674381170079259684e-13
1.971170726644544402e-10,9.997962713241577148e-01,2.037017256952822208e-04,8.857326427857969975e-09,2.367668344369078248e-12
1.448311193197326929e-10,9.992271661758422852e-01,7.728373166173696518e-04,2.374393304194200027e-08,2.585981992778152438e-12
1.501458679609157798e-11,9.989256262779235840e-01,1.074311439879238605e-03,8.129180883997833007e-09,1.295762867663252660e-12
7.788814732068161106e-11,9.993565082550048828e-01,6.436040857806801796e-04,2.439365820450234423e-09,1.468056362238789880e-12
1.867006375888546899e-11,9.995419383049011230e-01,4.580658569466322660e-04,1.441950225888888326e-09,6.420280431428115886e-13
2.607790719477698360e-12,9.998795390129089355e-01,1.203855790663510561e-04,1.794268067456528115e-10,3.872314253104691684e-13
5.286015765729179527e-13,9.999244213104248047e-01,7.560981612186878920e-05,5.882076770102884211e-11,5.460130503114057898e-13
2.193146055387562576e-12,9.995729327201843262e-01,4.270376812200993299e-04,2.788584918533842938e-10,2.477148043980581527e-12
6.006787515305811453e-12,9.994934797286987305e-01,5.064928554929792881e-04,2.582289049257724400e-09,6.125988605276688759e-11
4.053619419297493920e-12,9.992877840995788574e-01,7.122709066607058048e-04,5.643272515953867696e-09,4.619202242928110991e-11
9.981917202528389765e-12,9.991105198860168457e-01,8.894883212633430958e-04,7.920779587777815323e-09,1.625911905112076283e-11
1.088041007117623860e-12,9.998244643211364746e-01,1.755727425916120410e-04,1.341208033522889309e-09,4.868585135736624991e-12
4.233655440111228074e-11,9.982249140739440918e-01,1.775067765265703201e-03,2.480519434300276771e-08,1.778189921697315157e-11
1.097966335905642410e-12,9.996060729026794434e-01,3.939810849260538816e-04,4.412967213873741912e-10,8.225254245070034997e-13
3.426984987019848772e-13,9.995411038398742676e-01,4.588587908074259758e-04,1.395497828404757001e-09,5.869865140825658578e-13
2.682926103503291415e-11,9.901362657546997070e-01,9.863603860139846802e-03,7.400041823757419479e-08,1.787317377432984244e-10
7.489698097828956236e-12,9.979093670845031738e-01,2.090460155159235001e-03,6.066638746915486990e-08,3.893330657867011269e-10
4.421179047864320921e-11,9.920879602432250977e-01,7.911397144198417664e-03,6.034599095983139705e-07,1.156297169124798074e-09
1.113321726475824391e-10,9.936656355857849121e-01,6.333407945930957794e-03,9.804092542253783904e-07,2.171061552758146718e-09
9.409186763065235937e-10,9.645571708679199219e-01,3.544156253337860107e-02,1.296301888942252845e-06,1.308693597934507125e-08
1.066462917975741220e-09,9.665694236755371094e-01,3.342839702963829041e-02,2.069320544251240790e-06,3.004166160280874465e-08
1.057822024419508011e-10,9.768752455711364746e-01,2.312388271093368530e-02,7.767526426505355630e-07,1.559747553336876535e-09
2.908874703611008528e-11,9.954214692115783691e-01,4.578433930873870850e-03,1.021134536927092995e-07,1.258818743687939445e-10
4.879585277506315322e-11,9.974345564842224121e-01,2.565417904406785965e-03,5.408907455262124131e-08,2.047876979105467399e-09
1.708670704925197015e-10,9.996302723884582520e-01,3.697419597301632166e-04,1.221503520554279021e-08,1.832682450242373307e-09
9.139499823618280061e-09,9.998133182525634766e-01,1.865212252596393228e-04,1.324082887776967254e-07,1.631040857930088350e-10
4.005661774497681904e-11,9.998721480369567871e-01,1.278563286177814007e-04,8.901818837614428048e-09,9.472349293826454186e-11
3.658853081622837067e-11,9.999848604202270508e-01,1.519369106972590089e-05,3.952351335101411678e-09,3.981727794699629897e-11
1.925506865063653095e-08,9.998738765716552734e-01,1.243859005626291037e-04,1.698100504654576071e-06,3.307212637082557194e-08
9.683903456902953621e-09,9.997027516365051270e-01,2.967590116895735264e-04,4.374925310912658460e-07,6.813503095060013948e-09
2.753685057754751142e-10,9.999682903289794922e-01,3.173711957060731947e-05,5.904957411928535294e-09,1.204834669532584002e-11
1.181785336257235031e-08,9.998781085014343262e-01,1.216764721903018653e-04,2.388694042565475684e-07,7.939148644053872772e-11
1.127274416035106697e-07,9.995883703231811523e-01,3.809353220276534557e-04,3.051974636036902666e-05,2.989583247625660078e-09
9.275413503928575665e-08,9.996567368507385254e-01,3.344416909385472536e-04,8.643920409667771310e-06,2.590606396069006223e-09
1.122900439298746278e-08,9.996669292449951172e-01,3.326048608869314194e-04,4.861424258706392720e-07,6.215407299947628417e-09
8.583522337346494169e-09,9.996861219406127930e-01,3.137139137834310532e-04,1.042067410139679851e-07,6.490273318782158185e-10
4.201347891807927226e-08,9.994934201240539551e-01,5.063354619778692722e-04,1.981931347927456954e-07,2.782634400677608255e-10
3.997564022029109765e-07,9.988818764686584473e-01,1.117379404604434967e-03,3.537361976668762509e-07,7.910433974522845801e-10
6.477267788795870729e-07,9.998022317886352539e-01,1.964269031304866076e-04,5.933368925070681144e-07,2.860995440556735048e-09
5.024010096832398631e-09,9.998909831047058105e-01,1.090443911380134523e-04,5.251419921137312485e-08,2.203206506123933650e-10
5.931676927417584011e-09,9.989249706268310547e-01,1.074590254575014114e-03,4.173150216502108378e-07,8.220844005535354881e-10
3.396318959403288318e-08,9.944522380828857422e-01,5.537723191082477570e-03,9.977035915653686970e-06,2.576111768348710029e-08
6.804103946933537372e-08,9.915205836296081543e-01,8.416002616286277771e-03,6.315147766144946218e-05,1.507799822775268694e-07
2.994669401346072846e-08,9.970619678497314453e-01,2.931281924247741699e-03,6.537866738653974608e-06,6.203354274703087867e-08
9.050392435483445297e-08,9.937879443168640137e-01,6.204352248460054398e-03,7.504599125240929425e-06,1.257338908544625156e-07
3.697345007935837202e-08,9.896766543388366699e-01,1.032030675560235977e-02,2.979997816510149278e-06,4.571938205799597199e-08
6.809231933857518015e-08,9.861672520637512207e-01,1.383202243596315384e-02,5.363256718737829942e-07,5.843115857828706794e-08
3.690421726787462831e-05,8.137170672416687012e-01,1.047810539603233337e-01,6.630017608404159546e-02,1.516486331820487976e-02
2.513101282630714195e-09,9.299263358116149902e-01,7.007068395614624023e-02,3.031241931239492260e-06,1.233182622684125818e-08
1.334657273588391035e-09,8.818476200103759766e-01,1.181516498327255249e-01,7.155787216106546111e-07,9.964165492704069038e-09
1.484983247479476631e-10,9.822617173194885254e-01,1.773825660347938538e-02,3.003541948487509217e-08,2.993769954162672775e-10
4.027167488374061577e-10,7.468409538269042969e-01,2.531577050685882568e-01,1.320033788942964748e-06,8.624384761901637830e-09
4.494337346727661497e-09,8.149282336235046387e-01,1.839267313480377197e-01,1.144225825555622578e-03,7.409451541207090486e-07
1.646657532550221958e-10,9.719430208206176758e-01,2.805568277835845947e-02,1.285553139496187214e-06,8.265370055049459097e-10
1.298775975655530601e-09,8.075802922248840332e-01,1.924195438623428345e-01,2.042200009100270108e-07,1.258176007823408327e-09
4.706538492271761243e-10,9.543581604957580566e-01,4.564154148101806641e-02,2.128874712070683017e-07,6.989530287881962067e-09
9.904430747775805344e-11,9.594372510910034180e-01,4.056217893958091736e-02,5.982494712952757254e-07,2.558765199722756734e-09
9.253858096469613770e-11,9.594240188598632812e-01,4.057459905743598938e-02,1.425165351065516006e-06,2.019638856154415407e-08
6.499710492047228172e-11,9.943301677703857422e-01,5.669225472956895828e-03,5.918274723626382183e-07,1.510094271850448422e-08
1.288004841670797873e-10,9.958907365798950195e-01,4.108124878257513046e-03,1.048493572852748912e-06,1.808642657863401837e-08
8.697706443960839806e-11,9.919610023498535156e-01,8.037121966481208801e-03,1.716849510557949543e-06,1.698988150167224376e-08
2.733021864376183885e-10,9.836776852607727051e-01,1.631775684654712677e-02,4.445814738573972136e-06,1.545825512039300520e-08
4.621839855278864206e-10,9.822062253952026367e-01,1.778887584805488586e-02,4.889440788247156888e-06,1.042283415131350921e-08
5.008877687617818708e-11,9.817323088645935059e-01,1.826460100710391998e-02,3.013098648807499558e-06,3.535392201214904162e-09
1.654083259250427318e-10,9.950171113014221191e-01,4.982813261449337006e-03,7.171053084675804712e-08,2.395014631062508670e-09
1.019073048169616413e-09,9.638428092002868652e-01,3.615701571106910706e-02,2.755833179435285274e-07,7.556143266640447109e-09
3.923529834359840152e-10,9.895678758621215820e-01,1.042156014591455460e-02,1.041760424413951114e-05,1.210893714187477599e-07
3.251150337746366858e-05,8.184810280799865723e-01,1.032551527023315430e-01,6.336842477321624756e-02,1.486286427825689316e-02
5.920548773463707448e-11,9.855492711067199707e-01,1.444873679429292679e-02,2.012386858041281812e-06,8.082265412490130529e-11
3.359494075994007289e-05,8.183815479278564453e-01,1.033281683921813965e-01,6.373602896928787231e-02,1.452065724879503250e-02
8.393245209958877240e-09,9.788727164268493652e-01,2.112319134175777435e-02,4.044082743348553777e-06,5.058186855477764254e-11
7.763149234563115897e-09,9.946848154067993164e-01,5.311111453920602798e-03,4.072594947501784191e-06,6.056905671458778784e-11
1.202778654452174578e-09,9.990258812904357910e-01,9.710618178360164165e-04,3.013386049133259803e-06,4.555601035294287726e-11
1.016546491428016452e-07,9.979063868522644043e-01,2.077247481793165207e-03,1.614113352843560278e-05,2.244527896877457351e-10
4.025773847615710110e-08,9.965136051177978516e-01,3.456381848081946373e-03,2.989611857628915459e-05,1.830184892526176554e-09
1.789987003064652527e-08,9.847072958946228027e-01,1.522856578230857849e-02,6.401891005225479603e-05,2.573631618929539400e-08
4.755638993714228491e-09,9.954886436462402344e-01,4.509618971496820450e-03,1.689096166046510916e-06,9.560518599016631924e-09
2.537710042105345565e-09,9.975835084915161133e-01,2.416138304397463799e-03,3.086819617692526663e-07,6.988264189544679539e-09
1.312357333915770141e-09,9.992055296897888184e-01,7.943331147544085979e-04,6.260611229436108260e-08,1.644288705193730493e-09
4.057475466723303725e-10,9.996977448463439941e-01,3.022267774213105440e-04,1.946811067909948179e-08,6.323441770206272849e-10
2.687702504999833764e-09,9.997050166130065918e-01,2.949825429823249578e-04,5.493079413554369239e-08,8.330323653105153880e-10
1.961678819384360395e-09,9.998482465744018555e-01,1.517093769507482648e-04,2.310436286734329769e-08,3.237567991476453244e-10
5.281861614747640488e-10,9.999896287918090820e-01,1.033456192089943215e-05,5.067858133145364263e-09,1.861993198515321524e-10
1.280758943345006173e-09,9.999871253967285156e-01,1.287223403778625652e-05,1.513589076296284475e-08,2.003923693649767301e-10
3.502008127931333092e-10,9.999892711639404297e-01,1.075597447197651491e-05,5.442735151461874921e-09,6.574708832918219059e-11
1.665607096690280287e-10,9.997810721397399902e-01,2.189384977100417018e-04,2.916167396449509397e-08,3.974059137323848745e-10
2.856172416632052347e-11,9.991484284400939941e-01,8.515366353094577789e-04,7.975875604415705311e-08,6.398893220849188879e-11
3.501510496481397006e-12,9.999622106552124023e-01,3.773774733417667449e-05,4.195846514676304650e-08,9.914254313347914405e-12
9.311452997540214938e-11,9.996067881584167480e-01,3.927189682144671679e-04,4.505508570673555369e-07,5.552217019477723170e-11
5.136753522538839434e-11,9.992652535438537598e-01,7.343175821006298065e-04,4.959638317814096808e-07,1.288786161124377827e-10
4.636954015202476853e-11,9.949685931205749512e-01,5.027869250625371933e-03,3.514035597618203610e-06,2.246679065009971055e-09
1.920893860640759954e-10,9.950361251831054688e-01,4.870274104177951813e-03,9.359718387713655829e-05,4.460427760477614356e-08
5.470643729688084989e-11,9.967022538185119629e-01,3.245501080527901649e-03,5.227712972555309534e-05,6.707280508777557770e-09
3.815422200403872921e-09,9.792677760124206543e-01,2.072052471339702606e-02,1.166350284620421007e-05,1.190635701142639391e-09
1.519967485208439939e-09,9.791873693466186523e-01,2.081200480461120605e-02,5.566739673668053001e-07,8.544168705881816095e-10
1.379983020216579703e-11,9.990797042846679688e-01,9.199744090437889099e-04,3.458049775417748606e-07,1.758386353190033446e-10
1.829920329848855332e-12,9.995716214179992676e-01,4.280867869965732098e-04,2.284040618860672112e-07,3.525054415032258248e-10
3.037567159608345335e-12,9.999440908432006836e-01,5.566193067352287471e-05,2.628438267038291087e-07,4.062826741701996980e-10
1.542745098337405807e-11,9.997121691703796387e-01,2.874655474442988634e-04,3.340147145536320750e-07,1.786329861808155783e-09
4.508858564289397464e-12,9.991277456283569336e-01,8.712996495887637138e-04,9.822248330237925984e-07,5.527884261447013614e-10
7.234080088430738797e-12,9.976537227630615234e-01,2.345403423532843590e-03,8.000463935786683578e-07,2.521295672242018782e-10
4.542898002224404763e-11,9.974642992019653320e-01,2.534909639507532120e-03,8.334818062394333538e-07,2.960771350313251560e-10
2.128612563989662476e-11,9.929171800613403320e-01,7.076459005475044250e-03,6.442340691137360409e-06,1.667076365841069219e-09
1.968108870320506298e-10,9.749724268913269043e-01,2.502537332475185394e-02,2.243776862087543122e-06,1.224998680271482954e-08
6.250615303127204925e-11,9.844927787780761719e-01,1.548300776630640030e-02,2.421525823592673987e-05,5.013760073779849336e-08
3.627196929301135242e-05,8.144870996475219727e-01,1.044504195451736450e-01,6.587135791778564453e-02,1.515485811978578568e-02
5.941545172527540331e-11,9.921491146087646484e-01,7.850619964301586151e-03,1.915363299076489056e-07,2.914996855007956356e-10
1.738106047977083790e-10,9.121643900871276855e-01,8.783429861068725586e-02,1.331403495896665845e-06,8.037089327395108285e-10
2.587362324391051516e-09,9.731729626655578613e-01,2.680645696818828583e-02,2.056224002444650978e-05,5.878378339652101658e-10
1.703518037743378954e-08,9.837711453437805176e-01,1.618560589849948883e-02,4.318627179600298405e-05,2.399856147139445284e-10
1.233335478190156209e-08,9.848883152008056641e-01,1.502606365829706192e-02,8.559563866583630443e-05,3.657745772933651551e-10
3.518938385127512447e-08,9.969129562377929688e-01,2.965871710330247879e-03,1.211192502523772418e-04,1.785729480952014114e-10
8.693668007708765799e-09,9.900038242340087891e-01,9.925268590450286865e-03,7.097224442986771464e-05,1.524717796463903596e-09
1.929723936200389289e-08,9.900254011154174805e-01,9.944706223905086517e-03,2.984643833769951016e-05,4.671357523022834357e-09
1.393840487473596568e-09,9.929643273353576660e-01,7.033560425043106079e-03,2.003833969865809195e-06,8.278406404826910148e-09
4.957129706717466888e-10,9.952639341354370117e-01,4.734841175377368927e-03,1.171789335785433650e-06,3.275633320143356286e-09
1.078298908496755359e-10,9.969941377639770508e-01,3.005718579515814781e-03,1.375315150653477758e-07,1.627309731411230587e-09
1.551004047417592346e-10,9.969767928123474121e-01,3.023004392161965370e-03,1.055993195109294902e-07,6.248710993084216625e-10
3.416522065258220664e-10,9.975710511207580566e-01,2.428671112284064293e-03,1.932505853119437234e-07,6.987607159558706371e-10
1.945588801177677851e-09,9.976722598075866699e-01,2.327258931472897530e-03,5.252023242974246386e-07,1.410520811262472307e-09
8.973087273211888260e-10,9.995226263999938965e-01,4.771587846335023642e-04,1.090100241185609775e-07,8.393833961228835960e-10
2.998192805137023242e-10,9.999274611473083496e-01,7.245084270834922791e-05,2.300954626832663052e-08,1.878792260656680924e-10
1.605962918205250389e-09,9.999635219573974609e-01,3.652679515653289855e-05,4.598735259264685737e-08,1.837522495273802292e-10
9.152033297876727147e-11,9.999955892562866211e-01,4.469591658562421799e-06,5.718632678508583922e-09,3.681218524453910845e-11
2.602573104942829119e-12,9.999941587448120117e-01,5.863748810952529311e-06,3.441481544186331121e-09,8.858737354788814855e-11
3.252320071242542632e-12,9.999123811721801758e-01,8.766786777414381504e-05,5.563695637533783156e-08,1.099992319453235723e-10
2.735423432903560936e-12,9.999459385871887207e-01,5.402291571954265237e-05,7.088237197194757755e-08,4.417942053858148199e-11
1.719796353938374267e-11,9.996731281280517578e-01,3.259073710069060326e-04,9.798428663998492993e-07,3.404422577180099552e-10
1.318611747569420345e-10,9.987844824790954590e-01,1.209489419125020504e-03,6.058162853150861338e-06,2.303645496581907537e-09
1.731821908101949248e-10,9.980301260948181152e-01,1.963252201676368713e-03,6.688728717563208193e-06,4.126373964741247846e-10
3.755868949184559824e-09,9.902468919754028320e-01,9.726184420287609100e-03,2.692687667149584740e-05,5.399810043549280181e-10
2.607824400868707926e-09,9.946632385253906250e-01,5.333398934453725815e-03,3.299897116448846646e-06,2.644478247493253775e-10
1.509297201107706599e-11,9.993583559989929199e-01,6.403002189472317696e-04,1.305501314163848292e-06,1.123477769149339167e-10
3.097028493034836849e-12,9.996866583824157715e-01,3.124914655927568674e-04,8.491032872370851692e-07,2.269755772221770940e-10
3.340471996238214558e-11,9.993261098861694336e-01,6.721833487972617149e-04,1.802811993911745958e-06,1.722318399011157908e-10
3.583344732049908998e-11,9.977554678916931152e-01,2.237493870779871941e-03,7.052587989164749160e-06,5.753760801141538650e-10
5.853567196928421978e-12,9.953509569168090820e-01,4.644674248993396759e-03,4.354199063527630642e-06,9.068284456681396932e-10
7.493088094445710112e-11,9.509568810462951660e-01,4.900155588984489441e-02,4.150459062657319009e-05,3.478218379981967701e-09
2.547602406810511866e-10,8.937798738479614258e-01,1.061616986989974976e-01,5.835601405124180019e-05,7.891167541629329207e-08
1.810291583304035612e-09,5.935207009315490723e-01,4.053891301155090332e-01,1.089879893697798252e-03,3.385106595032993937e-07
2.604636506475799251e-10,6.114425659179687500e-01,3.884760737419128418e-01,8.120464190142229199e-05,2.318440834869761602e-07
5.381295409279118758e-09,2.224307507276535034e-01,7.701330780982971191e-01,7.434086408466100693e-03,1.974120777958887629e-06
3.218477650079876184e-05,8.153452873229980469e-01,1.058784723281860352e-01,6.385236978530883789e-02,1.489170920103788376e-02
8.356154879152200010e-09,7.960485666990280151e-02,9.202891588211059570e-01,1.059141504811123013e-04,1.945025829286350927e-08
7.005656499359247391e-08,1.448935568332672119e-01,8.525280952453613281e-01,2.577652921900153160e-03,6.343081508930481505e-07
3.398974435242507752e-09,5.681868195533752441e-01,4.318019747734069824e-01,1.115861869038781151e-05,3.285627769855636870e-08
8.009399010688866838e-08,2.955211997032165527e-01,7.037257552146911621e-01,7.525333203375339508e-04,3.969584270180348540e-07
5.842455852445027631e-09,1.324878484010696411e-01,8.674281835556030273e-01,8.390661241719499230e-05,4.667334252417276730e-08
5.959907056762858701e-08,2.119686305522918701e-01,7.872729301452636719e-01,7.580447127111256123e-04,2.984265279337705579e-07
6.731686141847603722e-08,5.688735842704772949e-01,3.881990015506744385e-01,4.289429634809494019e-02,3.309255771455354989e-05
1.572827379447971907e-08,4.786208570003509521e-01,5.160707235336303711e-01,5.308369640260934830e-03,7.214252661924547283e-08
2.507447938171480928e-08,1.327157579362392426e-02,9.866683483123779297e-01,6.004799070069566369e-05,2.694078382603493083e-08
2.833099976840003364e-09,6.848753094673156738e-01,3.151000142097473145e-01,2.459844472468830645e-05,4.100158790265595599e-08
4.754002053131145544e-11,9.839981198310852051e-01,1.599855720996856689e-02,3.271280093031236902e-06,5.832623717338947245e-09
9.681349055767896061e-10,9.604686498641967773e-01,3.947358205914497375e-02,5.773437078460119665e-05,4.122743746393098263e-08
2.790752073877911243e-09,8.538765907287597656e-01,1.455141901969909668e-01,6.090580718591809273e-04,1.408667031910226797e-07
7.618323194513720864e-10,7.162086963653564453e-01,2.826589643955230713e-01,1.132107106968760490e-03,2.361193764954805374e-07
4.178073442773211355e-10,3.864110112190246582e-01,6.102530360221862793e-01,3.335773479193449020e-03,1.366382065270954627e-07
4.231560435385972596e-09,3.120294772088527679e-02,9.595144391059875488e-01,9.279971010982990265e-03,2.676033773241215385e-06
1.575902253136973741e-08,2.320096269249916077e-02,9.757910370826721191e-01,1.006821403279900551e-03,1.107911657527438365e-06
5.987571682908310322e-08,1.190907284617424011e-01,8.741475343704223633e-01,6.729531101882457733e-03,3.215820470359176397e-05
6.470932234492465795e-09,1.463429303839802742e-03,9.967100024223327637e-01,1.823268248699605465e-03,3.202930429324624129e-06
9.752932683682047355e-09,4.296211060136556625e-03,9.895929694175720215e-01,6.109680049121379852e-03,1.044882083078846335e-06
1.073873363566235639e-07,7.529619336128234863e-02,9.116628170013427734e-01,1.302003767341375351e-02,2.086249696731101722e-05
2.333671602627873654e-07,7.682150602340698242e-02,9.019762277603149414e-01,2.117116935551166534e-02,3.084080162807367742e-05
5.605078285952913575e-07,2.090228907763957977e-02,9.458222389221191406e-01,3.326858580112457275e-02,6.306730483629507944e-06
2.402200038886803668e-07,5.285871680825948715e-03,9.825284481048583984e-01,1.218378730118274689e-02,1.691049533292243723e-06
3.797044598741194932e-07,1.088539976626634598e-02,9.811680912971496582e-01,7.943979464471340179e-03,2.042658707068767399e-06
4.297124576169153443e-07,9.250825271010398865e-03,9.870355129241943359e-01,3.712434554472565651e-03,7.850218821658927482e-07
6.506508611892058980e-07,2.189670130610466003e-02,9.769066572189331055e-01,1.195335760712623596e-03,6.030324470884806942e-07
1.747445992350549204e-07,8.151828311383724213e-03,9.917674064636230469e-01,8.045698632486164570e-05,6.701440469214503537e-08
1.387488623549870681e-06,1.890809088945388794e-02,9.807021617889404297e-01,3.878461429849267006e-04,4.375822584279376315e-07
6.188679435581434518e-07,1.083535924553871155e-01,8.913013935089111328e-01,3.441743028815835714e-04,1.997736802650251775e-07
3.084125310692797939e-08,9.703575968742370605e-01,2.607318200170993805e-02,3.562608268111944199e-03,6.504613338620401919e-06
1.139451200060648262e-07,4.813879132270812988e-01,4.699542522430419922e-01,4.865499958395957947e-02,2.804609039230854250e-06
3.560921157941265847e-08,2.130433917045593262e-02,9.784626960754394531e-01,2.330254937987774611e-04,1.420148088016048860e-08
9.005015400020965899e-09,6.699425578117370605e-01,3.296895325183868408e-01,3.678874636534601450e-04,8.541017137986273156e-08
2.838579149511133437e-09,8.740305900573730469e-01,1.256636381149291992e-01,3.057377180084586143e-04,1.389847881227979087e-07
1.055517362402724757e-08,5.958602428436279297e-01,4.030688703060150146e-01,1.070542610250413418e-03,3.474336551789747318e-07
2.803541754303751077e-08,2.639132440090179443e-01,7.280248403549194336e-01,8.060595020651817322e-03,1.283719143430062104e-06
7.013510883169260524e-10,6.513275504112243652e-01,3.461550474166870117e-01,2.517142100259661674e-03,2.471533377956802724e-07
2.719356684277585146e-10,1.584314107894897461e-01,8.289430141448974609e-01,1.262526772916316986e-02,2.571280219854088500e-07
4.795699837245592789e-09,3.957919403910636902e-02,9.325738549232482910e-01,2.784459479153156281e-02,2.296035972904064693e-06
3.499127387840417214e-08,1.229640915989875793e-01,8.728030323982238770e-01,4.230557009577751160e-03,2.303255541846738197e-06
3.959317140811435820e-08,1.242523491382598877e-01,8.619263172149658203e-01,1.380644831806421280e-02,1.474092823627870530e-05
1.003955762968189447e-08,4.246097989380359650e-03,9.763175845146179199e-01,1.942780241370201111e-02,8.534397238690871745e-06
4.468662240242338157e-08,4.854013025760650635e-02,9.359015226364135742e-01,1.553947106003761292e-02,1.875687303254380822e-05
1.026379408131106175e-07,7.220502942800521851e-02,9.060480594635009766e-01,2.167531102895736694e-02,7.154777995310723782e-05
1.592047510712291114e-06,8.100053668022155762e-02,8.408457636833190918e-01,7.809183001518249512e-02,6.030273652868345380e-05
4.957364012625475880e-07,1.530261710286140442e-02,7.795838117599487305e-01,2.051113396883010864e-01,1.754758045535709243e-06
9.630027761886594817e-07,6.495854351669549942e-03,9.741454124450683594e-01,1.935383491218090057e-02,3.873225068673491478e-06
7.607223295735821011e-08,1.922002062201499939e-03,9.941508173942565918e-01,3.926001023501157761e-03,1.106158038055582438e-06
1.066215773448675463e-07,6.883348338305950165e-03,9.918414950370788574e-01,1.273848232813179493e-03,1.199188659484207164e-06
2.411622403997171205e-07,3.110723197460174561e-02,9.674759507179260254e-01,1.416288781911134720e-03,2.589688108400878264e-07
8.832334401631669607e-07,1.265037357807159424e-01,8.722605109214782715e-01,1.233290298841893673e-03,1.507843649051210377e-06
4.217612854517938104e-07,2.928294837474822998e-01,7.021124362945556641e-01,5.055600311607122421e-03,1.993358864638139494e-06
1.043787506205262616e-06,7.849817276000976562e-01,1.715840995311737061e-01,4.343280568718910217e-02,2.985848084335884778e-07
1.308721042647675858e-08,1.611836105585098267e-01,8.375221490859985352e-01,1.294206362217664719e-03,6.309075928356833174e-08
1.792323800486883556e-08,8.792621493339538574e-01,1.205939278006553650e-01,1.436944730812683702e-04,1.378903107251971960e-07
2.254930535627863719e-07,1.469959169626235962e-01,8.493520021438598633e-01,3.649102291092276573e-03,2.671318952707224526e-06
4.367694117490827921e-08,1.024346575140953064e-01,8.911468386650085449e-01,6.416940595954656601e-03,1.557644964123028331e-06
3.674634818651156820e-09,9.976992756128311157e-02,8.866999149322509766e-01,1.352980453521013260e-02,2.772273717255302472e-07
1.669122062786243532e-09,3.365272879600524902e-01,6.519547104835510254e-01,1.151757687330245972e-02,3.002340633884159615e-07
3.212526356044520526e-10,4.284088015556335449e-01,5.587245821952819824e-01,1.286519598215818405e-02,1.391726755173294805e-06
1.850992359386793851e-09,2.811483740806579590e-01,6.512661576271057129e-01,6.757216900587081909e-02,1.330687064182711765e-05
6.362133930792879255e-09,1.580882817506790161e-02,9.090542793273925781e-01,7.512475550174713135e-02,1.203320334752788767e-05
4.458868829715356696e-09,5.925498437136411667e-03,9.297628402709960938e-01,6.421689689159393311e-02,9.475712431594729424e-05
7.193858841958444827e-09,2.400988899171352386e-02,9.275367856025695801e-01,4.841335117816925049e-02,3.992737038061022758e-05
5.604509212275843311e-08,2.125820219516754150e-01,7.487982511520385742e-01,3.859983384609222412e-02,1.983930269489064813e-05
4.978701184654710232e-08,1.721991747617721558e-01,8.164479732513427734e-01,1.123579405248165131e-02,1.168916496681049466e-04
9.085511919693090022e-06,9.754189848899841309e-02,4.598723948001861572e-01,4.423976242542266846e-01,1.789471716620028019e-04
1.807328999348101206e-06,2.148566581308841705e-02,6.154014468193054199e-01,3.630475401878356934e-01,6.352828495437279344e-05
1.616776899027172476e-07,4.902494698762893677e-02,9.343675374984741211e-01,1.659107580780982971e-02,1.621488445380236953e-05
9.615234830562258139e-07,7.583833932876586914e-01,2.375334054231643677e-01,4.079785663634538651e-03,2.378341378062032163e-06
5.820816113555338234e-07,7.098492383956909180e-01,2.834368944168090820e-01,6.652220617979764938e-03,6.112666596891358495e-05
3.007332634297199547e-05,8.138610124588012695e-01,1.063882410526275635e-01,6.440663337707519531e-02,1.531408447772264481e-02
6.808086823184567038e-07,2.891000509262084961e-01,3.507047593593597412e-01,3.601082563400268555e-01,8.636880374979227781e-05
1.897952074614295270e-06,3.204499483108520508e-01,2.732275128364562988e-01,4.058614075183868408e-01,4.592151381075382233e-04
2.817311051117599163e-09,4.797067344188690186e-01,5.141721367835998535e-01,6.118312478065490723e-03,2.857964545910363086e-06
5.106962852607921377e-09,7.552562355995178223e-01,2.439138740301132202e-01,8.291911799460649490e-04,5.985273787700862158e-07
4.401807629506038211e-08,4.675986766815185547e-01,5.310178995132446289e-01,1.383005641400814056e-03,3.906353356342151528e-07
4.341324100209931203e-08,2.361161112785339355e-01,7.587576508522033691e-01,5.124017130583524704e-03,2.251716750834020786e-06
5.987317308608908206e-09,2.400165349245071411e-01,7.349705696105957031e-01,2.501219138503074646e-02,6.922530246811220422e-07
1.289338324994560026e-08,1.577650606632232666e-01,8.128307461738586426e-01,2.939841523766517639e-02,5.779477305623004213e-06
8.018103403450993483e-10,2.148183137178421021e-01,7.510313987731933594e-01,3.414793312549591064e-02,2.293718353030271828e-06
7.322422224120828105e-09,8.096157759428024292e-02,8.185537457466125488e-01,1.004731133580207825e-01,1.156429607362952083e-05
2.597554704664162273e-08,7.149407267570495605e-02,9.214123487472534180e-01,7.061883341521024704e-03,3.177233884343877435e-05
8.028379738789226394e-08,5.860833451151847839e-03,8.839368224143981934e-01,1.101328879594802856e-01,6.921428575878962874e-05
6.834549814982437965e-09,8.455692441202700138e-04,5.967903137207031250e-01,4.022540152072906494e-01,1.101572415791451931e-04
5.403450131780118681e-07,1.610984094440937042e-02,7.180395722389221191e-01,2.654530405998229980e-01,3.970987745560705662e-04
6.767792456230381504e-06,5.874815396964550018e-03,4.394952952861785889e-01,5.520910620689392090e-01,2.532124985009431839e-03
6.621806733164703473e-06,2.424120306968688965e-01,5.343782901763916016e-01,2.228701114654541016e-01,3.329358296468853951e-04
1.840717413870152086e-05,5.186069011688232422e-02,8.660285472869873047e-01,8.172708749771118164e-02,3.652369487099349499e-04
5.996280833642231300e-06,1.697885990142822266e-01,6.894311308860778809e-01,1.405189037322998047e-01,2.553952217567712069e-04
6.890184067742666230e-07,7.993343472480773926e-01,1.125290766358375549e-01,8.808010071516036987e-02,5.572194640990346670e-05
4.070700470037991181e-06,8.126593381166458130e-02,1.312395930290222168e-01,7.874774336814880371e-01,1.300006715609924868e-05
1.481169692851835862e-05,6.873683631420135498e-02,4.497256129980087280e-02,8.862753510475158691e-01,3.728154638338310178e-07
3.354094815222197212e-06,8.878378197550773621e-03,2.294320799410343170e-02,9.681739807128906250e-01,1.114817791858513374e-06
9.095390396396396682e-07,1.282732840627431870e-02,9.650294482707977295e-02,8.905823826789855957e-01,8.646069181850180030e-05
2.016736516452510841e-06,3.488349262624979019e-03,7.684390526264905930e-03,9.876140952110290527e-01,1.211085706017911434e-03
6.667577508778776973e-06,1.058265045285224915e-01,2.229514867067337036e-01,6.512843370437622070e-01,1.993103884160518646e-02
3.855357135762460530e-07,2.586790919303894043e-01,6.933811306953430176e-01,4.579094052314758301e-02,2.148416126146912575e-03
1.946878036562793568e-08,1.062126681208610535e-01,8.860536813735961914e-01,7.435667794197797775e-03,2.979392593260854483e-04
2.281367414980195463e-07,2.664994820952415466e-02,9.340643286705017090e-01,3.845746815204620361e-02,8.280318579636514187e-04
2.612434570892219199e-07,5.061010643839836121e-02,7.866501808166503906e-01,1.617874354124069214e-01,9.520540479570627213e-04
6.012895710227894597e-07,8.860868960618972778e-02,6.256462931632995605e-01,2.851529717445373535e-01,5.914435605518519878e-04
5.079708671473781578e-07,1.951362788677215576e-01,6.365728378295898438e-01,1.681451350450515747e-01,1.453022268833592534e-04
4.958806130161974579e-07,9.295602887868881226e-02,5.089781880378723145e-01,3.978894352912902832e-01,1.758219004841521382e-04
4.288756088044465287e-07,1.936429738998413086e-01,1.729017347097396851e-01,6.331125497817993164e-01,3.423314483370631933e-04
4.010807117538206512e-07,4.723450541496276855e-01,2.068360447883605957e-01,3.205088078975677490e-01,3.097118169534951448e-04
8.973622698249528185e-07,5.692601799964904785e-01,1.637956500053405762e-01,2.667294740676879883e-01,2.137646370101720095e-04
1.075552745533059351e-06,2.038762867450714111e-01,9.600330889225006104e-02,6.999497413635253906e-01,1.695479149930179119e-04
8.835401104079210199e-07,1.264090389013290405e-01,7.828163355588912964e-02,7.949234843254089355e-01,3.849121567327529192e-04
2.196616833316511475e-06,2.357308715581893921e-01,1.183172389864921570e-01,6.452810168266296387e-01,6.686850683763623238e-04
8.212346642721968237e-07,1.145173013210296631e-01,6.319238990545272827e-02,8.217711448669433594e-01,5.183077882975339890e-04
3.427072442718781531e-06,2.347605079412460327e-01,3.849482536315917969e-01,3.796447813510894775e-01,6.429458153434097767e-04
3.331270363560179248e-06,7.597773522138595581e-02,3.444799482822418213e-01,5.778334736824035645e-01,1.705557573586702347e-03
1.176933892566012219e-05,6.769743561744689941e-02,6.340664625167846680e-01,2.937047481536865234e-01,4.519613925367593765e-03
1.200380393129307777e-05,8.074798434972763062e-02,7.237084507942199707e-01,1.938586533069610596e-01,1.672931946814060211e-03
1.599061579327099025e-05,4.290635585784912109e-01,3.535172045230865479e-01,2.159736752510070801e-01,1.429636613465845585e-03
2.612884145491989329e-06,8.434979319572448730e-01,2.254109084606170654e-02,1.339368373155593872e-01,2.150736509065609425e-05
1.679513047747605015e-06,8.416510820388793945e-01,5.886347219347953796e-02,9.947215765714645386e-02,1.157888527814066038e-05
7.996077329153195024e-07,9.152569174766540527e-01,3.357164561748504639e-02,5.116377398371696472e-02,6.846524229331407696e-06
1.559782140247989446e-05,9.534249901771545410e-01,3.867525979876518250e-02,7.875986397266387939e-03,8.132627954182680696e-06
3.783949523494811729e-06,9.622073173522949219e-01,3.160203248262405396e-02,6.185859441757202148e-03,9.651550954004051164e-07
1.837744321164791472e-07,9.717954993247985840e-01,1.616062037646770477e-02,1.204234268516302109e-02,1.358979261567583308e-06
2.950531325041083619e-06,8.395884037017822266e-01,1.077158153057098389e-01,5.267761647701263428e-02,1.521082776889670640e-05
7.829538049008988310e-07,9.126738309860229492e-01,4.907986894249916077e-02,3.823511675000190735e-02,1.040992719936184585e-05
7.489248673664405942e-06,7.940610647201538086e-01,1.897285133600234985e-01,1.609608158469200134e-02,1.068854253389872611e-04
5.585276312558562495e-07,3.566408157348632812e-01,6.400642991065979004e-01,3.266825340688228607e-03,2.751699685177300125e-05
3.092444273988803616e-07,8.615128993988037109e-01,1.375491470098495483e-01,8.948993054218590260e-04,4.268891643732786179e-05
3.116769846656097798e-07,9.345811605453491211e-01,4.856769368052482605e-02,1.515308860689401627e-02,1.697780098766088486e-03
1.251289027948132571e-08,9.108586311340332031e-01,8.795863389968872070e-02,9.856537217274308205e-04,1.971443562069907784e-04
6.753623882360670905e-09,8.811590671539306641e-01,1.182561516761779785e-01,4.836991138290613890e-04,1.010442429105751216e-04
1.591837950343233388e-08,9.031882882118225098e-01,9.619501233100891113e-02,3.606507962103933096e-04,2.559521235525608063e-04
6.692371101735261618e-08,7.127526402473449707e-01,2.861621081829071045e-01,8.247781079262495041e-04,2.604667097330093384e-04
1.537727598588389810e-07,8.207767009735107422e-01,1.764630079269409180e-01,2.286403439939022064e-03,4.737560229841619730e-04
9.355937891086796299e-08,8.790735006332397461e-01,1.128228604793548584e-01,7.802317850291728973e-03,3.012297092936933041e-04
1.623707106546135037e-07,9.316732883453369141e-01,6.221887841820716858e-02,5.768951959908008575e-03,3.386052849236875772e-04
2.860932681869599037e-07,9.644020795822143555e-01,3.382878005504608154e-02,1.346200820989906788e-03,4.226580495014786720e-04
2.416330460164317628e-07,9.298672676086425781e-01,6.352099031209945679e-02,5.297309253364801407e-03,1.314166001975536346e-03
1.131170677126647206e-07,9.463961124420166016e-01,4.895636066794395447e-02,2.201252616941928864e-03,2.446217695251107216e-03
1.704189230622432660e-06,6.183367967605590820e-01,3.444739580154418945e-01,2.417233213782310486e-02,1.301515847444534302e-02
2.904761231548036449e-07,5.272564888000488281e-01,4.646337628364562988e-01,7.597244810312986374e-03,5.121234571561217308e-04
3.794139402657492610e-08,1.692447960376739502e-01,8.300814032554626465e-01,4.584944108501076698e-04,2.152229135390371084e-04
1.545170924543981528e-08,4.705228284001350403e-02,9.513507485389709473e-01,1.356474473141133785e-03,2.403901744401082397e-04
4.703294820274095400e-08,1.026769634336233139e-02,9.889711737632751465e-01,6.684619002044200897e-04,9.263598622055724263e-05
4.533254127636610065e-08,1.072408538311719894e-02,9.886029958724975586e-01,5.664596101269125938e-04,1.064054886228404939e-04
5.062352101958822459e-07,1.645771414041519165e-01,8.340560197830200195e-01,1.150642172433435917e-03,2.156056434614583850e-04
5.436235710476466920e-07,3.996395170688629150e-01,5.979604721069335938e-01,1.933277468197047710e-03,4.661360871978104115e-04
8.990406968223396689e-06,3.232356011867523193e-01,6.411252021789550781e-01,3.497997671365737915e-02,6.501735770143568516e-04
1.817021802708040923e-05,2.381907701492309570e-01,7.467462420463562012e-01,1.489172969013452530e-02,1.530410518171265721e-04
1.499430481999297626e-06,1.015553902834653854e-02,9.888522624969482422e-01,9.726174757815897465e-04,1.812698428693693131e-05
2.394463535893009976e-06,5.169488489627838135e-02,9.478353857994079590e-01,4.211799241602420807e-04,4.607096343534067273e-05
1.107223579310812056e-05,3.376573324203491211e-02,9.646044373512268066e-01,1.339809037744998932e-03,2.789875725284218788e-04
3.719938604263006710e-06,2.493913285434246063e-02,9.746546149253845215e-01,3.347754827700555325e-04,6.769751780666410923e-05
1.331225303147220984e-05,9.233400225639343262e-02,9.072887897491455078e-01,2.647605433594435453e-04,9.919159492710605264e-05
8.629844160168431699e-06,2.404106706380844116e-01,7.592897415161132812e-01,1.954995968844741583e-04,9.540627070236951113e-05
2.165087153116473928e-06,2.386930435895919800e-01,7.610391974449157715e-01,1.987078285310417414e-04,6.684905383735895157e-05
7.080967634465196170e-08,1.027047857642173767e-01,8.972789049148559570e-01,1.241706104337936267e-05,3.744965624719043262e-06
9.418474000710830296e-09,8.721004426479339600e-02,9.125180244445800781e-01,2.683275961317121983e-04,3.599441470214514993e-06
1.206055078029066863e-08,7.625185251235961914e-01,2.311315238475799561e-01,6.339417770504951477e-03,1.053044707077788189e-05
2.670268440851941705e-05,8.224769234657287598e-01,1.042043939232826233e-01,5.913443118333816528e-02,1.415755506604909897e-02
1.424377984449165524e-07,2.461954504251480103e-01,7.535505890846252441e-01,2.521769783925265074e-04,1.631055056350305676e-06
3.740879890301584965e-07,7.470321655273437500e-02,9.252529144287109375e-01,4.276201798347756267e-05,6.030083454788837116e-07
1.899232188407040667e-06,5.150447487831115723e-01,4.840089976787567139e-01,4.686250467784702778e-04,4.756599082611501217e-04
1.552710727992234752e-06,7.231477499008178711e-01,2.703337371349334717e-01,1.882752170786261559e-03,4.634214565157890320e-03
6.175378644002194051e-07,4.442293643951416016e-01,5.485589504241943359e-01,2.691182307898998260e-03,4.519838374108076096e-03
2.142617034905924811e-07,4.846183359622955322e-01,5.115282535552978516e-01,1.649152021855115891e-03,2.204022370278835297e-03
6.510117600555531681e-08,2.336879670619964600e-01,7.643262743949890137e-01,1.203040359541773796e-03,7.826206274330615997e-04
1.333279442405910231e-07,4.806310534477233887e-01,5.171943306922912598e-01,1.501256367191672325e-03,6.732158944942057133e-04
4.204701156140799867e-07,5.777903199195861816e-01,4.167400598526000977e-01,4.300706088542938232e-03,1.168455113656818867e-03
1.154446209739035112e-07,9.737371802330017090e-01,2.463323809206485748e-02,1.234122202731668949e-03,3.952896804548799992e-04
4.088160494575276971e-06,6.829988360404968262e-01,2.720814645290374756e-01,3.813149780035018921e-02,6.784087046980857849e-03
4.396895292302360758e-06,5.082884430885314941e-01,4.884685873985290527e-01,2.802593167871236801e-03,4.359143786132335663e-04
1.692313560397451511e-07,4.334886670112609863e-01,5.664129853248596191e-01,8.490368782076984644e-05,1.325175526289967820e-05
1.257046822189522572e-08,4.082835912704467773e-01,5.913159847259521484e-01,3.526316140778362751e-04,4.778119910042732954e-05
6.082477455038315384e-08,2.830302417278289795e-01,7.164339423179626465e-01,5.250785034149885178e-04,1.066255481418920681e-05
3.662453309516422451e-05,8.140072226524353027e-01,1.047191694378852844e-01,6.607347726821899414e-02,1.516359765082597733e-02
2.742519598086801125e-07,5.303435027599334717e-02,9.458245038986206055e-01,1.130265067331492901e-03,1.061523471435066313e-05
1.684454389305756195e-07,1.321481913328170776e-01,8.676201105117797852e-01,2.300786145497113466e-04,1.377649823552928865e-06
7.888411346357315779e-05,3.183684051036834717e-01,6.796202063560485840e-01,1.850426197052001953e-03,8.203682227758690715e-05
3.385694435564801097e-05,6.531506776809692383e-01,3.463632464408874512e-01,3.162036591675132513e-04,1.360550959361717105e-04
2.459335519233718514e-05,7.277621626853942871e-01,2.719354033470153809e-01,2.149786014342680573e-04,6.284411210799589753e-05
2.341324761800933629e-05,5.872442722320556641e-01,4.123361408710479736e-01,3.659314534161239862e-04,3.022165219590533525e-05
2.795473619698896073e-06,1.236159801483154297e-01,8.762392401695251465e-01,1.352099498035386205e-04,6.775542260584188625e-06
4.320814639413583791e-07,4.847212135791778564e-01,5.144520401954650879e-01,8.082363638095557690e-04,1.817572956497315317e-05
5.644365614898561034e-07,8.829043507575988770e-01,1.165154129266738892e-01,5.644030170515179634e-04,1.527647873444948345e-05
2.770149330899585038e-05,8.262348771095275879e-01,1.008936464786529541e-01,5.887985229492187500e-02,1.396392658352851868e-02
3.607983671827241778e-05,8.146909475326538086e-01,1.041993498802185059e-01,6.591971963644027710e-02,1.515386905521154404e-02
1.133088147753369412e-07,9.779167175292968750e-01,1.404455397278070450e-02,7.962657138705253601e-03,7.595129136461764574e-05
2.877496640962817764e-08,9.420763254165649414e-01,5.660716071724891663e-02,1.305134152062237263e-03,1.144321231549838558e-05
7.302282334364917915e-09,9.887740612030029297e-01,1.100095361471176147e-02,2.222967887064442039e-04,2.606289399409433827e-06
2.382726238536747587e-09,9.945330619812011719e-01,4.378212615847587585e-03,1.084847492165863514e-03,3.851798282994423062e-06
3.012635829691134859e-08,9.948502182960510254e-01,3.872208297252655029e-03,1.275263610295951366e-03,2.267134050271124579e-06
7.590143468405585736e-06,9.709482789039611816e-01,2.831344306468963623e-02,7.303812890313565731e-04,3.256537013385241153e-07
2.031580545008182526e-03,9.189207553863525391e-01,7.600447628647089005e-03,7.142900675535202026e-02,1.818970667954999954e-05
1.462845921196276322e-05,9.549011588096618652e-01,2.117359079420566559e-02,2.390797063708305359e-02,2.605379904707660899e-06
7.693926136198570020e-07,9.541719555854797363e-01,4.076598212122917175e-02,5.052532535046339035e-03,8.700499165570363402e-06
4.672574220876413165e-07,9.763934016227722168e-01,2.342581748962402344e-02,1.790007663657888770e-04,1.290652335228514858e-06
2.628947299854189623e-07,9.949894547462463379e-01,4.953870084136724472e-03,5.622146272799000144e-05,1.803590095050822129e-07
2.377927330599050038e-07,9.976063966751098633e-01,2.372294431552290916e-03,1.980912929866462946e-05,1.206062165692856070e-06
1.512365656708425377e-06,9.990760087966918945e-01,8.888912852853536606e-04,3.307384758954867721e-05,4.454780366813793080e-07
1.549919034005142748e-06,9.994429945945739746e-01,5.102079012431204319e-04,4.517396155279129744e-05,1.353282783611575724e-07
6.835775252511666622e-07,9.999594688415527344e-01,3.640049544628709555e-05,3.367193585290806368e-06,6.794869733539599110e-08
3.755833404284203425e-07,9.999707937240600586e-01,2.715098526095971465e-05,1.577803232066798955e-06,1.041393815626179276e-07
9.647777687860070728e-07,9.999576210975646973e-01,3.783407009905204177e-05,3.009095735251321457e-06,4.874511887464905158e-07
1.211745825457910541e-06,9.999182224273681641e-01,6.917931023053824902e-05,1.113346843339968473e-05,3.020404619746841490e-07
3.528088655002648011e-06,9.997568726539611816e-01,1.874602894531562924e-04,5.077364767203107476e-05,1.394843934576783795e-06
8.198562682082410902e-06,9.988883137702941895e-01,9.376622620038688183e-04,1.612163614481687546e-04,4.619584160536760464e-06
2.779322130663786083e-06,9.997373223304748535e-01,2.294906589668244123e-04,2.915866207331418991e-05,1.239353423443390056e-06
3.730459354756021639e-07,9.999222755432128906e-01,6.941278843441978097e-05,7.897431714809499681e-06,1.039229005073138978e-07
1.490455701969040092e-06,9.998695850372314453e-01,8.766167593421414495e-05,4.070143404533155262e-05,5.479212177306180820e-07
6.266071522986749187e-06,9.993295669555664062e-01,4.848567186854779720e-04,1.773831463651731610e-04,1.966686795640271157e-06
1.817701195250265300e-05,9.982855916023254395e-01,1.221814192831516266e-03,4.698664124589413404e-04,4.511327915679430589e-06
1.791644717741291970e-05,9.963909983634948730e-01,2.836704486981034279e-03,7.505394169129431248e-04,3.799788601099862717e-06
2.908636633947025985e-05,9.980086684226989746e-01,1.255527255125343800e-03,7.042772485874593258e-04,2.379918214501230977e-06
2.000001586566213518e-05,9.977514743804931641e-01,1.116171129979193211e-03,1.111758057959377766e-03,5.527945177163928747e-07
3.013988134625833482e-05,8.204541206359863281e-01,1.008700281381607056e-01,6.361074000597000122e-02,1.503507327288389206e-02
2.245060386485420167e-05,9.985325932502746582e-01,7.226493326015770435e-04,7.213180651888251305e-04,8.788692298367095646e-07
8.742624049773439765e-05,9.915310740470886230e-01,2.874607685953378677e-03,5.503586027771234512e-03,3.249183009756961837e-06
3.035670961253345013e-04,9.047262072563171387e-01,2.940415591001510620e-02,6.555379927158355713e-02,1.226566928380634636e-05
3.353725696797482669e-05,8.166083097457885742e-01,1.027206331491470337e-01,6.539713591337203979e-02,1.524040754884481430e-02
4.433889625943265855e-05,9.834387302398681641e-01,7.480976637452840805e-03,9.030913002789020538e-03,4.919515504298033193e-06
1.702352019492536783e-04,9.882802367210388184e-01,1.746737281791865826e-03,9.799869731068611145e-03,2.938767693194677122e-06
3.025376354344189167e-04,9.860725402832031250e-01,1.284246216528117657e-03,1.234016288071870804e-02,4.293892459372727899e-07
2.919071448559407145e-05,8.207004070281982422e-01,1.012569293379783630e-01,6.309237331151962280e-02,1.492110732942819595e-02
2.030254563578637317e-06,9.890362024307250977e-01,9.735403582453727722e-04,9.988123551011085510e-03,5.908329114845400909e-08
4.653527412301627919e-07,9.956713914871215820e-01,5.899647949263453484e-04,3.738147206604480743e-03,2.678895860697139142e-08
5.654483743455784861e-07,9.972227215766906738e-01,3.854773240163922310e-04,2.391104819253087044e-03,3.172989693212002749e-08
1.430148586223367602e-06,9.976059198379516602e-01,2.924726577475667000e-04,2.100114477798342705e-03,2.666950749130592158e-08
3.257720527471974492e-05,8.176065087318420410e-01,1.021115034818649292e-01,6.509307026863098145e-02,1.515628956258296967e-02
1.327462996414396912e-06,9.983826875686645508e-01,2.880500978790223598e-04,1.327881007455289364e-03,4.554235388809502183e-08
4.242825070832623169e-06,9.894512295722961426e-01,1.618399284780025482e-03,8.924614638090133667e-03,1.580298544467950705e-06
1.257972144230734557e-05,9.827800989151000977e-01,6.954713026061654091e-04,1.650191284716129303e-02,9.877290722215548158e-06
2.104889608744997531e-05,8.863910436630249023e-01,5.720003042370080948e-03,1.077473610639572144e-01,1.204892978421412408e-04
2.581157982349395752e-01,3.033459186553955078e-01,7.500256877392530441e-03,3.549476861953735352e-01,7.609035074710845947e-02
