4.701964595454910523e-09,9.866839647293090820e-01,1.329270377755165100e-02,2.314460107299964875e-05,7.323264128444861853e-08
4.205590736772180094e-11,9.982238411903381348e-01,1.774130156263709068e-03,1.990222699532750994e-06,1.908285307550272591e-09
6.379832773184546113e-11,9.920840859413146973e-01,7.907779887318611145e-03,8.066999725997447968e-06,4.425982080835666466e-10
1.329343579659081342e-11,9.782608747482299805e-01,2.173815481364727020e-02,9.856959195531089790e-07,1.512266867287337391e-09
5.601174472152914419e-12,9.990451931953430176e-01,9.547640802338719368e-04,7.154804304576600771e-09,2.558178391343091107e-10
1.347241328913950653e-12,9.998588562011718750e-01,1.410765253240242600e-04,3.537962145472306474e-09,1.489351558747742388e-10
4.822653734692927685e-11,9.990307092666625977e-01,9.692538878880441189e-04,1.969643115273811418e-08,9.128501843314040798e-10
1.138973030473389159e-11,9.997555613517761230e-01,2.444332349114120007e-04,1.194373222546118996e-08,4.738641146140309957e-10
1.017475426828839957e-11,9.999304413795471191e-01,6.951540126465260983e-05,1.164559559896360952e-09,9.784410781588093187e-11
6.994941292859380155e-10,9.999303221702575684e-01,6.978508463362231851e-05,9.372615572544873430e-09,2.084101780042146856e-09
1.860274087550628508e-11,9.998849630355834961e-01,1.150339885498397052e-04,1.001952831813923694e-08,7.893323494823079045e-11
1.194242815749646525e-09,9.998972415924072266e-01,1.026968384394422174e-04,7.732883666733414429e-09,3.479576626830294117e-10
2.603556659153127839e-08,9.998748302459716797e-01,1.251605572178959846e-04,1.496403356782138871e-08,1.012223083129981660e-09
9.285267665859464614e-09,9.995257854461669922e-01,4.741519805975258350e-04,9.822440460993675515e-08,2.542894561585740121e-09
1.747620927972093341e-07,9.994845390319824219e-01,5.149503122083842754e-04,3.110118882432288956e-07,3.771396084317757413e-09
6.869002078246921883e-08,9.991125464439392090e-01,8.870722958818078041e-04,1.860975231693373644e-07,1.482643452455079114e-09
4.818845056320242293e-08,9.997981786727905273e-01,2.016988582909107208e-04,4.433599443132152373e-08,1.726433773718838438e-09
1.638935387404671928e-08,9.976782798767089844e-01,2.321422565728425980e-03,2.222263049134198809e-07,8.126963990662261494e-09
7.215766828494452056e-08,9.924675822257995605e-01,7.532367017120122910e-03,3.606478315987260430e-08,8.514141391913199186e-09
6.751098791113463449e-09,9.903308153152465820e-01,9.668988175690174103e-03,2.434464647649292601e-07,9.587082239193023270e-10
6.586376457562437281e-07,9.634806513786315918e-01,3.651701286435127258e-02,1.569655182720453013e-06,2.231935081198344051e-09
2.678906184883089736e-06,9.943730235099792480e-01,5.619820207357406616e-03,4.351392817625310272e-06,2.054607506352112978e-08
3.789893909811326012e-08,9.973594546318054199e-01,2.640356076881289482e-03,1.118307793035455688e-07,9.124812017091699090e-10
8.995042044546153193e-09,9.988141655921936035e-01,1.185620203614234924e-03,1.154218338683676848e-07,6.863272727919422778e-10
8.791464380919933319e-03,8.992369771003723145e-01,6.824650615453720093e-02,2.995485672727227211e-03,2.072945795953273773e-02
1.010682115776262435e-08,9.918390512466430664e-01,8.153301663696765900e-03,1.117721922128112055e-06,6.580835361091885716e-06
4.181840651540369436e-08,9.420298337936401367e-01,5.790455266833305359e-02,2.769475759123452008e-05,3.787706737057305872e-05
1.292615081638359698e-07,8.997764587402343750e-01,1.000039502978324890e-01,1.398072345182299614e-04,7.968057616380974650e-05
1.220605128082752344e-07,9.077745079994201660e-01,9.207297861576080322e-02,7.617659866809844971e-05,7.625546277267858386e-05
1.366031625593677745e-07,9.071532487869262695e-01,9.270511567592620850e-02,6.864350143587216735e-05,7.281123544089496136e-05
1.516257536193776900e-10,9.992850422859191895e-01,7.149464800022542477e-04,9.622476149218073260e-10,1.800148830000125599e-08
3.197794917753071786e-09,9.989746212959289551e-01,1.025306875817477703e-03,2.371056684324912567e-09,1.400489391123471705e-09
5.975680394953997165e-09,9.994938373565673828e-01,5.060609546490013599e-04,2.776088692257872026e-09,2.432486212455842178e-08
1.666085402973749297e-08,9.993481636047363281e-01,6.518666632473468781e-04,4.777907847142159881e-08,1.843554420233317614e-09
1.534869009667261253e-09,9.989842176437377930e-01,1.015697722323238850e-03,6.696099319469794864e-08,7.896098219717373468e-10
4.335490544349340780e-08,9.930675029754638672e-01,6.930008064955472946e-03,2.470585059199947864e-06,1.556883155728883139e-08
3.545422089246130781e-08,9.320915937423706055e-01,6.765960901975631714e-02,2.299136685905978084e-04,1.884819903352763504e-05
4.031579010188579559e-06,6.206961274147033691e-01,3.792126476764678955e-01,6.944358028704300523e-05,1.771806819306220859e-05
7.687105174625230575e-09,8.768806457519531250e-01,1.231180429458618164e-01,1.290524210162402596e-06,1.318444642350868889e-08
3.093973410805972435e-10,8.935251832008361816e-01,1.064747199416160583e-01,5.412984194208547706e-08,1.574430186224162753e-08
8.262997924779469372e-12,8.910312056541442871e-01,1.089688614010810852e-01,4.962514843498411210e-09,2.406520815956270098e-10
1.709451373857473477e-12,9.961486458778381348e-01,3.851315705105662346e-03,5.182404549941566074e-08,1.837775598367841212e-09
4.594182564758575449e-13,9.880266189575195312e-01,1.197338104248046875e-02,1.287352802137320396e-08,4.027641414827698441e-11
7.185677747267860127e-11,9.569180607795715332e-01,4.308075830340385437e-02,8.654013186060183216e-07,2.417201585558359511e-07
1.431657725703416872e-08,7.967989444732666016e-01,2.030948102474212646e-01,7.775976700941100717e-05,2.838636464730370790e-05
3.767766898477020732e-08,7.300785779953002930e-01,2.696783244609832764e-01,1.846726518124341965e-04,5.840679295943118632e-05
4.415063314944234207e-10,6.599364876747131348e-01,3.400596082210540771e-01,2.806899374263593927e-06,1.090042474061192479e-06
2.110822367590303728e-12,8.405635952949523926e-01,1.594363301992416382e-01,3.078242727383440069e-08,5.065449726338044911e-10
6.352697257128170349e-10,9.444665312767028809e-01,5.552715808153152466e-02,5.095276264910353348e-06,1.224001380251138471e-06
2.169730541068393137e-11,9.697631001472473145e-01,3.023645840585231781e-02,4.519438618899584981e-07,2.195480464095567186e-09
1.704767715882127277e-10,7.871595621109008789e-01,2.128394395112991333e-01,1.034835463542549405e-06,2.840740309650868767e-09
2.359321904510380818e-10,9.322628378868103027e-01,6.773471087217330933e-02,2.494023647159337997e-06,4.856167379330145195e-08
1.446508329783213753e-10,4.040542840957641602e-01,5.959448814392089844e-01,8.221875873459794093e-07,1.681800121389187552e-08
4.820384646997410982e-10,5.960037708282470703e-01,4.039961695671081543e-01,2.393157494395836693e-08,3.526428260514080648e-09
4.417272769785540731e-09,4.797180593013763428e-01,5.202817320823669434e-01,1.867968393298724550e-07,2.529244147453368896e-09
8.074780843969620037e-10,9.312059730291366577e-03,9.906872510910034180e-01,7.020441898930585012e-07,6.122455875612331511e-09
1.898627088880999736e-10,3.025582758709788322e-03,9.969727993011474609e-01,3.123250564840418519e-07,1.260712224393500946e-06
1.033445759524020957e-10,1.620880793780088425e-03,9.983787536621093750e-01,2.992893755049408355e-08,3.831503079254616750e-07
2.838258239545865536e-10,1.567706814967095852e-03,9.984322190284729004e-01,2.978503133022059046e-08,6.909667948917785907e-09
1.129203508476450679e-09,3.504384076222777367e-03,9.964954257011413574e-01,2.238782741414979682e-07,4.437150202818429534e-09
5.036095984678468085e-10,3.814462944865226746e-02,9.618552327156066895e-01,6.446482814226328628e-08,6.588775747218278411e-09
4.783077756087550370e-08,1.989794522523880005e-01,8.010200858116149902e-01,2.531676841499574948e-07,1.203020758566708537e-07
9.100816811269396567e-08,4.171436652541160583e-02,9.582659006118774414e-01,1.935189357027411461e-05,2.443405549001909094e-07
9.112139232456684113e-03,8.961266279220581055e-01,7.023318856954574585e-02,3.181442385539412498e-03,2.134669199585914612e-02
3.401399828462103869e-09,4.966665990650653839e-03,9.950268864631652832e-01,1.365033540423610248e-06,5.116135525895515457e-06
3.587091157442046097e-08,6.498094182461500168e-03,9.934893250465393066e-01,1.347339321000617929e-06,1.111002893594559282e-05
6.080467240821008090e-09,1.490740943700075150e-02,9.850894212722778320e-01,8.784025453678623307e-07,2.177557234972482547e-06
3.708016294012850267e-08,3.908851742744445801e-01,6.090837717056274414e-01,2.741651587712112814e-05,3.498553724057273939e-06
6.445637836804962717e-07,4.326778650283813477e-01,5.671508312225341797e-01,1.079768626368604600e-04,6.272023165365681052e-05
2.428572258850181242e-07,4.137131869792938232e-01,5.862336754798889160e-01,3.971879414166323841e-05,1.307873299083439633e-05
2.070273813492562454e-10,3.661873564124107361e-02,9.633809924125671387e-01,3.075612085012835450e-07,1.518284697965555097e-08
1.353310380425298831e-10,1.702017486095428467e-01,8.297981619834899902e-01,8.500467885141915758e-08,1.244357727969713778e-09
9.474124817998585968e-10,9.553973078727722168e-01,4.459890723228454590e-02,3.394826535441097803e-06,3.393685403807467083e-07
3.932209224899452238e-08,8.527525663375854492e-01,1.470412760972976685e-01,1.861190976342186332e-04,1.999234882532618940e-05
3.317453334261699638e-08,7.859179377555847168e-01,2.139603495597839355e-01,1.007620958262123168e-04,2.089597001031506807e-05
2.322780634500531960e-09,8.740604519844055176e-01,1.259315311908721924e-01,6.762992143194423988e-06,1.258064003195613623e-06
7.894404774333452224e-08,7.693234086036682129e-01,2.303573787212371826e-01,2.755138266365975142e-04,4.367930523585528135e-05
3.685888927407177107e-08,6.830992698669433594e-01,3.167285323143005371e-01,1.571166503708809614e-04,1.508121931692585349e-05
4.673237796737339522e-09,7.079764008522033691e-01,2.920213341712951660e-01,2.300509549968410283e-06,4.347893600709085149e-09
8.547063146124855848e-08,4.022743999958038330e-01,5.977109074592590332e-01,1.434661407984094694e-05,1.687778024006547639e-07
2.415725575133365055e-08,6.802508234977722168e-02,9.319639801979064941e-01,6.528166068164864555e-06,4.377047389425570145e-06
1.636526825166129129e-08,7.062071934342384338e-03,9.929313659667968750e-01,4.214109139866195619e-06,2.316859536222182214e-06
7.223271580869550235e-08,5.585578680038452148e-01,4.413317441940307617e-01,7.123609248083084822e-05,3.896750786225311458e-05
2.716160167892667232e-07,6.898432970046997070e-01,3.092787861824035645e-01,6.771501502953469753e-04,2.004239358939230442e-04
2.182853933163642068e-07,7.496906518936157227e-01,2.502715587615966797e-01,3.444072353886440396e-05,3.192251142536406405e-06
9.010992012917995453e-03,8.956272602081298828e-01,7.085113227367401123e-02,3.229823661968111992e-03,2.128077857196331024e-02
6.105436227699101437e-07,9.361471533775329590e-01,6.378737837076187134e-02,6.432920781662687659e-05,5.582118660640844610e-07
2.815967263813945465e-06,6.044294238090515137e-01,3.954735696315765381e-01,6.360794941429048777e-05,3.059046866837888956e-05
6.988244081185257528e-07,3.418507874011993408e-01,6.579198241233825684e-01,3.596790702431462705e-05,1.927182602230459452e-04
1.862155727394565474e-07,4.075247347354888916e-01,5.924385786056518555e-01,1.721429362078197300e-05,1.930373036884702742e-05
1.518154491009227058e-08,6.820678114891052246e-01,3.179299831390380859e-01,2.110737796101602726e-06,3.943791071492341871e-08
1.365907849049108336e-07,6.905591487884521484e-01,3.086604177951812744e-01,6.909125368110835552e-04,8.925639122026041150e-05
5.035092343064206943e-08,7.598946690559387207e-01,2.399500459432601929e-01,1.359035086352378130e-04,1.941206028277520090e-05
4.897660499381117916e-09,9.147202372550964355e-01,8.527389913797378540e-02,4.236202130414312705e-06,1.612427809050132055e-06
5.820410375889650823e-09,9.100164175033569336e-01,8.997236937284469604e-02,8.368775525013916194e-06,2.872049435609369539e-06
1.041494113174223912e-09,8.433989882469177246e-01,1.565979719161987305e-01,2.696481715247500688e-06,3.541949524787924020e-07
7.781639510540117044e-08,5.394793152809143066e-01,4.601273834705352783e-01,3.396662650629878044e-04,5.355207395041361451e-05
3.309810647778022030e-09,6.317762732505798340e-01,3.682062029838562012e-01,1.593129672983195633e-05,1.559557972541369963e-06
2.828112677377703221e-08,1.642437279224395752e-01,8.357527256011962891e-01,3.415251967453514226e-06,7.944356639200123027e-08
1.008567718230324317e-08,2.275620214641094208e-02,9.772364497184753418e-01,6.831836344645125791e-06,4.225173313443519874e-07
1.800058768708368007e-09,4.060152918100357056e-03,9.959369897842407227e-01,2.762209760476252995e-06,6.098915150687389541e-08
5.048841789090374732e-09,1.628708123462274671e-04,9.998357892036437988e-01,1.327632730863115285e-06,4.177193346777130500e-08
9.333343245089054108e-03,8.955829739570617676e-01,7.062242180109024048e-02,3.135204315185546875e-03,2.132603339850902557e-02
5.545441084109370422e-08,2.188663631677627563e-01,7.810884714126586914e-01,4.402721606311388314e-05,1.101931729863281362e-06
9.593696148613162222e-08,3.169020116329193115e-01,6.830665469169616699e-01,3.103583003394305706e-05,2.793150883917405736e-07
5.094935659144539386e-06,2.224803566932678223e-01,7.774426937103271484e-01,7.127047865651547909e-05,6.847604936410789378e-07
1.068245910573750734e-04,2.238558419048786163e-02,9.773244857788085938e-01,1.754858531057834625e-04,7.571866717626107857e-06
5.216778120598064561e-08,1.127041876316070557e-03,9.988710284233093262e-01,1.790770852494460996e-06,4.913457374300378433e-08
1.674519262451212853e-05,2.465838193893432617e-02,9.747790694236755371e-01,5.019942182116210461e-04,4.376820288598537445e-05
1.101803359659925263e-08,8.394268341362476349e-03,9.915798306465148926e-01,2.579527972557116300e-05,7.597407147841295227e-08
1.304467023288680139e-08,1.351593434810638428e-02,9.864808320999145508e-01,3.194757709934492595e-06,6.079061143360320330e-10
1.861867104935299722e-08,7.314980030059814453e-03,9.926846027374267578e-01,3.741996863482199842e-07,2.762661432953450458e-09
5.705736327854538104e-08,5.666082259267568588e-03,9.943336248397827148e-01,2.137068264573827037e-07,3.785075364248768892e-08
3.955120675414036668e-08,1.453960034996271133e-02,9.854601025581359863e-01,1.444200421474306495e-07,2.094184026191214798e-08
7.720931449739509844e-09,7.238968610763549805e-01,2.761026322841644287e-01,2.549054727296606870e-07,2.448215070671722060e-07
1.801900850750826066e-08,1.537708006799221039e-02,9.846227765083312988e-01,1.839690639826585539e-07,1.973752716821763897e-09
5.581101802931698330e-09,6.472097244113683701e-03,9.935278296470642090e-01,9.505230735840086709e-08,7.562714898767808336e-10
1.921503400836854780e-09,7.060440629720687866e-02,9.293953776359558105e-01,1.061609467001289886e-07,5.812486603140598618e-10
2.093241668887912965e-08,7.459975779056549072e-02,9.253964424133300781e-01,3.721904477060888894e-06,3.020107941509309057e-09
8.774605930739198811e-07,8.610327541828155518e-02,9.138636589050292969e-01,3.218898200429975986e-05,2.408213184423857456e-08
4.311978955229278654e-06,1.574805378913879395e-01,8.424961566925048828e-01,1.883032200566958636e-05,8.539469575907787657e-08
9.240663610398769379e-03,8.950564861297607422e-01,7.106971740722656250e-02,3.208401380106806755e-03,2.142466977238655090e-02
4.533458941580192914e-09,1.413803175091743469e-02,9.858618378639221191e-01,7.988573713646474062e-08,4.237353579128466663e-08
6.285530762539792704e-09,1.647266559302806854e-02,9.835268259048461914e-01,5.740711372936857515e-08,3.728428623617219273e-07
7.108637234409798111e-09,1.102466881275177002e-02,9.889752268791198730e-01,6.622330062100445502e-08,1.713169339723208395e-08
2.592483951957547106e-06,1.573981717228889465e-02,9.842569231986999512e-01,4.444778198831045302e-07,2.367649614143374492e-07
1.666349475271999836e-03,8.478409051895141602e-02,9.133937358856201172e-01,6.957609002711251378e-05,8.630737283965572715e-05
5.034856032580137253e-03,8.198674768209457397e-02,9.112105965614318848e-01,9.922770550474524498e-04,7.754401303827762604e-04
2.861799202946713194e-06,5.786788184195756912e-03,9.942044615745544434e-01,5.739260814152657986e-06,5.783419254612454097e-08
6.199211366464396633e-09,2.409910084679722786e-03,9.975898861885070801e-01,1.287530295712713269e-07,8.918843996674752361e-10
7.021997427969495220e-10,7.363449782133102417e-03,9.926365613937377930e-01,2.076100535930436308e-08,5.155936233514069045e-10
3.904143119903835668e-10,7.726155221462249756e-03,9.922738075256347656e-01,1.922112780050611036e-08,5.603413288923775326e-10
7.913500965628372796e-09,8.966502547264099121e-01,1.033484488725662231e-01,8.269782370007305872e-07,4.506032666995452018e-07
9.361288633158437733e-09,9.077920317649841309e-01,9.220295399427413940e-02,3.255833689763676375e-06,1.692445152912114281e-06
2.502558826833478633e-09,2.019648998975753784e-02,9.798033833503723145e-01,1.280494075217575300e-07,4.805952857900308572e-10
5.301179495376118211e-10,2.495155110955238342e-02,9.750484824180603027e-01,1.634019319851631735e-08,2.021772055327275552e-10
2.721131375782448458e-10,2.317392826080322266e-02,9.768260121345520020e-01,5.917879075667542565e-09,1.339977434566819170e-10
1.941911165204146528e-07,1.812537610530853271e-01,8.187436461448669434e-01,2.398224978605867364e-06,1.767567958665949845e-08
1.462619138692389242e-06,2.886353433132171631e-01,7.113441824913024902e-01,1.899551898532081395e-05,2.390794229256698600e-08
3.178616836407854862e-08,4.003274068236351013e-02,9.599633216857910156e-01,3.829748038697289303e-06,1.390720285598945338e-07
4.487950983067534594e-11,9.456925909034907818e-04,9.990527033805847168e-01,4.834698330569153768e-08,1.558304802529164590e-06
1.003683891553919239e-08,4.773329012095928192e-03,9.952257871627807617e-01,6.024274767923998297e-08,7.684855063416762277e-07
1.012189372318061942e-07,1.226954348385334015e-02,9.877297282218933105e-01,4.393766062094073277e-07,1.629858417118157377e-07
1.597955474608170334e-06,9.184544533491134644e-02,9.081490039825439453e-01,3.613587523432215676e-06,3.392798646473238477e-07
1.301291740674059838e-05,2.664356306195259094e-02,9.733316898345947266e-01,1.156993312179110944e-05,1.430411060709957383e-07
1.216237933476804756e-06,7.627190556377172470e-03,9.923528432846069336e-01,1.847033854573965073e-05,2.367328875152452383e-07
9.288159219522640342e-08,1.514058001339435577e-02,9.848206639289855957e-01,3.816602111328393221e-05,5.181285587241291068e-07
2.351269940845668316e-04,1.111691147089004517e-01,8.879114389419555664e-01,2.982343430630862713e-04,3.861226723529398441e-04
8.170896908268332481e-04,1.777812689542770386e-01,8.173196315765380859e-01,2.021832391619682312e-03,2.060056431218981743e-03
3.955262582167051733e-05,5.191007256507873535e-02,9.455810785293579102e-01,2.410719171166419983e-03,5.863153273821808398e-05
4.315549631428439170e-06,7.089371234178543091e-02,9.277560114860534668e-01,1.345224794931709766e-03,6.386304107763862703e-07
2.741113007687090430e-07,6.932749152183532715e-01,3.066612780094146729e-01,5.766877802670933306e-05,5.879752734472276643e-06
5.370726796627423028e-08,8.510221838951110840e-01,1.489672064781188965e-01,7.203735094662988558e-06,3.264199904151610099e-06
1.793153927565072081e-07,6.676167845726013184e-01,3.323551118373870850e-01,2.782736919471062720e-05,6.719115930309271789e-08
1.352711223034930299e-07,6.676658987998962402e-01,3.322751224040985107e-01,5.870639506611041725e-05,1.516207071006192564e-08
2.190220094178130239e-08,9.262163639068603516e-01,7.377562671899795532e-02,7.935104804346337914e-06,5.871590769146450839e-09
6.881456737772850829e-09,9.532365798950195312e-01,4.676239192485809326e-02,9.780288792171631940e-07,6.147215625418311902e-09
3.505411738657926435e-09,9.816870689392089844e-01,1.831225864589214325e-02,5.843342023581499234e-07,3.863736353082458663e-08
1.515966241427690875e-09,9.950017929077148438e-01,4.997709300369024277e-03,3.597789088871650165e-07,5.153945892288902542e-08
1.354669598718771795e-09,9.936709403991699219e-01,6.328541319817304611e-03,4.771134740622073878e-07,6.618781611678059562e-08
4.743780479543602269e-09,9.903511404991149902e-01,9.647913277149200439e-03,6.671696155535755679e-07,1.670730682690191315e-07
1.511488889605061559e-08,9.883375763893127441e-01,1.166094653308391571e-02,8.316516186823719181e-07,6.327239816528162919e-07
2.027009848859506747e-08,9.825381040573120117e-01,1.745907030999660492e-02,1.833594410527439322e-06,9.510484915153938346e-07
1.244465241967418478e-08,9.793561100959777832e-01,2.064023539423942566e-02,2.216519533249083906e-06,1.411250991623091977e-06
9.236515552402124740e-09,9.842317104339599609e-01,1.576533168554306030e-02,1.187066004604275804e-06,1.758887947289622389e-06
2.372531504590824625e-09,9.934401512145996094e-01,6.558372173458337784e-03,7.817950518074212596e-07,6.058911026229907293e-07
4.089846683541509265e-09,9.966303706169128418e-01,3.369174199178814888e-03,1.503176605410772027e-07,2.720479130857711425e-07
8.733360346013796516e-08,9.771894216537475586e-01,2.279565297067165375e-02,1.070935195457423106e-05,4.113294835406122729e-06
1.106514264392899349e-05,5.643133521080017090e-01,4.346828460693359375e-01,6.795991794206202030e-04,3.131516859866678715e-04
1.895880996016785502e-04,4.857400953769683838e-01,5.135307312011718750e-01,2.988259657286107540e-04,2.407813735771924257e-04
4.235998289914277848e-07,9.460483193397521973e-01,5.352163687348365784e-02,4.284819588065147400e-04,1.113423763854370918e-06
8.107561370707117021e-06,9.815619587898254395e-01,1.837011612951755524e-02,5.969746052869595587e-05,1.142171157653137925e-07
3.901282923379767453e-07,9.813384413719177246e-01,1.864589750766754150e-02,1.517110285931266844e-05,3.955526572951839626e-09
1.231266537615738343e-07,9.763872623443603516e-01,2.360774949193000793e-02,4.884798727289307863e-06,1.928663229122662415e-09
1.178895203679530823e-07,9.525407552719116211e-01,4.745103791356086731e-02,7.915181413409300148e-06,7.161043757974994151e-09
2.295380312489214703e-07,9.393712282180786133e-01,6.061979755759239197e-02,8.726983651285991073e-06,3.608079612860137786e-09
1.494895087716940907e-07,8.653301000595092773e-01,1.346669644117355347e-01,2.825753881552373059e-06,4.597592972999109406e-09
3.500876388784490700e-08,7.636893391609191895e-01,2.363086491823196411e-01,2.001021130126900971e-06,1.474246680288615607e-08
1.877898547775203042e-08,7.964732646942138672e-01,2.035252898931503296e-01,1.272275881092355121e-06,1.938676774670966552e-07
3.248512125963998187e-09,8.606091737747192383e-01,1.393867731094360352e-01,9.513959753348899540e-07,3.134695816697785631e-06
2.830113254859156768e-09,1.005147248506546021e-01,8.994846940040588379e-01,3.889562094627763145e-07,2.223753483576729195e-07
1.021675077872430393e-09,9.314670413732528687e-02,9.068521261215209961e-01,8.696570716892892960e-07,3.757330659936997108e-07
8.594260025862610064e-11,8.932700753211975098e-01,1.067240983247756958e-01,5.751583557866979390e-06,1.379755474317789776e-07
2.090758899342404220e-09,7.591309547424316406e-01,2.407954037189483643e-01,7.327600178541615605e-05,2.521657620491168927e-07
6.945144459535868009e-09,8.468448519706726074e-01,1.531400680541992188e-01,1.491311104473425075e-05,1.759457433081479394e-07
8.083368925326794852e-07,6.838964819908142090e-01,3.160931766033172607e-01,8.133869414450600743e-06,1.366195192531449720e-06
2.886681045310979243e-07,2.377042360603809357e-02,9.752143621444702148e-01,1.014283043332397938e-03,6.715813469782005996e-07
1.036953563016140833e-06,3.944663703441619873e-02,9.568203091621398926e-01,3.731378121301531792e-03,6.623135391237156000e-07
4.170750855791993672e-07,5.026527494192123413e-02,9.491260647773742676e-01,6.082303589209914207e-04,1.467320398518268121e-08
1.151177713154538651e-07,4.508888125419616699e-01,5.484736561775207520e-01,6.277729407884180546e-04,9.531474461255129427e-06
3.277141331636812538e-06,2.941417396068572998e-01,7.052937150001525879e-01,5.611173692159354687e-04,1.872004133929294767e-07
3.270381739639560692e-06,2.597370147705078125e-01,7.400263547897338867e-01,2.332851872779428959e-04,1.130771565271970758e-07
3.968017335864715278e-05,3.292520940303802490e-01,6.706156134605407715e-01,9.227114060195162892e-05,3.452299779382883571e-07
5.701360350940376520e-05,4.901887103915214539e-02,9.508916139602661133e-01,2.947549000964500010e-05,3.111363639618502930e-06
5.074281261840951629e-07,3.299200441688299179e-03,9.966934919357299805e-01,5.238994617684511468e-06,1.556216602693893947e-06
3.343996013427386060e-06,2.066315524280071259e-02,9.793055057525634766e-01,2.620346822368446738e-05,1.748488784869550727e-06
1.648018269406748004e-06,2.391092851758003235e-02,9.759611487388610840e-01,1.257236581295728683e-04,5.111753011988184880e-07
8.940672501921653748e-03,8.964521288871765137e-01,7.009699940681457520e-02,3.221835708245635033e-03,2.128835022449493408e-02
3.789402569509547902e-08,6.633623968809843063e-03,9.933612346649169922e-01,4.676196112995967269e-06,4.555528221317217685e-07
1.386451486951045808e-08,1.558095663785934448e-01,8.441891670227050781e-01,1.092126694857142866e-06,5.434149130678633810e-08
2.657019493312873237e-08,5.996535718441009521e-02,9.400345683097839355e-01,9.197229644541948801e-08,2.141703703273378778e-09
8.564208897610114946e-09,3.867837488651275635e-01,6.132161021232604980e-01,1.278772145951734274e-07,3.610358012551273532e-09
5.037818162634266628e-09,2.743409201502799988e-02,9.725657105445861816e-01,1.333109196366422111e-07,8.778258675512518039e-10
1.488683523120926111e-07,7.691345810890197754e-01,2.306766659021377563e-01,1.392720005242154002e-04,4.939116115565411747e-05
3.187576567142968997e-07,5.859761238098144531e-01,4.135742485523223877e-01,3.893999673891812563e-04,5.994637103867717087e-05
4.684487180384167004e-07,2.868135571479797363e-01,7.128811478614807129e-01,2.830228768289089203e-04,2.182860407629050314e-05
5.024481808391101367e-08,1.095388084650039673e-02,9.890438318252563477e-01,2.288729774591047317e-06,6.481481573672454033e-09
4.343494097724942549e-08,9.004760533571243286e-03,9.909870028495788574e-01,8.222695214499253780e-06,9.296431180416675488e-09
7.604162988172902260e-08,3.873035544529557228e-03,9.959575533866882324e-01,1.693128142505884171e-04,8.793433181608634186e-08
1.011725547783726142e-08,3.884821489918977022e-04,9.990236163139343262e-01,5.879382952116429806e-04,1.441296593185370511e-08
2.827162060015098177e-09,5.970204714685678482e-03,9.939934611320495605e-01,3.622840813477523625e-05,5.664768565338818007e-08
2.657291942043116251e-09,1.263507902622222900e-01,8.726077079772949219e-01,1.041249488480389118e-03,3.204713152626936790e-07
5.617863063633876664e-09,9.260182976722717285e-01,6.645121425390243530e-02,7.513365242630243301e-03,1.710974356683436781e-05
1.026040230556191091e-08,7.308278679847717285e-01,2.475832104682922363e-01,2.158543467521667480e-02,3.408405973459593952e-06
4.757943816713350316e-09,6.412464976310729980e-01,3.485219478607177734e-01,1.023101806640625000e-02,5.256989652480115183e-07
2.931525955318647902e-08,8.702363073825836182e-02,9.113160967826843262e-01,1.660263747908174992e-03,1.854332509765299619e-08
2.257569576613605022e-06,3.053710795938968658e-02,9.494438171386718750e-01,2.001681923866271973e-02,6.866640589464623190e-09
1.176935620605945587e-04,1.125215962529182434e-01,8.335536122322082520e-01,5.380670726299285889e-02,3.722172152720304439e-07
3.396889169948735798e-08,1.644224859774112701e-02,9.812470078468322754e-01,2.310660434886813164e-03,1.099484236988246266e-07
3.451467023296572734e-07,3.691526949405670166e-01,6.292368769645690918e-01,1.433914643712341785e-03,1.761731982696801424e-04
4.910138500235916581e-07,3.471740782260894775e-01,6.500052213668823242e-01,2.355875680223107338e-03,4.642390995286405087e-04
2.229369577833040239e-09,1.380104478448629379e-02,9.730117321014404297e-01,1.303335651755332947e-02,1.538099459139630198e-04
3.016411787015726986e-09,1.224866230040788651e-02,9.772575497627258301e-01,7.762518245726823807e-03,2.731335349380970001e-03
2.098410334383515874e-08,6.426699459552764893e-03,9.376613497734069824e-01,4.986846819519996643e-02,6.043498404324054718e-03
6.470293811844385345e-08,4.312105104327201843e-02,5.398301482200622559e-01,4.169762432575225830e-01,7.246500899782404304e-05
1.884259148710043519e-07,1.687147021293640137e-01,8.270715475082397461e-01,4.091890063136816025e-03,1.217130266013555229e-04
2.101056821857127943e-07,2.848062515258789062e-01,7.118665575981140137e-01,3.240446327254176140e-03,8.651586540509015322e-05
3.763190363770263502e-07,2.905109822750091553e-01,7.077040672302246094e-01,1.783035113476216793e-03,1.548200884826655965e-06
4.180054475000360981e-06,7.098793238401412964e-02,9.216310381889343262e-01,7.375745568424463272e-03,1.129680299527535681e-06
1.346715167164802551e-02,4.025687929242849350e-03,4.364098310470581055e-01,5.460786819458007812e-01,1.867970422608777881e-05
5.202871761866845191e-06,5.125776398926973343e-03,8.423739671707153320e-01,1.506315618753433228e-01,1.863455632701516151e-03
2.062847925117239356e-04,2.816266380250453949e-02,3.597114682197570801e-01,5.955262780189514160e-01,1.639337465167045593e-02
4.014695878140628338e-05,5.999567918479442596e-03,3.540316596627235413e-02,9.585135579109191895e-01,4.358887963462620974e-05
8.535061497241258621e-04,1.246837712824344635e-02,8.250320702791213989e-02,9.041302204132080078e-01,4.461417120182886720e-05
4.193736240267753601e-02,1.457645208574831486e-03,1.773843541741371155e-02,9.381282925605773926e-01,7.383102783933281898e-04
4.174977540969848633e-03,2.012268826365470886e-02,2.662728428840637207e-01,7.070419788360595703e-01,2.387519227340817451e-03
3.237813338637351990e-02,6.470401585102081299e-02,6.661354899406433105e-01,2.146349847316741943e-01,2.214733511209487915e-02
3.832760732620954514e-03,9.324122965335845947e-02,4.855692684650421143e-01,4.151560962200164795e-01,2.200667047873139381e-03
4.237938672304153442e-03,2.055075913667678833e-01,1.630768924951553345e-01,6.251248121261596680e-01,2.052814932540059090e-03
8.565651114622596651e-06,8.683048933744430542e-02,7.349789887666702271e-02,8.390319943428039551e-01,6.309985183179378510e-04
4.803367232852906454e-07,2.629518806934356689e-01,3.296453654766082764e-01,4.070009887218475342e-01,4.012908320873975754e-04
3.779756809763057390e-07,1.979473829269409180e-01,2.210215032100677490e-01,5.807411670684814453e-01,2.895204816013574600e-04
4.129732289470666728e-08,2.764719165861606598e-02,1.336261034011840820e-01,8.386485576629638672e-01,7.806604116922244430e-05
4.412161445088713663e-07,3.270280063152313232e-01,5.709600448608398438e-01,1.012685149908065796e-01,7.429600227624177933e-04
4.663205643851142668e-08,4.582335799932479858e-02,2.612622380256652832e-01,6.926848292350769043e-01,2.293596044182777405e-04
1.860447262913567101e-08,2.221402013674378395e-03,1.005799099802970886e-01,8.971936106681823730e-01,5.009702363167889416e-06
2.376658869707171107e-08,3.204776206985116005e-03,1.860786229372024536e-01,8.107116222381591797e-01,5.032275112171191722e-06
1.874535655588260852e-07,8.576000109314918518e-03,4.350125193595886230e-01,5.564093589782714844e-01,1.895973014143237378e-06
1.021908587972575333e-06,2.324813753366470337e-01,6.705505251884460449e-01,9.646400064229965210e-02,5.030704196542501450e-04
8.129529760481091216e-07,7.039489597082138062e-02,7.591244578361511230e-01,1.704766899347305298e-01,3.101563379459548742e-06
2.527022502363251988e-08,4.605741202831268311e-01,5.108035802841186523e-01,2.861754409968852997e-02,4.703003469330724329e-06
1.342419242433834370e-08,9.546619653701782227e-01,3.529246896505355835e-02,1.004335656762123108e-02,2.185102403018390760e-06
5.420182080939639491e-09,9.470005035400390625e-01,4.596729576587677002e-02,7.026041392236948013e-03,6.132018825155682862e-06
6.255058249138301107e-09,7.108920812606811523e-01,1.020466238260269165e-01,1.870471835136413574e-01,1.407606396242044866e-05
4.295763744721625699e-09,8.208282291889190674e-02,2.422745376825332642e-01,6.756159663200378418e-01,2.664684689079876989e-05
1.006571093142838436e-08,3.666520714759826660e-01,3.681589961051940918e-01,2.651489973068237305e-01,3.992462734458968043e-05
9.122606670075583679e-09,3.287703096866607666e-01,6.346650123596191406e-01,3.654570877552032471e-02,1.893422631837893277e-05
6.300126198510724862e-09,8.299157023429870605e-01,9.869876503944396973e-02,7.137177884578704834e-02,1.382093250867910683e-05
2.937935050795204006e-08,1.047270074486732483e-01,8.928256034851074219e-01,2.409284934401512146e-03,3.808526525972411036e-05
1.406420892635651398e-06,1.392880082130432129e-02,9.744083285331726074e-01,1.154743693768978119e-02,1.140681633842177689e-04
5.753854992462947848e-08,1.635967046022415161e-01,7.501898407936096191e-01,8.618012815713882446e-02,3.324080898892134428e-05
3.275147619774543273e-08,1.749009266495704651e-02,8.673214912414550781e-01,1.151611059904098511e-01,2.721589953580405563e-05
2.835950674295872886e-08,2.705126069486141205e-03,7.653275728225708008e-01,2.318413555622100830e-01,1.258466072613373399e-04
2.429385403956985101e-07,1.542401965707540512e-03,7.778747081756591797e-01,2.204251438379287720e-01,1.574544439790770411e-04
2.615566927488544025e-06,1.489376765675842762e-03,9.693946242332458496e-01,2.903651632368564606e-02,7.687186734983697534e-05
2.071306880679912865e-06,6.842187576694414020e-05,7.814013361930847168e-01,2.183807343244552612e-01,1.473906595492735505e-04
9.253783872509302455e-08,5.641051102429628372e-04,2.627236843109130859e-01,7.339608669281005859e-01,2.751316875219345093e-03
2.407680277372037381e-08,1.571906905155628920e-04,1.851507872343063354e-01,8.132622838020324707e-01,1.429775031283497810e-03
3.931848979732421867e-08,2.930873597506433725e-05,6.729444861412048340e-02,9.301268458366394043e-01,2.549398923292756081e-03
9.116678967302505043e-08,1.954193248820956796e-05,2.901511825621128082e-02,9.690651297569274902e-01,1.900138217024505138e-03
1.256783832559449365e-07,2.278666943311691284e-05,5.029091238975524902e-02,9.494794011116027832e-01,2.067304885713383555e-04
5.608776376675450592e-08,9.918734576785936952e-05,1.597256399691104889e-02,9.838709831237792969e-01,5.717586464015766978e-05
3.349057578816427849e-06,3.458354175090789795e-01,5.575461387634277344e-01,8.799039572477340698e-02,8.624756708741188049e-03
3.632072093751048669e-06,2.336483597755432129e-01,5.283647775650024414e-01,2.129658907651901245e-01,2.501737326383590698e-02
2.208470050391042605e-06,6.255234032869338989e-02,4.048521518707275391e-01,5.057916641235351562e-01,2.680157311260700226e-02
1.308697278545878362e-06,3.158197551965713501e-02,6.559939384460449219e-01,2.806023359298706055e-01,3.182044252753257751e-02
1.179631908598821610e-05,1.528192224213853478e-04,7.066473364830017090e-02,8.953536748886108398e-01,3.381691873073577881e-02
2.498089315849938430e-06,6.084487904445268214e-05,4.845093935728073120e-02,7.534431815147399902e-01,1.980425417423248291e-01
5.761962142969423439e-07,5.139944914844818413e-05,9.900646284222602844e-03,9.315412640571594238e-01,5.850595608353614807e-02
1.581322067067958415e-06,5.059274435043334961e-01,3.635390102863311768e-01,1.147811263799667358e-01,1.575089804828166962e-02
3.217150151613168418e-06,2.805626690387725830e-01,5.110580921173095703e-01,1.940528750419616699e-01,1.432316936552524567e-02
8.812902706267777830e-06,2.000370807945728302e-02,2.629878222942352295e-01,6.818650364875793457e-01,3.513459861278533936e-02
5.881670404050964862e-06,2.079464495182037354e-01,5.493837594985961914e-01,2.335234731435775757e-01,9.140443056821823120e-03
1.181140987682738341e-06,2.791873812675476074e-01,5.957598686218261719e-01,1.227600425481796265e-01,2.291518030688166618e-03
1.145893293141853064e-06,6.159055978059768677e-03,6.984951496124267578e-01,2.952753007411956787e-01,6.931561074452474713e-05
1.018174486944189994e-07,5.667785927653312683e-02,9.042166471481323242e-01,3.906627371907234192e-02,3.898092472809366882e-05
1.663211790514651511e-08,1.958091109991073608e-01,6.720918416976928711e-01,1.320668905973434448e-01,3.208887937944382429e-05
5.532095670446324220e-09,4.820495247840881348e-01,4.607903063297271729e-01,5.711307749152183533e-02,4.699741839431226254e-05
1.377326608320572632e-08,1.702989488840103149e-01,6.052740812301635742e-01,2.244000136852264404e-01,2.700479853956494480e-05
6.688938469778804574e-08,1.723499000072479248e-01,6.286793351173400879e-01,1.989471018314361572e-01,2.356458571739494801e-05
9.176483217743225396e-08,2.084202319383621216e-01,7.460132241249084473e-01,4.551823437213897705e-02,4.819449895876459777e-05
6.168135513462402741e-08,3.670783936977386475e-01,4.845083057880401611e-01,1.483204364776611328e-01,9.281249367631971836e-05
1.331524686065677088e-07,7.229320704936981201e-02,2.611868977546691895e-01,6.664611697196960449e-01,5.861090539838187397e-05
8.978403087667174987e-08,3.615729883313179016e-02,5.815944075584411621e-01,3.822178244590759277e-01,3.038055729120969772e-05
9.532863742833797005e-08,2.587117254734039307e-02,3.307717740535736084e-01,6.433165073394775391e-01,4.051763244206085801e-05
5.467335029152309289e-08,3.117026202380657196e-02,5.112771987915039062e-01,4.575293660163879395e-01,2.318248698429670185e-05
1.397941407077496478e-08,1.190891955047845840e-02,4.405346810817718506e-01,5.475044846534729004e-01,5.185180998523719609e-05
1.506742464130184089e-08,5.562967155128717422e-03,4.651471972465515137e-01,5.292412042617797852e-01,4.864898437517695129e-05
4.193670122276671464e-08,8.658871985971927643e-03,8.123020529747009277e-01,1.789894104003906250e-01,4.954377800459042192e-05
1.047160083089693217e-07,7.838687859475612640e-03,8.832268714904785156e-01,1.087730899453163147e-01,1.613183267181739211e-04
1.703203764691352262e-07,2.826678799465298653e-03,8.573612570762634277e-01,1.392834037542343140e-01,5.284132785163819790e-04
2.124992306562489830e-07,1.331281149759888649e-03,9.601600766181945801e-01,3.831726685166358948e-02,1.911745639517903328e-04
5.834588137076934800e-07,1.259383425349369645e-04,3.316016197204589844e-01,6.668283939361572266e-01,1.443503191694617271e-03
2.538133969665068435e-07,1.354656797047937289e-05,1.098748892545700073e-01,8.881501555442810059e-01,1.961222849786281586e-03
2.741764001257251948e-05,1.136466380557976663e-04,1.259964406490325928e-01,8.485287427902221680e-01,2.533365599811077118e-02
1.696064573479816318e-04,1.695617356745060533e-05,4.008451476693153381e-02,9.527412056922912598e-01,6.987729109823703766e-03
1.466453886678209528e-05,2.202102950832340866e-05,1.720116585493087769e-01,8.102831244468688965e-01,1.766850426793098450e-02
1.726877712826535571e-06,2.293598226970061660e-04,4.481608867645263672e-01,5.030721426010131836e-01,4.853587225079536438e-02
7.138910405046772212e-07,4.021355562144890428e-05,5.757022500038146973e-01,2.441336065530776978e-01,1.801231950521469116e-01
1.587237932199059287e-07,2.918154350481927395e-04,7.684319615364074707e-01,8.911812305450439453e-02,1.421578973531723022e-01
3.600540139814256690e-06,7.460140477633103728e-05,1.519216150045394897e-01,4.984245300292968750e-01,3.495755791664123535e-01
1.596456627339648549e-06,6.005257091601379216e-05,1.409738510847091675e-02,5.958052352070808411e-02,9.262605309486389160e-01
1.474392888667352963e-06,4.085929322172887623e-05,8.304401487112045288e-02,2.326462864875793457e-01,6.842672824859619141e-01
7.055453806970035657e-06,1.471609448344679549e-05,4.078090488910675049e-01,1.445447802543640137e-01,4.476244151592254639e-01
2.003232339120586403e-06,4.723755046143196523e-05,1.717570275068283081e-01,2.701143361628055573e-02,8.011822700500488281e-01
5.500502993527334183e-06,4.100313890376128256e-05,3.846412003040313721e-01,2.349421381950378418e-02,5.918180942535400391e-01
4.684053749315353343e-07,6.419011697289533913e-06,8.886069804430007935e-02,1.378322858363389969e-02,8.973491787910461426e-01
2.063928150164429098e-06,1.944357609318103641e-05,5.121534466743469238e-01,1.503510624170303345e-01,3.374740183353424072e-01
4.449095456493523670e-07,1.408230582455871627e-05,2.406848371028900146e-01,1.910061948001384735e-02,7.402000427246093750e-01
3.107853672190685757e-07,1.084938994608819485e-04,8.518677949905395508e-01,4.187221825122833252e-02,1.061511933803558350e-01
6.135200436574450578e-08,3.203637606929987669e-05,8.694788813591003418e-01,5.626719444990158081e-03,1.248622611165046692e-01
1.350827858459524577e-07,6.091466639190912247e-05,9.375396966934204102e-01,2.021273225545883179e-02,4.218643531203269958e-02
9.510281415714416653e-06,2.559147542342543602e-04,7.471987009048461914e-01,2.486845850944519043e-02,2.276673763990402222e-01
8.519401490048039705e-06,1.114639308070763946e-04,8.464365005493164062e-01,7.928804308176040649e-02,7.415542751550674438e-02
5.541957762034144253e-06,1.207101231557317078e-04,7.507175803184509277e-01,1.256403923034667969e-01,1.235158666968345642e-01
5.760745807492639869e-06,9.958590380847454071e-04,3.214063644409179688e-01,2.183685638010501862e-02,6.557550430297851562e-01
7.867880412959493697e-06,2.543577866163104773e-04,5.016850829124450684e-01,2.078533172607421875e-02,4.772673547267913818e-01
8.075552614172920585e-06,7.321606244659051299e-05,6.470423936843872070e-01,3.870098665356636047e-02,3.141753375530242920e-01
2.206823637607158162e-06,2.528504431247711182e-01,7.410845756530761719e-01,3.811386413872241974e-03,2.251322148367762566e-03
1.305545993091072887e-06,2.650949656963348389e-01,7.312039732933044434e-01,2.073913346976041794e-03,1.625817734748125076e-03
1.750535943756403867e-06,4.346066713333129883e-01,5.608260035514831543e-01,3.024215344339609146e-03,1.541407196782529354e-03
7.315073276004113723e-07,2.283108234405517578e-01,7.699195742607116699e-01,4.623952263500541449e-04,1.306530670262873173e-03
8.000509410521772224e-07,1.432055956684052944e-03,9.964941740036010742e-01,2.985234605148434639e-04,1.774423872120678425e-03
1.294027424592059106e-05,3.557276213541626930e-04,9.004892706871032715e-01,1.293930038809776306e-02,8.620277047157287598e-02
1.099518976843683049e-05,3.098536108154803514e-04,6.236690878868103027e-01,1.352124009281396866e-02,3.624886870384216309e-01
2.827212256306665950e-06,1.756558194756507874e-04,8.679802417755126953e-01,7.372654508799314499e-03,1.244686171412467957e-01
7.877619937062263489e-03,2.276095561683177948e-02,7.075129151344299316e-01,1.920886151492595673e-02,2.426396310329437256e-01
1.120926160365343094e-02,4.649731144309043884e-02,8.579213023185729980e-01,1.175572723150253296e-02,7.261641323566436768e-02
1.907771639525890350e-02,3.546256944537162781e-02,8.501080870628356934e-01,1.079926267266273499e-02,8.455231040716171265e-02
9.897468239068984985e-02,6.044802442193031311e-02,6.547651290893554688e-01,1.586409658193588257e-02,1.699479967355728149e-01
1.939978264272212982e-02,2.314699813723564148e-02,8.111222982406616211e-01,1.525798253715038300e-02,1.310729682445526123e-01
3.468659240752458572e-03,1.316307857632637024e-02,9.326102137565612793e-01,9.934146888554096222e-03,4.082390293478965759e-02
3.675371408462524414e-04,3.067558445036411285e-02,9.254904389381408691e-01,3.641287563368678093e-03,3.982520848512649536e-02
8.664770983159542084e-03,9.000383019447326660e-01,6.643261760473251343e-02,3.110209712758660316e-03,2.175412327051162720e-02
8.845159783959388733e-03,8.973327279090881348e-01,6.920778751373291016e-02,3.188843373209238052e-03,2.142531983554363251e-02
1.605960307642817497e-03,7.051663938909769058e-03,9.421862959861755371e-01,2.308254363015294075e-03,4.684771597385406494e-02
3.361812531948089600e-01,1.467282138764858246e-02,9.728508442640304565e-02,1.744657056406140327e-03,5.501161813735961914e-01
6.009302102029323578e-03,1.799368299543857574e-02,7.500280737876892090e-01,3.445660986471921206e-04,2.256243526935577393e-01
4.209281469229608774e-04,4.791786521673202515e-02,7.500523328781127930e-01,9.566338121658191085e-05,2.015132009983062744e-01
2.223831135779619217e-03,4.843287169933319092e-01,5.033571720123291016e-01,8.203181205317378044e-04,9.269967675209045410e-03
4.159944073762744665e-04,5.002007484436035156e-01,4.962351322174072266e-01,6.664745742455124855e-04,2.481589093804359436e-03
2.949276822619140148e-04,3.566665649414062500e-01,6.189543604850769043e-01,1.013924193102866411e-04,2.398283965885639191e-02
1.219761092215776443e-03,2.280156463384628296e-01,7.346038222312927246e-01,3.665862022899091244e-04,3.579417616128921509e-02
6.942589534446597099e-04,2.348158955574035645e-01,7.461140155792236328e-01,1.126654969993978739e-04,1.826310344040393829e-02
4.602864792104810476e-04,2.703377306461334229e-01,7.262881398200988770e-01,1.584804340382106602e-05,2.897989470511674881e-03
4.091224400326609612e-05,7.491335272789001465e-01,2.491216361522674561e-01,2.714495349209755659e-05,1.676725456491112709e-03
2.110419794917106628e-02,7.542204260826110840e-01,2.234863936901092529e-01,1.669422490522265434e-04,1.021999865770339966e-03
4.244156589265912771e-04,8.333396911621093750e-01,1.637693792581558228e-01,1.315380504820495844e-04,2.334876218810677528e-03
1.413124409737065434e-04,8.018893599510192871e-01,1.939208358526229858e-01,2.368062996538355947e-05,4.024816211313009262e-03
2.388225169852375984e-03,3.702803552150726318e-01,5.864458680152893066e-01,1.654515799600630999e-04,4.072007536888122559e-02
8.989448659121990204e-03,9.010455012321472168e-01,6.509858369827270508e-02,3.004847560077905655e-03,2.186153270304203033e-02
1.218249201774597168e-01,6.881456971168518066e-01,1.735164970159530640e-01,4.209921462461352348e-05,1.647077314555644989e-02
6.322798132896423340e-01,2.280816584825515747e-01,1.239976137876510620e-01,9.627025428926572204e-05,1.554461382329463959e-02
4.343577623367309570e-01,2.059167027473449707e-01,2.018805146217346191e-01,2.770903520286083221e-04,1.575680226087570190e-01
4.168472886085510254e-01,1.949106305837631226e-01,1.375647634267807007e-01,2.710138214752078056e-04,2.504062950611114502e-01
1.541023999452590942e-01,9.258653968572616577e-02,1.059810295701026917e-01,4.364954947959631681e-04,6.468935012817382812e-01
9.061310440301895142e-03,8.948355317115783691e-01,7.149093598127365112e-02,3.256440861150622368e-03,2.135579288005828857e-02
1.921193115413188934e-02,1.988322287797927856e-01,1.242817491292953491e-01,1.654560794122517109e-03,6.560195088386535645e-01
9.069034829735755920e-03,8.945285677909851074e-01,7.178411632776260376e-02,3.263406455516815186e-03,2.135488204658031464e-02
3.169732168316841125e-02,9.836974740028381348e-02,7.629518955945968628e-02,2.160392235964536667e-03,7.914772629737854004e-01
1.759711056947708130e-01,1.799902878701686859e-02,1.263783872127532959e-01,3.676101565361022949e-02,6.428904533386230469e-01
2.294156327843666077e-02,1.350852549076080322e-01,3.814108073711395264e-01,7.195355743169784546e-02,3.886089324951171875e-01
9.999262690544128418e-01,3.485432671368471347e-06,1.858599489423795603e-06,4.483964949031360447e-05,2.365009277127683163e-05
