1.354550931864650920e-05,9.985015392303466797e-01,9.620294440537691116e-04,1.020428862830158323e-05,5.127206677570939064e-04
1.010479445540113375e-05,9.640570878982543945e-01,4.880691703874617815e-04,4.040761632495559752e-05,3.540422767400741577e-02
5.376192007133795414e-07,9.022748470306396484e-01,3.337340895086526871e-03,1.228278997587040067e-04,9.426441788673400879e-02
3.619652773068082752e-07,9.990447163581848145e-01,2.900746185332536697e-04,2.563789894338697195e-05,6.392090581357479095e-04
1.543682799365342362e-07,9.991331100463867188e-01,5.714784492738544941e-04,4.130506931687705219e-05,2.538730914238840342e-04
1.191761039081029594e-04,8.393983244895935059e-01,3.158230707049369812e-02,6.377109885215759277e-02,6.512913852930068970e-02
1.827167861456757691e-09,9.985166788101196289e-01,1.358305569738149643e-03,2.689335997274611145e-05,9.800382395042106509e-05
5.170213215888175284e-11,9.993647336959838867e-01,5.921908305026590824e-04,5.860053533979225904e-06,3.713751357281580567e-05
1.475605922174327844e-11,9.996076226234436035e-01,3.836783580482006073e-04,2.991880819536163472e-06,5.751539902121294290e-06
2.398387322077866202e-10,9.992423057556152344e-01,4.499754577409476042e-04,4.158837327850051224e-06,3.035766421817243099e-04
5.427079341480123276e-10,9.999086260795593262e-01,5.779226557933725417e-05,1.719840156511054374e-06,3.185942114214412868e-05
1.846129221716452662e-10,9.997951984405517578e-01,1.961825910257175565e-04,2.285647497046738863e-06,6.316734470601659268e-06
1.186149529530666769e-04,8.400894999504089355e-01,3.125882521271705627e-02,6.371181458234786987e-02,6.482128798961639404e-02
1.457161336038126365e-10,9.999731779098510742e-01,2.232227052445523441e-05,2.429311223295371747e-07,4.306098617234965786e-06
3.476730847662423685e-10,9.999394416809082031e-01,4.742293094750493765e-05,2.959482969799864804e-07,1.291009994019987062e-05
8.848187182941558149e-10,9.996833801269531250e-01,3.090768295805901289e-04,5.985887582937721163e-06,1.585963104844267946e-06
1.157814955021763126e-10,9.999641180038452148e-01,3.302767436252906919e-05,1.384583896424373961e-07,2.788893880278919823e-06
1.291412310422401788e-09,9.999213218688964844e-01,4.475851892493665218e-05,3.001115373990614899e-07,3.359003676450811327e-05
1.670013793919622458e-09,9.996296167373657227e-01,3.256169147789478302e-04,1.007848595691029914e-06,4.384975545690394938e-05
1.190720431623049080e-04,8.396217226982116699e-01,3.148419409990310669e-02,6.375958770513534546e-02,6.501538306474685669e-02
6.039112321332140709e-09,9.998624324798583984e-01,7.103664393071085215e-05,6.605725957342656329e-07,6.577187741640955210e-05
1.192049676319584250e-04,8.394654989242553711e-01,3.158980235457420349e-02,6.373402476310729980e-02,6.509150564670562744e-02
4.417026189251771484e-10,9.996472597122192383e-01,3.101527981925755739e-04,5.045679927206947468e-07,4.209014514344744384e-05
1.191815608763135970e-04,8.391987681388854980e-01,3.136337921023368835e-02,6.410420686006546021e-02,6.521443277597427368e-02
3.013328198075981845e-10,9.999575614929199219e-01,3.683635077322833240e-05,1.822947268692587386e-07,5.326055998011725023e-06
7.169448590360616436e-09,9.999584555625915527e-01,3.537837983458302915e-05,1.323770959515968570e-07,5.983952632959699258e-06
1.129841820102228667e-08,9.999576210975646973e-01,3.028183346032164991e-05,1.557819473418931011e-07,1.194379638036480173e-05
6.790915385579410213e-09,9.999674558639526367e-01,2.439454692648723722e-05,1.399679717906110454e-06,6.724814738845452666e-06
1.690866557879644461e-09,9.999837279319763184e-01,1.485764823883073404e-05,1.804119875714604859e-07,1.083484107766707893e-06
1.197288293042220175e-04,8.388848900794982910e-01,3.184612467885017395e-02,6.384062021970748901e-02,6.530865281820297241e-02
6.782552741668723684e-09,9.998567700386047363e-01,1.366617507301270962e-04,2.828614498184833792e-08,6.557167580467648804e-06
1.336576247012999374e-06,9.960809946060180664e-01,2.343811327591538429e-03,5.243138293735682964e-04,1.049437094479799271e-03
5.598179142474180026e-10,9.998315572738647461e-01,1.554717164253816009e-04,6.469997515523573384e-08,1.282834818994160742e-05
3.608604259852654650e-08,9.998611211776733398e-01,1.263215672224760056e-04,7.872586138546466827e-08,1.237427932210266590e-05
1.800405491358958443e-09,9.999256134033203125e-01,2.731913627940230072e-05,1.133248161977462587e-07,4.691994399763643742e-05
4.994815867576107848e-07,9.934128522872924805e-01,1.131313852965831757e-03,2.129821106791496277e-03,3.325409255921840668e-03
2.719868064104957739e-08,9.998431205749511719e-01,1.550502929603680968e-04,4.569061573533872433e-08,1.789766997717379127e-06
1.294556852826644899e-07,9.991905689239501953e-01,4.482357471715658903e-04,1.538797187095042318e-05,3.456930571701377630e-04
1.916057641437873826e-07,9.993679523468017578e-01,3.576855524443089962e-04,9.671667066868394613e-05,1.773978729033842683e-04
1.198132449644617736e-04,8.387287855148315430e-01,3.192652016878128052e-02,6.386341154575347900e-02,6.536151468753814697e-02
3.127897274524116256e-09,9.998266696929931641e-01,1.732411910779774189e-04,1.455837672637017022e-08,8.654973981947478023e-08
2.654165220938864422e-10,9.998641014099121094e-01,1.358886074740439653e-04,7.337549678965160638e-09,5.814829062700255236e-09
3.042607832348664942e-11,9.999892711639404297e-01,1.075283580576069653e-05,8.802922835116078204e-10,3.994402864027080113e-10
5.513150352909335083e-11,9.999395608901977539e-01,6.040259177098050714e-05,1.336637289739428525e-08,1.896405921186783416e-09
1.707706919666998613e-13,9.999446868896484375e-01,5.532845534617081285e-05,1.865495757868984583e-09,3.671046244768660927e-10
1.992164029226972666e-13,9.999315142631530762e-01,6.842637230874970555e-05,1.035026286899665138e-09,8.672576545798449388e-11
6.589930966367785192e-13,9.998561143875122070e-01,1.438609324395656586e-04,3.401399828462103869e-09,1.251534320623193253e-09
9.145117822739745606e-12,9.999775290489196777e-01,2.245948962809052318e-05,2.481516547803153117e-09,1.505278818259014884e-10
7.367431109628341801e-10,9.998281002044677734e-01,1.716862607281655073e-04,8.072863977304223226e-08,1.872219357323956501e-08
1.378108183125448249e-10,9.994120597839355469e-01,5.879234522581100464e-04,1.432253160515983836e-08,1.175266461928003991e-08
1.193810894619673491e-04,8.393986821174621582e-01,3.160633519291877747e-02,6.373912841081619263e-02,6.513641774654388428e-02
6.834298127422755442e-10,9.999355673789978027e-01,6.436995317926630378e-05,4.306036416323877347e-08,5.532770686045296316e-09
7.760717068983069566e-10,9.993323087692260742e-01,6.674184696748852730e-04,2.255685416230335250e-07,2.804065957207058091e-08
1.171491094282828271e-04,8.442908525466918945e-01,3.122401423752307892e-02,6.105534359812736511e-02,6.331264972686767578e-02
6.504128347017967826e-10,9.998242259025573730e-01,1.757144636940211058e-04,3.203406606644421117e-08,5.093376032050400681e-08
3.937289960731504834e-08,9.935945272445678711e-01,6.398900412023067474e-03,4.856359510085894726e-07,5.960822363704210147e-06
1.221527412553768954e-07,9.945294857025146484e-01,5.240322090685367584e-03,1.170785253634676337e-04,1.128510994021780789e-04
1.229937263147462545e-10,9.998072981834411621e-01,1.927564881043508649e-04,3.160565142934501637e-08,2.622330441681697266e-08
2.198537359110463996e-11,9.999021291732788086e-01,9.776335355127230287e-05,6.975523092478397302e-08,1.130956484018952324e-08
2.992302450743541953e-14,9.999806880950927734e-01,1.929082827700767666e-05,2.916277219711105317e-09,2.068320098524978334e-10
1.152676777564920485e-04,8.457682728767395020e-01,3.169283270835876465e-02,5.983130261301994324e-02,6.259237974882125854e-02
4.523792907114299044e-13,9.999922513961791992e-01,7.775193807901814580e-06,3.017385807879691129e-08,3.089587696791795679e-09
5.411811068180803763e-14,9.999963045120239258e-01,3.703355105244554579e-06,3.578349172528305644e-09,6.687579934272491755e-10
2.799916602822666301e-13,9.999796152114868164e-01,2.034700082731433213e-05,5.375048850453367777e-09,8.663040840239943918e-10
3.031816537732955064e-14,9.999701976776123047e-01,2.984276579809375107e-05,5.688582938034869585e-10,3.392761072085193064e-10
1.670554292771894711e-14,9.999825954437255859e-01,1.741101732477545738e-05,5.531874069930609039e-09,2.700404788669175105e-09
6.891457517762145796e-15,9.999943971633911133e-01,5.546240117837442085e-06,2.916605401637184514e-09,2.043552826958006108e-10
4.234424090662422535e-14,9.999943971633911133e-01,5.630009127344237641e-06,9.686211832615754247e-09,4.989152424528242591e-10
4.908927268582746750e-14,9.999945163726806641e-01,5.427359610621351749e-06,6.586086787052636282e-09,5.988730067407743718e-10
3.264585257396583617e-14,9.999969601631164551e-01,2.992842382809612900e-06,3.626791311717170174e-09,1.305075353341678124e-10
2.036933142502469346e-14,9.999990463256835938e-01,1.011535687212017365e-06,1.676156768937175912e-09,8.848469873479203329e-11
8.679608443919965138e-15,9.999989271163940430e-01,1.098085931516834535e-06,6.906225591407633146e-10,6.654315987120185127e-11
3.111846243468614770e-14,9.999978542327880859e-01,2.194830813095904887e-06,6.714048761402580112e-10,9.137712114748453018e-11
1.166579684144363610e-14,9.999989271163940430e-01,1.098840129998279735e-06,4.380195650632856541e-10,4.746608314731837197e-11
3.097408058662896868e-15,9.999993443489074707e-01,6.285986842158308718e-07,2.736234849809449088e-10,3.456509731214474357e-11
4.194233393754742689e-14,9.999988079071044922e-01,1.196461880681454204e-06,1.134477511932630023e-09,2.681484756461571806e-10
1.653080003070038495e-14,9.999995231628417969e-01,4.464119456315529533e-07,5.986092177501234346e-10,1.417072847953448900e-10
8.357548729681987809e-15,9.999993443489074707e-01,6.451805916185548995e-07,5.471804676027147707e-10,9.831815916960806589e-11
4.300524170173895822e-14,9.999993443489074707e-01,6.394787988028838299e-07,1.091992829493904082e-09,1.792137410694394362e-10
2.722782157344675463e-14,9.999996423721313477e-01,3.141404079087806167e-07,4.413328869024013557e-10,1.201099775194336416e-10
3.245506348479448855e-14,9.999971985816955566e-01,2.696396904866560362e-06,7.329489237761777076e-10,1.057557721950708185e-10
5.389057730338479846e-14,9.999946355819702148e-01,5.351758318283827975e-06,1.073405475615629712e-09,5.545771133985688550e-11
3.385391468026244244e-14,9.999933242797851562e-01,6.630154075537575409e-06,1.938214477803512636e-09,4.056985650202626914e-11
1.051528045951759249e-13,9.999909400939941406e-01,9.022083759191446006e-06,4.467049397050004700e-09,1.305849733901354170e-10
1.087069616181185472e-13,9.999802112579345703e-01,1.979455009859520942e-05,3.744345722367370399e-09,1.037599381414899824e-10
1.795042521741951891e-13,9.999896287918090820e-01,1.036726553138578311e-05,7.305807070423497862e-09,9.859741495477081230e-11
6.283172333115816244e-12,9.999781250953674316e-01,2.182983371312730014e-05,1.491124024255441327e-08,2.199034510041997237e-09
2.446227664876232666e-10,9.989005327224731445e-01,1.093632890842854977e-03,1.392286179680013447e-07,5.732483259635046124e-06
1.374502067719163279e-09,9.975582361221313477e-01,2.212292980402708054e-03,1.829063990044232924e-06,2.276615414302796125e-04
2.352950723150115664e-09,9.988430738449096680e-01,9.958315640687942505e-04,6.554354513355065137e-06,1.545262639410793781e-04
5.059875088364584883e-11,9.997262358665466309e-01,2.687729720491915941e-04,1.311795017500116955e-06,3.664614041554159485e-06
2.933862708331957947e-09,9.973115921020507812e-01,2.657051431015133858e-03,2.329984636162407696e-05,8.019396773306652904e-06
6.033617494516363422e-10,9.757291674613952637e-01,2.425793930888175964e-02,1.125505241361679509e-05,1.568826178299786989e-06
8.743113871778618318e-11,9.836902618408203125e-01,1.628823205828666687e-02,1.874464214779436588e-05,2.739381670835427940e-06
8.321759253915317345e-11,9.843837022781372070e-01,1.559354551136493683e-02,2.138167110388167202e-05,1.410335926266270690e-06
8.011460418677618378e-12,9.899120330810546875e-01,1.008330937474966049e-02,4.260560217517195269e-06,3.322990096421563067e-07
2.950808000723448288e-11,9.693507552146911621e-01,3.064369969069957733e-02,5.279269316815771163e-06,2.480967964402225334e-07
9.483498188134209528e-12,9.927465915679931641e-01,7.252242416143417358e-03,1.053590494848322123e-06,5.532140434638677107e-08
1.709918491521467132e-11,9.905254840850830078e-01,9.473142214119434357e-03,1.301533188780013006e-06,4.784537566138169495e-08
1.323987308676777275e-10,9.876974821090698242e-01,1.229619793593883514e-02,6.261596809054026380e-06,8.369510595684914733e-08
1.805283977862615075e-10,9.840361475944519043e-01,1.594131439924240112e-02,2.142032826668582857e-05,1.101555540117260534e-06
2.345912700207897217e-11,9.973809123039245605e-01,2.611864358186721802e-03,6.725571438437327743e-06,4.259485706370469416e-07
5.757831017527692552e-11,9.931470751762390137e-01,6.829247809946537018e-03,2.184216100431513041e-05,1.830264523050573189e-06
8.878139196033529856e-11,9.939478635787963867e-01,6.036980077624320984e-03,1.396184870827710256e-05,1.127648147303261794e-06
1.075216304879944573e-10,9.935784935951232910e-01,6.383096333593130112e-03,3.780106999329291284e-05,5.408306265053397510e-07
2.345157956717969228e-10,9.985907673835754395e-01,1.374518033117055893e-03,3.443340028752572834e-05,2.664963858478586189e-07
3.067379406029857591e-10,9.971926808357238770e-01,2.717042341828346252e-03,8.995086682261899114e-05,3.180183227868838003e-07
1.055907472569117544e-09,9.928470849990844727e-01,7.067954167723655701e-03,8.410698501393198967e-05,7.323177442231099121e-07
2.624735984113613085e-09,9.921413064002990723e-01,7.679189555346965790e-03,1.787508663255721331e-04,7.171404945438553113e-07
1.062886778591121129e-09,9.986094236373901367e-01,1.350229606032371521e-03,4.015829108539037406e-05,2.161405774359081988e-07
2.261428683203448031e-10,9.989750385284423828e-01,1.015543239191174507e-03,9.388141734234523028e-06,1.460939280661932571e-08
5.822170523472891546e-11,9.975599050521850586e-01,2.434765454381704330e-03,5.294399670674465597e-06,8.399010376081150753e-09
1.206210908932803250e-09,9.855363965034484863e-01,1.446025352925062180e-02,2.902674623328493908e-06,4.274913010249292711e-07
2.567971613132158382e-09,9.557344317436218262e-01,4.423818364739418030e-02,6.862650934635894373e-06,2.053069147223141044e-05
5.703724992311975939e-11,9.987788796424865723e-01,1.219838974066078663e-03,1.243236283698934130e-06,1.159220985869069409e-07
1.273726458507484782e-12,9.999759197235107422e-01,2.404732913419138640e-05,4.851603208066990192e-08,3.663846656620783904e-11
4.205783291078013519e-11,9.995080232620239258e-01,4.914941382594406605e-04,4.306679386445466662e-07,3.555537420041332553e-09
2.390092984638769735e-11,9.997224211692810059e-01,2.773901796899735928e-04,7.084128839096592856e-08,6.811471942036462224e-10
1.096671364830825723e-11,9.999532699584960938e-01,4.668262772611342371e-05,1.126919180194363435e-08,2.435320278770802815e-10
2.267581305018251392e-12,9.999935626983642578e-01,6.398182904376881197e-06,4.084958593608689625e-09,5.063350780321052014e-11
1.638707073682577064e-12,9.999988079071044922e-01,1.139041160058695823e-06,1.327130738637549712e-09,1.364819195159849841e-11
7.227374081153481455e-13,9.999996423721313477e-01,3.329331264012580505e-07,5.639901323739593408e-10,5.180032184443073007e-12
5.218616337676618144e-13,9.999998807907104492e-01,9.335705897228763206e-08,2.564715106956327872e-10,1.626305101871949876e-12
2.698293791094513727e-13,1.000000000000000000e+00,3.326577768802962964e-08,1.315180742089694377e-10,6.020078099217007761e-13
2.623919961516896215e-13,1.000000000000000000e+00,3.748520427393486898e-08,1.069487276517122609e-10,1.507849075634004610e-12
2.665962340209909742e-13,1.000000000000000000e+00,2.771238882814941462e-08,9.079079155149827329e-11,1.180035019351932668e-12
3.772481730213855800e-13,1.000000000000000000e+00,2.778510932444078207e-08,7.670884066834915416e-11,6.133757781204285386e-13
3.519466348130689815e-13,1.000000000000000000e+00,1.798830773225290613e-08,1.001279337220495336e-10,5.067374471423580218e-13
3.938917605712105585e-13,1.000000000000000000e+00,1.046037656493581380e-08,1.190866710798488270e-10,4.739981736105736143e-13
5.189532614399694488e-13,1.000000000000000000e+00,1.426685702909935571e-08,8.152136604655524366e-11,5.703447154663254803e-13
4.912142199074709392e-13,1.000000000000000000e+00,1.093454393696902116e-08,1.309688468786873727e-10,2.984420707525387018e-13
1.177108215587308049e-12,1.000000000000000000e+00,1.481807476721996863e-08,2.810295329780387874e-10,4.700251689596091076e-13
5.273760486472489628e-13,1.000000000000000000e+00,1.879909028446036245e-08,2.278895822049875619e-10,8.700302305854334950e-13
9.421689773844721394e-13,1.000000000000000000e+00,2.492009620880253351e-08,4.294401778626166788e-10,1.550700757038669941e-12
4.563495848569631974e-12,1.000000000000000000e+00,4.387080920764674374e-08,8.637401904820762866e-10,3.046333801534628627e-12
1.180197693045892393e-11,9.999998807907104492e-01,1.219060266066662734e-07,4.488948768255340838e-09,5.333587738132195000e-12
3.262484466609594236e-12,9.999998807907104492e-01,9.484024587891326519e-08,4.382086249421490720e-09,3.197478740113446349e-12
1.076436140744208014e-12,9.999998807907104492e-01,6.395473661768846796e-08,5.433648642139132789e-09,1.395815212544559980e-12
4.883798443780507093e-13,9.999997615814208984e-01,2.821110456352471374e-07,1.752846223723736330e-08,8.971348837427672862e-12
7.312498046321835865e-13,9.999980330467224121e-01,1.582427898938476574e-06,3.857288106701162178e-07,2.090694006806614880e-10
1.872221724440875645e-13,9.999912977218627930e-01,7.698033186898101121e-06,9.474446187596186064e-07,1.761729928606570184e-10
8.928059680446409629e-12,9.998751878738403320e-01,1.243906590389087796e-04,3.621279063281690469e-07,1.137990590649451406e-09
4.754992510846989262e-10,9.968527555465698242e-01,3.144510788843035698e-03,2.638447767822071910e-06,3.893074662641993200e-08
4.707705891782154595e-10,9.998291730880737305e-01,1.706007169559597969e-04,1.825191304760664934e-07,1.068921395841471167e-08
4.065919823048602666e-10,9.998630285263061523e-01,1.362702751066535711e-04,7.204068310784350615e-07,4.687100929601228927e-09
1.082370651439568121e-10,9.996566772460937500e-01,3.431299410294741392e-04,2.758736172836506739e-07,2.884050331886101048e-09
3.453193026664580501e-12,9.999872446060180664e-01,1.276877355849137530e-05,1.167259888745775243e-08,1.795404797055866197e-10
4.782775737954825246e-12,9.999953508377075195e-01,4.594071469909977168e-06,1.543321204167114047e-08,7.206018420857773776e-11
7.819042288637056970e-12,9.999955892562866211e-01,4.400808848004089668e-06,1.460596443791928323e-08,1.574894104017232621e-10
3.965430848268391983e-12,9.999958276748657227e-01,4.164520760241430253e-06,6.217316439460773836e-09,2.656221353980470212e-10
3.319339161172996100e-12,9.999973773956298828e-01,2.587748667792766355e-06,6.021353637919446555e-09,2.842500401722958259e-10
3.124333040546711793e-12,9.999946355819702148e-01,5.410460744315059856e-06,6.208132674601074541e-09,1.634023888419378068e-10
1.946465558178012145e-12,9.999864697456359863e-01,1.351800892734900117e-05,1.345192490731506041e-08,9.172046455674376375e-10
6.486418607093424882e-12,9.999729394912719727e-01,2.703840073081664741e-05,2.541959887025768694e-08,2.275044819199933954e-09
1.348249723670535971e-11,9.999812841415405273e-01,1.871374297479633242e-05,1.092903900712371978e-08,7.424279524492760629e-10
2.587863083547414789e-11,9.999847412109375000e-01,1.529302426206413656e-05,2.028313339508258650e-08,5.452187590293533503e-10
5.237327585505546779e-11,9.999655485153198242e-01,3.440622094785794616e-05,4.013055132645604317e-08,2.165776002982511272e-09
6.313821687697895868e-11,9.999088048934936523e-01,9.109245002036914229e-05,9.214367224785746657e-08,3.697293804449941490e-09
6.834490612339649829e-11,9.998456239700317383e-01,1.541944511700421572e-04,6.683059439183125505e-08,4.241556439410487656e-09
7.676475427542683860e-11,9.998597502708435059e-01,1.399323518853634596e-04,3.211597174868074944e-07,1.161134965954602194e-09
8.217829888801375660e-11,9.997592568397521973e-01,2.404303086223080754e-04,3.630453022651636275e-07,8.986429378410321078e-10
8.726020600535733251e-11,9.996017813682556152e-01,3.978380991611629725e-04,3.221004476472444367e-07,7.337994101241918088e-10
2.162975909492104165e-10,9.967837333679199219e-01,3.213644027709960938e-03,2.561352403063210659e-06,9.632373787482606531e-10
2.667797649458236720e-10,9.982662200927734375e-01,1.732621807605028152e-03,1.095503421311150305e-06,6.146051445554689963e-10
2.533543687344153028e-11,9.993199110031127930e-01,6.782786222174763680e-04,1.798470862013346050e-06,1.053290565877773588e-09
8.943109273962246419e-12,9.976838827133178711e-01,2.302100881934165955e-03,1.402554607921047136e-05,1.923178949425619066e-09
6.587591028228700907e-10,9.791411757469177246e-01,2.059577219188213348e-02,2.625921915750950575e-04,3.697167301197623601e-07
5.060126682110421825e-07,9.356619715690612793e-01,6.120708584785461426e-02,2.979561919346451759e-03,1.508447749074548483e-04
2.028754579441738315e-06,9.458705186843872070e-01,4.411207139492034912e-02,7.141389884054660797e-03,2.873899182304739952e-03
3.945736352761741728e-06,9.634125232696533203e-01,3.156933560967445374e-02,4.114282317459583282e-03,8.999346755445003510e-04
1.711821934202717443e-10,9.997602105140686035e-01,1.996994978981092572e-04,3.959776586270891130e-05,5.030257170801633038e-07
2.468678039768690269e-11,9.999905824661254883e-01,9.040506483870558441e-06,3.718170091815409251e-07,5.694140714496143119e-10
7.354776510037908110e-11,9.999896883964538574e-01,9.687233614386059344e-06,5.536523985938401893e-07,2.420110334355740633e-09
5.783101428291637092e-11,9.999971389770507812e-01,2.667647777343518101e-06,1.833007843288214644e-07,2.674590549034405740e-09
3.909446377736713885e-11,9.999721646308898926e-01,2.720715383475180715e-05,6.245812755878432654e-07,3.843968698902244796e-09
2.632219442411098953e-10,9.999250173568725586e-01,7.398789603030309081e-05,9.398035558660922106e-07,3.471810927635488042e-08
4.797865993388938932e-10,9.998245239257812500e-01,1.745396730257198215e-04,8.412486636188987177e-07,3.311239638037477562e-08
2.135600307706653211e-10,9.998994469642639160e-01,1.000882330117747188e-04,3.912703334663092392e-07,9.337144390997309529e-09
3.037720630594265003e-10,9.998807907104492188e-01,1.186685767606832087e-04,4.681530469952122075e-07,5.547438064468224184e-09
3.843070653375413315e-11,9.999508857727050781e-01,4.891042772214859724e-05,1.959334241519172792e-07,4.677391252094764695e-10
7.968454021622939365e-12,9.999806880950927734e-01,1.916715700644999743e-05,7.230963205984153319e-08,1.143307185036412932e-10
5.986120453493892768e-12,9.999909996986389160e-01,8.941096893977373838e-06,5.069639641419598775e-08,1.449662612174051901e-10
5.713303528193103276e-12,9.999896883964538574e-01,1.008247181744081900e-05,8.109919491516848211e-08,2.663979037365038494e-10
3.107693269388533963e-11,9.999921321868896484e-01,7.767300303385127336e-06,1.251204935215355363e-07,1.415163874973757174e-09
1.215220979400299939e-10,9.999885559082031250e-01,1.136003083956893533e-05,1.504684092878960655e-07,1.348845257709285761e-09
4.652537730076566902e-11,9.999966621398925781e-01,3.211436251149279997e-06,1.153745046167387045e-07,4.942873332858255253e-10
3.881827845275687139e-11,9.999967813491821289e-01,3.097117996730958112e-06,7.292237569345161319e-08,2.534961129896373677e-10
8.269177877162636747e-12,9.999991059303283691e-01,8.527616728315479122e-07,3.919128133134108793e-08,3.430258507797212530e-11
2.520366380875938006e-11,9.999990463256835938e-01,7.826783416930993553e-07,7.189349560121627292e-08,1.157282880637211520e-10
4.226861569089912507e-11,9.999990463256835938e-01,8.702909894964250270e-07,8.790481587084286730e-08,7.953775138513918819e-11
8.142159863000486553e-11,9.999992847442626953e-01,6.102403631302877329e-07,9.719955329501317465e-08,1.750675993061889812e-10
4.571541201148221489e-10,9.999984502792358398e-01,1.118197360483463854e-06,5.362223873817129061e-07,7.074641983351170893e-10
3.260503256274915884e-10,9.999982118606567383e-01,1.118199520533380564e-06,6.953343358873098623e-07,7.666396961703014767e-10
1.165381124934583568e-10,9.999958872795104980e-01,1.871474864856281783e-06,2.185094217566074803e-06,4.185102486786718146e-09
5.658086152382502121e-11,9.999701976776123047e-01,1.561496537760831416e-05,1.418240572093054652e-05,4.804207520692216349e-08
1.114974432225857015e-11,9.996803998947143555e-01,2.783807867672294378e-04,4.082891246071085334e-05,3.059314792608347489e-07
4.723457180944024003e-09,9.923959374427795410e-01,6.961160339415073395e-03,6.348803872242569923e-04,7.933620508993044496e-06
4.740207781850358515e-09,9.994333386421203613e-01,4.431175766512751579e-04,1.215804222738370299e-04,1.978949967451626435e-06
6.994140822058625417e-10,9.996232986450195312e-01,3.009749925695359707e-04,7.566175190731883049e-05,4.120196805956766184e-08
8.723408106980912180e-11,9.998415112495422363e-01,1.317032438237220049e-04,2.680985562619753182e-05,4.951975185463197704e-08
2.276739734241584046e-11,9.998915195465087891e-01,9.669121209299191833e-05,1.182803043775493279e-05,2.316282632364163874e-08
4.453418744887471803e-10,9.999071359634399414e-01,8.230930689023807645e-05,1.052370953402714804e-05,1.654028203290636156e-08
5.486801568643784321e-10,9.996453523635864258e-01,3.475871344562619925e-04,7.022085355856688693e-06,1.661100412775340374e-08
2.423466982648392332e-10,9.998051524162292480e-01,1.922657393151894212e-04,2.407485226285643876e-06,2.154595932779557188e-07
1.885172018489811308e-09,9.996373653411865234e-01,3.548762761056423187e-04,5.708212484023533762e-06,1.967065827557235025e-06
5.071832287484312474e-09,9.998700022697448730e-01,1.261856232304126024e-04,2.260566361655946821e-06,1.589259227330330759e-06
1.082654077499967116e-09,9.998277425765991211e-01,1.701727014733478427e-04,5.175136834623117466e-07,1.547201577523082960e-06
2.210999827667592399e-09,9.996340274810791016e-01,3.572694258764386177e-04,7.649265171494334936e-06,1.036312937685579527e-06
6.253948470202885801e-09,9.991630315780639648e-01,8.068828028626739979e-04,2.763939846772700548e-05,2.438939191051758826e-06
1.403284333179044552e-08,9.992624521255493164e-01,7.303418824449181557e-04,6.126594598754309118e-06,1.138720676863158587e-06
1.623413581341992540e-08,9.993912577629089355e-01,6.036758422851562500e-04,3.304041229057474993e-06,1.756346819092868827e-06
2.149311173482715276e-09,9.994390010833740234e-01,5.504457512870430946e-04,9.714702173369005322e-06,8.615622277829970699e-07
1.744596800357101074e-09,9.992815852165222168e-01,7.034640293568372726e-04,1.393596085108583793e-05,1.077328761311946437e-06
1.365721535862007840e-09,9.989454746246337891e-01,1.031198771670460701e-03,2.271920675411820412e-05,5.543487304748850875e-07
2.807647170310900719e-11,9.987391829490661621e-01,1.239862525835633278e-03,2.097511242027394474e-05,1.135027893894857698e-08
1.351382894476671481e-11,9.990487694740295410e-01,9.450952638871967793e-04,6.075787041481817141e-06,1.920675174460484413e-09
1.873917965244942252e-10,9.965621829032897949e-01,3.369550220668315887e-03,6.835952081019058824e-05,1.149452444337839552e-08
3.373932466743667646e-09,9.784017205238342285e-01,1.968198642134666443e-02,1.916107954457402229e-03,2.288028042585210642e-07
5.477934217346103196e-10,9.345751404762268066e-01,6.521953642368316650e-02,2.046511799562722445e-04,6.635963814005663153e-07
1.271610090043395758e-04,8.320563435554504395e-01,2.913198061287403107e-02,6.985543668270111084e-02,6.882905215024948120e-02
2.228132567339002890e-09,9.983407258987426758e-01,1.551346154883503914e-03,8.872486796462908387e-05,1.912689367600250989e-05
9.803780187667143764e-08,9.529985785484313965e-01,4.680604860186576843e-02,1.917425979627296329e-04,3.447287554081412964e-06
3.906126089248118660e-09,9.966880083084106445e-01,3.131532110273838043e-03,1.799876190489158034e-04,3.690375365295039956e-07
1.048330089403748389e-09,9.833174943923950195e-01,9.262676350772380829e-03,7.418965455144643784e-03,7.609418162246583961e-07
5.509271511217050943e-11,9.997007250785827637e-01,1.894667948363348842e-04,1.096312334993854165e-04,1.729193996879985207e-07
1.199312038568933758e-10,9.997212886810302734e-01,2.451008476782590151e-04,3.340497642057016492e-05,3.155046499614400091e-07
7.832719195466353312e-11,9.998370409011840820e-01,1.404414506396278739e-04,2.234874773421324790e-05,7.716430161508469610e-08
1.715845937555471323e-10,9.999704360961914062e-01,1.103391878132242709e-05,1.852161585702560842e-05,3.533964942903367046e-08
1.433159702024511262e-09,9.999953508377075195e-01,3.393910446902737021e-06,1.151423020928632468e-06,1.204358142103956197e-07
3.433454631718291239e-10,9.999943971633911133e-01,4.522592462308239192e-06,9.479761047259671614e-07,1.181404982730782649e-07
6.882631270466177398e-11,9.999974966049194336e-01,2.125524360963026993e-06,3.162803920986334560e-07,8.858086708585233282e-09
1.989432923954481680e-10,9.999810457229614258e-01,1.600208815943915397e-05,2.912535137511440553e-06,8.621971403499628650e-08
6.126526369554241569e-11,9.999815821647644043e-01,1.546680141473188996e-05,2.820108420564793050e-06,9.186478244771478785e-09
4.018410604267330655e-11,9.999862909317016602e-01,9.224610039382241666e-06,4.190196250419830903e-06,3.479389647509378847e-07
3.815287669128863968e-11,9.999762177467346191e-01,1.936383705469779670e-05,4.265633833711035550e-06,1.031369301074391842e-08
2.197510229340338128e-11,9.999840259552001953e-01,1.290613545279484242e-05,2.949619783976231702e-06,2.863786541240642691e-08
6.958436604698192696e-11,9.999928474426269531e-01,6.014195150783052668e-06,1.130984628616715781e-06,3.936621695288522460e-08
2.999207869905373691e-12,9.999985694885253906e-01,1.173819441646628547e-06,2.191677452856310993e-07,3.564602391037396956e-09
6.329614350014667323e-12,9.999997615814208984e-01,1.470369284106709529e-07,1.746666242752326070e-07,1.246612768568411411e-08
2.501350238048871688e-10,9.998174905776977539e-01,1.731157499307300895e-05,1.366462383884936571e-04,2.852242505468893796e-05
7.282978907452442030e-12,9.999996423721313477e-01,1.955091590843949234e-07,1.776319038526708027e-07,6.308940481147828905e-09
2.380911093280424495e-11,9.999993443489074707e-01,2.569275068253773497e-07,3.516303479500493268e-07,2.239548102522803674e-08
2.200622496728588118e-11,9.999928474426269531e-01,5.150919150764821097e-06,1.801174221327528358e-06,1.623273675477321376e-07
5.830671362394568291e-11,9.999791383743286133e-01,1.619726390345022082e-05,4.644161890610121191e-06,6.234526495063619222e-08
2.129584286691965644e-10,9.999610185623168945e-01,1.839227661548648030e-05,2.043560016318224370e-05,1.577510460037956364e-07
3.037083362578130163e-10,9.997268319129943848e-01,3.597895556595176458e-05,2.346751425648108125e-04,2.470837216606014408e-06
3.892430128216162188e-11,9.999808073043823242e-01,5.912004326091846451e-06,1.274824626307236031e-05,5.224657115832087584e-07
1.255274911793335946e-10,9.999535679817199707e-01,2.237666376458946615e-05,2.249230601591989398e-05,1.407817649123899173e-06
1.274277461327244509e-09,9.999478459358215332e-01,1.087092732632299885e-05,2.652517105161678046e-05,1.480354785599047318e-05
4.389480778854704113e-09,9.978908896446228027e-01,6.279681692831218243e-04,1.466628047637641430e-03,1.451210027880733833e-05
1.955959660904227349e-08,9.956085085868835449e-01,1.632098457776010036e-03,2.757877577096223831e-03,1.480708533563301899e-06
7.297409343465233178e-09,9.987164735794067383e-01,2.705469087231904268e-04,1.012985245324671268e-03,7.662370649086369667e-08
2.284741951186219922e-09,9.996120929718017578e-01,1.273722409678157419e-05,3.749633324332535267e-04,1.063019681168952957e-07
2.032895096704123716e-08,9.992697834968566895e-01,4.916602847515605390e-06,7.215936202555894852e-04,3.685189767566043884e-06
2.235147400497794479e-09,9.989961981773376465e-01,3.351463647049968131e-06,9.232765878550708294e-04,7.719032873865216970e-05
6.737065572082201470e-09,9.998257160186767578e-01,1.344115389656508341e-06,1.314035180257633328e-04,4.158577576163224876e-05
7.279403191340350077e-10,9.999118447303771973e-01,1.062643696059240028e-05,4.986877320334315300e-05,2.762819894996937364e-05
4.538059372727332175e-10,9.999263286590576172e-01,2.592888267827220261e-05,3.693294638651423156e-05,1.078337663784623146e-05
6.654496953473199028e-10,9.997866153717041016e-01,1.708568452158942819e-04,5.069973667559679598e-06,3.733289486262947321e-05
2.172974439274000247e-10,9.997883439064025879e-01,1.722073939163237810e-04,1.497867651778506115e-05,2.440946445858571678e-05
1.080332906466807685e-10,9.996379613876342773e-01,3.234451869502663612e-04,3.716752689797431231e-05,1.390733018524770159e-06
9.721220356473381230e-11,9.997149109840393066e-01,2.731636341195553541e-04,1.135298134613549337e-05,5.322630727278010454e-07
4.341179082878454665e-10,9.995624423027038574e-01,3.855797403957694769e-04,5.073144347989000380e-05,1.213549921885714866e-06
9.166865183596328848e-11,9.997499585151672363e-01,2.272060519317165017e-04,2.257049891341011971e-05,3.455689352449553553e-07
8.565637782398383138e-11,9.996742010116577148e-01,2.860696986317634583e-04,3.903691322193481028e-05,5.954342441327753477e-07
8.626251102317183950e-11,9.998399019241333008e-01,1.452066353522241116e-04,1.477087334933457896e-05,1.412371801734479959e-07
6.096326776727778451e-10,9.995061159133911133e-01,4.774196131620556116e-04,1.630228689464274794e-05,1.221229268821844016e-07
4.263252861846922315e-09,9.292719960212707520e-01,6.730308383703231812e-02,3.329097991809248924e-03,9.584903455106541514e-05
4.539368880784877547e-09,8.770447969436645508e-01,1.216658577322959900e-01,1.231741160154342651e-03,5.761012653238140047e-05
2.071512028578581521e-08,7.271826267242431641e-01,2.705566585063934326e-01,2.140421885997056961e-03,1.203015635837800801e-04
2.306789355088767479e-07,5.611507296562194824e-01,4.012652039527893066e-01,3.647299855947494507e-02,1.110818586312234402e-03
6.730684987132917740e-08,8.060950040817260742e-01,1.742996573448181152e-01,1.953468844294548035e-02,7.059637573547661304e-05
3.351359509906615131e-07,1.961929798126220703e-01,3.733549416065216064e-01,4.247081577777862549e-01,5.743579007685184479e-03
2.201285980163447675e-07,6.816005706787109375e-02,3.543735146522521973e-01,5.739406347274780273e-01,3.525625448673963547e-03
1.182917941378036630e-07,6.814293563365936279e-02,4.369006156921386719e-01,4.914935231208801270e-01,3.462790744379162788e-03
2.391123814504680922e-07,8.357475697994232178e-02,5.826510787010192871e-01,3.318113386631011963e-01,1.962512033060193062e-03
4.582860313462333579e-08,1.490266900509595871e-02,4.868294298648834229e-01,4.945654273033142090e-01,3.702442394569516182e-03
2.085712549160234630e-05,8.522070050239562988e-01,1.120109707117080688e-01,3.570018336176872253e-02,6.095842763897962868e-05
1.745739609759766608e-06,6.263362765312194824e-01,3.305211067199707031e-01,4.306444898247718811e-02,7.643092976650223136e-05
3.711373892656411044e-06,7.944962382316589355e-01,1.329402923583984375e-01,7.248849421739578247e-02,7.122827810235321522e-05
3.897415808751247823e-05,1.253640055656433105e-01,2.394704371690750122e-01,6.350423097610473633e-01,8.424666884820908308e-05
5.098197107145097107e-06,7.327996939420700073e-02,5.451618507504463196e-02,8.721598386764526367e-01,3.884147008648142219e-05
1.833381134019873571e-06,1.159802377223968506e-01,5.177345499396324158e-02,8.321932554244995117e-01,5.116679312777705491e-05
3.245844709454104304e-06,7.025265097618103027e-01,4.733297228813171387e-02,2.501040101051330566e-01,3.310076499474234879e-05
1.514565894922270672e-07,5.596784949302673340e-01,1.975761055946350098e-01,2.427174448966979980e-01,2.776377732516266406e-05
1.615179634484320559e-08,6.519905328750610352e-01,2.576481699943542480e-01,9.035836905241012573e-02,2.939706519100582227e-06
4.839615996843349421e-08,6.440637111663818359e-01,2.289826124906539917e-01,1.269512921571731567e-01,2.318506176379742101e-06
1.001647618181777943e-07,8.464119397103786469e-03,1.750668138265609741e-01,8.164673447608947754e-01,1.590982037669164129e-06
2.484065575458771491e-08,3.604745725169777870e-03,6.967303901910781860e-02,9.267206788063049316e-01,1.552265075588366017e-06
6.124700746568123577e-08,1.363152116537094116e-01,4.931818321347236633e-02,8.143656849861145020e-01,7.661482754883763846e-07
2.294753009834948898e-08,5.086708068847656250e-01,1.151387542486190796e-01,3.761881887912750244e-01,2.249990984637406655e-06
1.154710904671674143e-08,2.255094051361083984e-01,8.565211296081542969e-02,6.888365149497985840e-01,1.981493824132485315e-06
4.215505278182263282e-09,2.507723309099674225e-02,2.512388303875923157e-02,9.497980475425720215e-01,7.511283115491096396e-07
1.665081406088120275e-08,1.242169588804244995e-01,4.382145777344703674e-02,8.319599628448486328e-01,1.494346975050575566e-06
3.790074742937576957e-08,1.440498232841491699e-01,7.397311925888061523e-02,7.819748520851135254e-01,2.082888840959640220e-06
4.989878288341742518e-09,6.466535478830337524e-02,1.261226832866668701e-01,8.092074394226074219e-01,4.535628249868750572e-06
1.690298900847153618e-09,1.084051188081502914e-02,2.776773646473884583e-03,9.863824248313903809e-01,2.363617994660671684e-07
1.410617622710219621e-09,1.492709154263138771e-03,1.626676996238529682e-03,9.968805313110351562e-01,1.295459668426701683e-07
1.184790821007197792e-09,6.896551698446273804e-03,1.249430817551910877e-03,9.918537139892578125e-01,1.772313851233775495e-07
3.377199959686549846e-07,2.381931617856025696e-02,6.082307547330856323e-03,9.699376821517944336e-01,1.603483251528814435e-04
2.538184551426070357e-09,2.455261535942554474e-03,9.398843394592404366e-05,9.974507093429565430e-01,2.048596847714634350e-08
3.382553792619091837e-09,1.473103417083621025e-03,1.639262336539104581e-04,9.983628392219543457e-01,3.430361772416290478e-08
4.233859374203063908e-10,4.965230473317205906e-04,6.373749329213751480e-06,9.994970560073852539e-01,1.976375330059454427e-08
2.492556383515420748e-08,6.780242919921875000e-02,2.329819253645837307e-04,9.319642782211303711e-01,3.302171478480886435e-07
1.675055116834300861e-08,5.345018580555915833e-03,9.617354226065799594e-05,9.945580363273620605e-01,6.666131184829282574e-07
1.925104659017407016e-10,8.141133934259414673e-03,1.043588054017163813e-05,9.918428063392639160e-01,5.683009476342704147e-06
3.700170170262140346e-10,7.118041161447763443e-03,8.241372597694862634e-06,9.928686618804931641e-01,4.994732989871408790e-06
1.186905684846806253e-09,4.096223786473274231e-02,4.947550405631773174e-05,9.589599370956420898e-01,2.821183261403348297e-05
1.278347150357461715e-10,4.947665729559957981e-04,1.755026772798373713e-07,9.995050430297851562e-01,9.983098436805448728e-08
7.234239873810111021e-10,5.569352768361568451e-03,5.849550689163152128e-06,9.944169521331787109e-01,7.921283213363494724e-06
2.142303001662071438e-10,4.589554737322032452e-05,1.723607567782892147e-07,9.999537467956542969e-01,1.921375059055208112e-07
6.861937129620798714e-10,1.837087438616435975e-05,5.715637030334619340e-08,9.999815225601196289e-01,5.506601041815883946e-08
1.239107805304229259e-04,8.305644989013671875e-01,3.081227093935012817e-02,7.003901153802871704e-02,6.846033781766891479e-02
4.868139669156335003e-08,2.007155489991419017e-05,7.017556526989210397e-07,9.999791383743286133e-01,8.012409580260282382e-08
3.327788045126567340e-09,3.776910307351499796e-05,1.993316800508182496e-08,9.999622106552124023e-01,2.080246375157912553e-08
6.685656916971538521e-09,7.693054620176553726e-03,3.407356416573747993e-06,9.922581911087036133e-01,4.531959712039679289e-05
6.261416940489539229e-10,6.191996817506151274e-07,1.469368932083270352e-10,9.999993443489074707e-01,2.895619966025719805e-09
3.004432813646928935e-10,4.480326936118217418e-07,1.703178292844498287e-10,9.999995231628417969e-01,2.083207606418113755e-09
1.144181971390878516e-10,3.740962313258933136e-07,8.456839395432069750e-11,9.999996423721313477e-01,1.872547805703561608e-08
7.432539583795971794e-10,7.754374382784590125e-05,3.262708503370959079e-08,9.999188184738159180e-01,3.523519126247265376e-06
9.190013194881885283e-10,5.188744580664206296e-06,3.676864368529209059e-09,9.999929070472717285e-01,1.749214334267890081e-06
9.520934041162831818e-10,4.451794950455223443e-07,1.329131249505621781e-10,9.999995231628417969e-01,1.432089202779707193e-08
7.244319033539170505e-10,8.489968422509264201e-06,1.852843212191146449e-09,9.999912977218627930e-01,2.792349391711468343e-07
4.911026030285370325e-10,2.073936684610089287e-07,1.757018419645817175e-10,9.999997615814208984e-01,1.774184887892715778e-08
4.871237302417341652e-10,2.927214097780961310e-07,1.915683861541950250e-10,9.999997615814208984e-01,2.497289930403212566e-09
1.345615174841441330e-09,2.871403012250084430e-06,4.034702016930680202e-10,9.999971389770507812e-01,2.131341858557789237e-08
3.232761003335582473e-10,3.370692184034851380e-06,2.088696993141070379e-10,9.999966621398925781e-01,5.389587798276807007e-08
3.581194507606966226e-10,1.733925842017924879e-06,1.806448185481812629e-10,9.999982118606567383e-01,1.023569584646111252e-08
2.953440603192802882e-09,6.206088528415421024e-06,3.968090855899220060e-10,9.999937415122985840e-01,4.960785560115255066e-08
6.506920002813387782e-10,8.651000484860560391e-07,1.393863774401538080e-10,9.999991059303283691e-01,1.022160933672466854e-08
2.069350912847767177e-09,1.103248223444097675e-06,1.502347413140370236e-10,9.999989271163940430e-01,1.569821250768654863e-08
1.567567520233126288e-09,1.279274101761984639e-06,1.830505191868780912e-10,9.999986886978149414e-01,2.533832699214144668e-08
1.092140711200784153e-09,1.998526613533613272e-06,3.448602514666276875e-10,9.999979734420776367e-01,5.555350313102280779e-08
3.884110810759011656e-10,1.214353346767893527e-06,6.152205828113821440e-11,9.999988079071044922e-01,8.161775255643988203e-09
7.382397471111801224e-10,7.899868705862900242e-07,1.394544479893511379e-10,9.999991059303283691e-01,1.916120595524262171e-08
1.498398960464442098e-09,1.153800553765904624e-06,2.533844523089356926e-10,9.999988079071044922e-01,1.513857661450401793e-08
2.316913327859992933e-09,1.001899363473057747e-06,3.489466493533655012e-10,9.999990463256835938e-01,2.850549485344799905e-08
1.816358974338072585e-08,8.257299555225472432e-07,1.073792388339711579e-09,9.999988079071044922e-01,2.864503585442434996e-07
1.115311731858525945e-09,3.667891803615930257e-07,5.045018292015868155e-10,9.999996423721313477e-01,2.424828871028239519e-08
1.394039189639428855e-10,7.500974561480688863e-07,7.725188488905132544e-09,9.999992847442626953e-01,5.514417811269822778e-09
4.401450870439305163e-10,7.333220128202810884e-05,3.598420335038099438e-07,9.999223947525024414e-01,3.936257598979864269e-06
2.190301412463568909e-10,2.368813738939934410e-06,1.171620578332976947e-08,9.999957084655761719e-01,1.892065938591258600e-06
9.644659293428503588e-09,6.500067684100940824e-08,9.796577771226111508e-09,9.999982118606567383e-01,1.682814172454527579e-06
4.350025228916365450e-09,1.120203521054463636e-07,1.032195839911764779e-08,9.999979734420776367e-01,1.916325345518998802e-06
6.011883213474789045e-10,2.641286300786305219e-07,7.210084618236578535e-08,9.999984502792358398e-01,1.246742499461106490e-06
4.630893168933170045e-10,1.028327687890850939e-06,7.771845957904588431e-07,9.999971389770507812e-01,1.063862896444334183e-06
5.201531427800887286e-10,1.420907574356533587e-05,5.242873157840222120e-06,9.999594092369079590e-01,2.122477053490001708e-05
1.481660394375694523e-08,8.810590952634811401e-02,7.607075385749340057e-04,9.097042083740234375e-01,1.429214724339544773e-03
5.539951608568571828e-09,2.808458730578422546e-02,4.800697206519544125e-04,9.709644913673400879e-01,4.708101914729923010e-04
9.171363668514231904e-10,4.295260645449161530e-03,3.433952806517481804e-04,9.953281879425048828e-01,3.315966023365035653e-05
4.151733623558584441e-09,7.147470954805612564e-03,1.086589065380394459e-03,9.917643666267395020e-01,1.534609396003361326e-06
2.055135617240466672e-09,7.064530625939369202e-03,2.349057613173499703e-04,9.926943778991699219e-01,6.149476575956214219e-06
2.827300893404327553e-10,5.096041597425937653e-03,8.679751772433519363e-05,9.948068261146545410e-01,1.027957569021964446e-05
5.540572445283942216e-10,1.004777186608407646e-05,1.690771398443757789e-07,9.999893903732299805e-01,4.010489647043868899e-07
1.519768311197822186e-08,7.391302915493724868e-06,2.067846935460693203e-06,9.999899268150329590e-01,5.948955958956503309e-07
7.967680915044184076e-08,4.401682417665142566e-06,2.178172053390881047e-06,9.999929070472717285e-01,4.182772102012677351e-07
3.822655969543120591e-07,1.587673182257276494e-06,9.061144737643189728e-06,9.999874830245971680e-01,1.501962174188520294e-06
1.476139543932220022e-09,6.670680363640713040e-08,9.922422883335002552e-09,9.999976158142089844e-01,2.245795712951803580e-06
5.488130505604260634e-10,2.612889147712849081e-06,1.070570032624118539e-08,9.999971985816955566e-01,9.279128931893865229e-08
1.892304757333818088e-09,1.259134023712249473e-05,3.169040141415280232e-08,9.999866485595703125e-01,6.655643574049463496e-07
1.225627332956946702e-08,2.199298743121858024e-09,7.915504918187821204e-10,9.999998807907104492e-01,1.444890642687823856e-07
1.701520879748841253e-08,1.227067558673411440e-09,3.256465097578598034e-09,9.999995231628417969e-01,4.782368705491535366e-07
1.538535743250690757e-09,2.166912205225912658e-09,3.547063531783578583e-09,9.999998807907104492e-01,1.392636761465837481e-07
2.953687017193118436e-10,2.666180307642207481e-06,3.565486350609603505e-09,9.999971985816955566e-01,6.346599690232324065e-08
3.715913687862837378e-10,6.127330834715394303e-06,6.091808391062158989e-09,9.999931454658508301e-01,6.521703994621930178e-07
1.617814882060031323e-09,7.639740147169504780e-07,2.599168880124125280e-09,9.999991059303283691e-01,7.523215828086904367e-08
2.701754597822514370e-09,2.476645249771536328e-06,1.478470412763499553e-08,9.999973773956298828e-01,1.039377650613459991e-07
3.061722653185938725e-09,1.955411335075041279e-06,1.687732087418680749e-08,9.999979734420776367e-01,7.644648292171041248e-08
3.757134880988388659e-10,4.680606480178539641e-07,1.490867207465385036e-09,9.999995231628417969e-01,2.635723994615091215e-08
6.878694142065100436e-11,1.487203462602337822e-07,2.922016240081148908e-10,9.999998807907104492e-01,1.754214196125758463e-08
1.547523081901758246e-10,3.372652201960590901e-07,6.787661543938838804e-10,9.999996423721313477e-01,1.609266142565957125e-08
8.900795656074933504e-10,7.967114470375236124e-07,5.851753526187053467e-10,9.999990463256835938e-01,6.038067112967837602e-08
7.349199582229459793e-10,1.604088879503251519e-06,1.010934336242996778e-09,9.999982118606567383e-01,1.783005956212946330e-07
2.789852571183359942e-09,1.776571480149868876e-05,5.085297072326966372e-09,9.999808073043823242e-01,1.385688960908737499e-06
1.983901709579072303e-09,6.811434559494955465e-06,1.488071776911681354e-09,9.999922513961791992e-01,9.693300171420560218e-07
4.951206999947999066e-09,1.486046676291152835e-05,5.294412019907213107e-09,9.999837279319763184e-01,1.250211994374694768e-06
6.912950656356997570e-09,3.773639491555513814e-06,1.187531317725643021e-08,9.999589920043945312e-01,3.717387153301388025e-05
9.604677053687282751e-09,9.043585123436059803e-06,9.680353185714807296e-10,9.999890327453613281e-01,1.905049884953768924e-06
1.567221552534192597e-08,1.600300947757204995e-06,1.841041069594595569e-10,9.999969005584716797e-01,1.493355398451967631e-06
5.598960850505818598e-09,7.586839387840882409e-07,8.317459221363066035e-11,9.999988079071044922e-01,4.857239446209860034e-07
2.380492425402280787e-08,3.958628553846210707e-07,1.412334693640104888e-10,9.999992847442626953e-01,3.714966396728414111e-07
5.033611305549356985e-09,4.023677746545217815e-08,3.549823213155889334e-10,1.000000000000000000e+00,5.303692773850343656e-08
2.310805324867715171e-09,1.718994866450884729e-07,4.786889995500587247e-09,9.999992847442626953e-01,5.988848101878829766e-07
1.358167356357853350e-09,8.278838322439696640e-06,4.694601329902070574e-08,9.999874830245971680e-01,4.194122084300033748e-06
1.288010365030345383e-09,1.463951321056811139e-05,4.332648870786215411e-07,9.999717473983764648e-01,1.313793836743570864e-05
1.328908871833789362e-09,4.114517651032656431e-04,9.166026870843779761e-07,9.995200634002685547e-01,6.761751137673854828e-05
3.540162829551718460e-09,2.769915387034416199e-03,3.857194315060041845e-06,9.970300197601318359e-01,1.962001842912286520e-04
1.267580351793640148e-08,2.658836092450655997e-05,1.264267666556406766e-06,9.989177584648132324e-01,1.054390799254179001e-03
5.843661909921138431e-08,5.760319368164346088e-07,1.177121816908766050e-06,9.872298240661621094e-01,1.276834122836589813e-02
1.045652120446050048e-09,1.289646388613618910e-05,1.877952399809146300e-06,9.973930120468139648e-01,2.592208562418818474e-03
4.483540649857786775e-09,3.781412087846547365e-04,7.045120128168491647e-06,9.977961778640747070e-01,1.818676595576107502e-03
1.130717031117001170e-08,4.138988733757287264e-04,4.497251211432740092e-06,9.951705336570739746e-01,4.410973750054836273e-03
1.399045004291110672e-07,3.759320243261754513e-04,8.134443305607419461e-06,9.904546141624450684e-01,9.161142632365226746e-03
3.671836168450681726e-07,1.645585708320140839e-02,3.933115294785238802e-05,9.761923551559448242e-01,7.312023080885410309e-03
2.360219042429889669e-07,2.707318663597106934e-01,3.958734741900116205e-04,7.212814688682556152e-01,7.590672466903924942e-03
2.196345576521707699e-07,6.200847215950489044e-03,1.549638909636996686e-05,9.882575273513793945e-01,5.525845568627119064e-03
1.270666274422183051e-07,6.383099593222141266e-03,6.963201030885102227e-06,9.780885577201843262e-01,1.552122365683317184e-02
3.161244990224076901e-07,6.406426429748535156e-02,1.032091604429297149e-04,8.934102058410644531e-01,4.242194071412086487e-02
2.087577115617023082e-07,4.044630005955696106e-02,8.344736852450296283e-05,8.728885054588317871e-01,8.658145368099212646e-02
1.569956111779902130e-06,3.634591400623321533e-02,4.470088606467470527e-05,6.814267635345458984e-01,2.821809947490692139e-01
8.439421890216181055e-07,1.843374571762979031e-03,1.496048935223370790e-05,9.484743475914001465e-01,4.966646060347557068e-02
4.770511168317170814e-07,2.480208640918135643e-03,1.415633305441588163e-04,9.466066360473632812e-01,5.077109858393669128e-02
1.429586745871347375e-06,3.487153677269816399e-03,1.290693035116419196e-04,9.703713059425354004e-01,2.601096220314502716e-02
1.032795111655104847e-07,1.419795444235205650e-05,2.330321585759520531e-04,9.977527260780334473e-01,2.000013133510947227e-03
2.128989429195371486e-08,1.147099421359598637e-03,2.418576274067163467e-03,9.663026332855224609e-01,3.013163618743419647e-02
5.936569635878186091e-08,2.592027012724429369e-04,9.556982695357874036e-05,9.887303709983825684e-01,1.091477647423744202e-02
1.716192309686448425e-05,6.164089962840080261e-02,2.163506433134898543e-04,9.270728826522827148e-01,1.105270255357027054e-02
5.930931074544787407e-04,1.926323515363037586e-03,1.980898814508691430e-04,8.922171592712402344e-01,1.050653532147407532e-01
1.362805342068895698e-04,1.502934563905000687e-02,7.130518206395208836e-04,9.494918584823608398e-01,3.462946414947509766e-02
3.216096592950634658e-05,2.826551347970962524e-02,1.464914181269705296e-03,8.333474397659301758e-01,1.368899196386337280e-01
5.034482910559745505e-06,3.161670407280325890e-03,3.083140763919800520e-04,9.674273729324340820e-01,2.909768186509609222e-02
4.424083726917160675e-06,4.432915011420845985e-04,1.066932527464814484e-04,9.579520821571350098e-01,4.149354249238967896e-02
2.129170070475083776e-06,8.400056976824998856e-04,2.379564539296552539e-04,8.242532014846801758e-01,1.746666282415390015e-01
1.078628088180266786e-06,1.151554402895271778e-03,1.639520341996103525e-04,8.011566400527954102e-01,1.975267976522445679e-01
2.041168016830852139e-07,1.789197907783091068e-03,1.410040276823565364e-04,3.153180181980133057e-01,6.827514767646789551e-01
2.727944547586957924e-06,6.098322337493300438e-04,6.163271609693765640e-05,8.280139565467834473e-01,1.713118553161621094e-01
2.347029840166214854e-05,5.506171728484332561e-04,4.724800237454473972e-05,6.992698907852172852e-01,3.001087307929992676e-01
1.387899555993499234e-05,1.794571435311809182e-04,1.597697337274439633e-05,4.783075749874114990e-01,5.214831233024597168e-01
2.021736690949182957e-05,3.155963495373725891e-04,7.100463335518725216e-06,6.346121430397033691e-01,3.650448620319366455e-01
4.738303541671484709e-04,2.380044432356953621e-03,2.592041564639657736e-04,6.623953580856323242e-02,9.306473731994628906e-01
2.419057273073121905e-04,1.022720895707607269e-02,1.866006106138229370e-02,3.687528371810913086e-01,6.021178960800170898e-01
2.148352359654381871e-05,8.246279507875442505e-02,1.473251730203628540e-01,1.026356369256973267e-01,6.675548553466796875e-01
6.415979441953822970e-05,1.489178626798093319e-03,9.031394729390740395e-04,3.758312389254570007e-02,9.599604010581970215e-01
3.120548790320754051e-04,2.100706659257411957e-02,2.634957898408174515e-03,1.559240818023681641e-01,8.201217651367187500e-01
8.331075514433905482e-05,2.847263962030410767e-02,3.443742170929908752e-04,1.416576057672500610e-01,8.294419646263122559e-01
1.280014985240995884e-04,6.091295275837182999e-03,4.441876080818474293e-05,7.169486582279205322e-02,9.220413565635681152e-01
6.864022725494578481e-05,1.826576772145926952e-03,1.181736297439783812e-05,1.099627390503883362e-01,8.881301879882812500e-01
2.559815038694068789e-05,3.593859262764453888e-03,1.609444443602114916e-04,4.852783866226673126e-03,9.913666844367980957e-01
2.690852306841406971e-05,2.104877494275569916e-03,1.644267904339358211e-04,7.269002497196197510e-03,9.904347658157348633e-01
4.807335790246725082e-05,8.823646203381940722e-05,6.292345642577856779e-05,2.767181489616632462e-03,9.970337152481079102e-01
4.480241477722302079e-05,1.031385734677314758e-01,3.496061637997627258e-02,8.088757097721099854e-02,7.809684276580810547e-01
2.189850638387724757e-04,3.948006778955459595e-03,5.650481907650828362e-04,3.382026404142379761e-02,9.614477157592773438e-01
8.228878141380846500e-04,1.866124104708433151e-03,3.336729714646935463e-04,1.899087242782115936e-02,9.779865145683288574e-01
