2.029454826413257251e-08,9.999845027923583984e-01,6.264607236516894773e-06,7.449557870131684467e-06,1.866073148448776919e-06
5.561560101341456175e-09,9.999988079071044922e-01,1.340893476253768313e-07,9.457123155698354822e-07,1.409313483691221336e-07
6.049499567950533674e-09,9.999924898147583008e-01,1.563751879984920379e-06,3.823347014986211434e-06,2.156886921511613764e-06
3.286667812907317909e-12,9.999998807907104492e-01,8.274779617067906656e-08,3.967103268109894998e-08,6.418857667611632678e-10
1.902170261580682364e-12,9.999998807907104492e-01,9.043558435450904653e-08,3.696738559710865957e-08,2.961240141985399532e-10
1.394069755467075566e-12,1.000000000000000000e+00,3.091976807922947046e-08,1.609143396308354568e-08,2.334491766564639192e-10
3.787427457161568478e-13,1.000000000000000000e+00,4.224232341698552773e-08,2.482796190861336072e-08,8.536850393259243219e-11
7.458914670806227054e-13,9.999998807907104492e-01,1.241032379084572312e-07,1.006935956837651247e-08,1.524371046057737544e-10
5.908978818400245636e-13,9.999998807907104492e-01,1.183240669888618868e-07,6.565530341617886734e-09,1.997318560542638011e-10
5.879512913857520839e-13,9.999998807907104492e-01,6.331981694529531524e-08,8.757859326635752950e-09,3.343615939677135884e-10
2.718011146013443735e-12,9.999998807907104492e-01,9.338626227872737218e-08,4.820518029191589449e-08,1.640323099572071897e-09
6.186633670635099946e-12,9.999996423721313477e-01,8.726783562451601028e-08,2.777524059638381004e-07,3.137577087031218070e-09
1.428441674840297271e-12,9.999998807907104492e-01,1.289682103333689156e-07,6.829792731366524094e-09,2.651367181361052872e-10
4.756294316732301297e-12,9.999997615814208984e-01,2.627984656555781839e-07,2.400266119195748615e-08,1.339278021816880937e-09
1.641218844855574233e-12,9.999997615814208984e-01,2.939377168331702705e-07,2.883941796483213693e-08,2.384075159511667152e-10
2.245110971048000503e-13,9.999997615814208984e-01,2.087131178996060044e-07,7.189853157285597263e-09,3.118256000633756742e-11
9.232551789056797631e-13,9.999996423721313477e-01,3.517313018619461218e-07,1.993255871468591067e-08,1.225808482496759666e-10
1.872790551110670165e-12,9.999995231628417969e-01,4.526283987615897786e-07,2.635563056685441552e-08,2.779652896744977397e-10
1.163543220106255660e-12,9.999998807907104492e-01,7.768292675791599322e-08,2.561735534811759862e-08,3.166420459166374712e-10
1.206061834603533445e-12,9.999989271163940430e-01,1.076935291166591924e-06,2.824738132289894565e-08,4.603654124579747986e-10
1.765310445565881903e-12,9.999988079071044922e-01,9.731211321195587516e-07,2.180854465905213146e-07,3.109770219111851475e-10
9.289681870972010813e-12,9.999957084655761719e-01,1.408002958669385407e-06,2.840574097717762925e-06,1.025601381599017259e-09
3.618404621069659655e-12,9.999929070472717285e-01,3.661375785668496974e-06,3.301021024526562542e-06,7.996355244621611291e-10
7.371658145016724006e-11,9.999985694885253906e-01,2.486527250766812358e-07,1.166314063993922900e-06,1.278925743086745115e-09
4.237344849999935548e-12,9.999997615814208984e-01,7.187511386064215912e-08,7.062811846481054090e-08,6.311437483752513344e-11
1.181332809352397817e-11,9.999996423721313477e-01,6.161739207755090320e-08,2.223823400981927989e-07,1.074258945688022493e-10
2.056462812538573104e-11,9.999541044235229492e-01,3.182672799084684812e-06,4.265258030500262976e-05,2.589509717765281493e-09
2.722459063742022067e-11,9.998406767845153809e-01,2.791908855215297081e-06,1.566006976645439863e-04,1.933871729420388874e-09
3.083914720813929478e-11,9.999589920043945312e-01,2.504678150216932409e-06,3.853847010759636760e-05,2.026065759608286498e-09
1.250784337214483344e-10,9.986578226089477539e-01,2.361633050895761698e-05,1.318437396548688412e-03,2.750575234244934109e-08
1.646620617634653172e-09,6.085001826286315918e-01,3.600617637857794762e-04,3.911394178867340088e-01,2.866812849333655322e-07
1.359310330961704949e-09,4.590316116809844971e-01,3.764911671169102192e-04,5.405916571617126465e-01,1.766857735674420837e-07
1.625571482977150595e-10,9.996391534805297852e-01,8.380499821214471012e-06,3.524389758240431547e-04,9.250968324714392566e-10
7.258180723113127897e-09,6.043779253959655762e-01,1.014681547530926764e-04,3.955205678939819336e-01,1.980488661956769647e-08
1.650906966688125976e-09,4.010340198874473572e-02,3.281308454461395741e-05,9.598636627197265625e-01,7.868484530604291649e-09
3.728161779292804567e-09,3.267646133899688721e-01,4.290707875043153763e-05,6.731925010681152344e-01,3.510591994881906430e-08
1.922775272333865360e-09,7.884241342544555664e-01,6.579126056749373674e-05,2.115100920200347900e-01,5.790834034513636652e-09
9.817185953053808589e-10,8.702647686004638672e-01,1.494528714829357341e-05,1.297203451395034790e-01,2.287711575732487290e-09
1.555985784662539118e-09,5.673762559890747070e-01,8.764473932387772948e-06,4.326150119304656982e-01,2.139140953261176037e-08
8.576125587467231526e-09,9.977724552154541016e-01,8.325613976012391504e-08,2.227511722594499588e-03,1.487081568996018177e-09
3.363973988257384917e-08,9.956651329994201660e-01,2.441325648305792129e-07,4.334695171564817429e-03,1.702516683188548541e-09
4.410718759118026355e-07,5.174059867858886719e-01,1.013001656247070059e-05,4.825834333896636963e-01,3.842174933765818423e-08
6.136584715932258405e-07,5.117410421371459961e-01,4.775618799612857401e-05,4.882105290889739990e-01,5.462935348532482749e-08
1.553723905090009794e-08,8.366535902023315430e-01,1.157050701294792816e-05,1.633347570896148682e-01,4.579836954121674353e-08
1.380400349582089348e-09,9.517262578010559082e-01,1.687694566498976201e-05,4.825683310627937317e-02,2.247117336651172081e-08
1.680840466811162059e-09,8.817110061645507812e-01,1.138625793828396127e-05,1.182775199413299561e-01,6.216110648438188946e-08
4.711265155776800384e-09,8.814609050750732422e-01,6.405038675438845530e-06,1.185324937105178833e-01,1.316759039582393598e-07
3.685017446741767344e-08,8.345820903778076172e-01,2.227294544354663230e-06,1.654155850410461426e-01,3.774924195454332221e-08
3.063107101297646295e-09,9.778907299041748047e-01,2.528331606299616396e-06,2.210671827197074890e-02,2.225016615398089925e-08
3.774115686638879197e-09,9.649498462677001953e-01,2.647733708727173507e-06,3.504748269915580750e-02,5.016553572545490169e-08
2.638539164934172732e-09,9.357995390892028809e-01,1.454910602660675067e-06,6.419892609119415283e-02,5.263462909965710423e-08
6.487204662342094252e-10,9.656891822814941406e-01,2.646436314535094425e-06,3.430809825658798218e-02,4.860439162257534917e-08
8.665834716481413125e-10,8.877239227294921875e-01,4.361122591944877058e-06,1.122714430093765259e-01,2.703035590911895270e-07
8.185159217077853100e-09,8.507072329521179199e-01,1.074503506970359012e-05,1.492814123630523682e-01,5.839821142217260785e-07
1.176073727293669435e-08,5.939576625823974609e-01,5.370050985220586881e-06,4.060359597206115723e-01,1.001120949695177842e-06
7.284560066267431466e-09,3.911299109458923340e-01,6.977719294809503481e-06,6.088612079620361328e-01,1.835202169786498416e-06
3.684728966391048743e-08,4.150022566318511963e-01,7.431236554111819714e-06,5.849897265434265137e-01,4.498458849866437959e-07
3.658851710497401655e-08,3.933033645153045654e-01,1.519067791377892718e-05,6.066808700561523438e-01,5.347617957340844441e-07
1.579142860919091618e-08,5.469928383827209473e-01,1.584100209583994001e-05,4.529904127120971680e-01,9.211208293891104404e-07
7.918680822172063927e-09,6.701582670211791992e-01,6.842764378234278411e-06,3.298343718051910400e-01,6.176821898407069966e-07
1.117138914707993536e-08,7.955229282379150391e-01,6.742487585142953321e-06,2.044688612222671509e-01,1.424496872459712904e-06
3.742278806839749450e-07,4.786473512649536133e-01,8.795174153419793583e-07,5.213486552238464355e-01,2.771640765786287375e-06
2.417218958328248846e-08,7.985297441482543945e-01,1.682889774201612454e-06,2.014680504798889160e-01,4.624950804554828210e-07
1.441802410795389733e-08,7.474821805953979492e-01,2.909006980189587921e-06,2.525130808353424072e-01,1.758889766279025935e-06
4.604352454862237209e-08,7.012548446655273438e-01,3.439711463215644471e-06,2.987404167652130127e-01,1.273718226002529263e-06
1.755938150438396406e-08,8.200460076332092285e-01,1.140533095167484134e-05,1.799398213624954224e-01,2.721308419495471753e-06
2.492599193715250294e-08,7.087440490722656250e-01,7.239250862767221406e-06,2.912418544292449951e-01,6.827355264249490574e-06
9.562050706790614640e-09,8.603668808937072754e-01,1.479778234170225915e-06,1.396301537752151489e-01,1.485561369918286800e-06
1.074473221507332710e-08,9.265152812004089355e-01,6.076760655560065061e-06,7.347825914621353149e-02,3.945094704249640927e-07
4.016636800940887042e-09,9.337502121925354004e-01,6.493815817520953715e-06,6.624214351177215576e-02,1.174806016024376731e-06
5.956088955372251803e-08,5.261366367340087891e-01,1.887161670310888439e-05,4.738285839557647705e-01,1.583778430358506739e-05
1.603346966305707610e-08,7.814798951148986816e-01,4.671284386859042570e-06,2.185143530368804932e-01,9.574561090630595572e-07
2.104274088310376101e-08,6.905964612960815430e-01,5.179721483727917075e-06,3.093968629837036133e-01,1.493194531576591544e-06
5.662110780235707352e-08,4.209956824779510498e-01,6.362593012454453856e-06,5.789772868156433105e-01,2.056582889053970575e-05
9.323511740433332307e-09,7.797414660453796387e-01,3.070294496865244582e-06,2.202529162168502808e-01,2.492069370418903418e-06
1.692255580110213486e-07,1.042397320270538330e-01,2.854351441783364862e-05,8.957274556159973145e-01,4.033940513181732967e-06
2.275661188377853250e-07,2.959192693233489990e-01,2.267301715619396418e-05,7.040176987648010254e-01,4.006063318229280412e-05
1.365148563081675093e-07,1.044052839279174805e-01,4.407363303471356630e-05,8.954742550849914551e-01,7.633149652974680066e-05
5.734900199172443536e-08,6.985413283109664917e-02,1.711684126348700374e-05,9.300894141197204590e-01,3.926819044863805175e-05
4.915312956654815935e-08,1.501370668411254883e-01,3.899821604136377573e-05,8.498064279556274414e-01,1.751014497131109238e-05
2.178595792656778940e-08,6.206594109535217285e-01,2.462341763020958751e-05,3.793082833290100098e-01,7.718144843238405883e-06
1.276029326646721529e-08,5.603586435317993164e-01,3.473727338132448494e-05,4.395843744277954102e-01,2.227293771284166723e-05
5.356618970608906238e-08,3.743660748004913330e-01,3.530497269821353257e-05,6.255640387535095215e-01,3.449239375186152756e-05
2.024977341363864980e-08,6.700884699821472168e-01,1.331980820395983756e-05,3.298811316490173340e-01,1.703545058262534440e-05
1.760955647966966353e-08,9.523950219154357910e-01,1.146410795627161860e-05,4.759132489562034607e-02,2.181951685997773893e-06
5.153552962156027206e-08,4.637711346149444580e-01,9.456339466851204634e-05,5.361295342445373535e-01,4.726118277176283300e-06
1.778310547706496436e-07,2.092474550008773804e-01,1.413154095644131303e-04,7.905728816986083984e-01,3.810564885498024523e-05
6.700238941448333208e-08,9.645180106163024902e-01,1.575475762365385890e-04,3.532100096344947815e-02,3.339594741191831417e-06
1.263246872440504376e-06,7.776789069175720215e-01,2.788152196444571018e-04,2.219724804162979126e-01,6.845482857897877693e-05
5.074880959909933154e-07,9.923343062400817871e-01,6.445536655519390479e-06,7.656640838831663132e-03,2.082843366224551573e-06
8.245385174632247072e-07,9.871610999107360840e-01,9.327768566436134279e-06,1.281102001667022705e-02,1.772763607732485980e-05
8.359507575050884043e-08,9.926255345344543457e-01,9.592018614057451487e-05,7.277104072272777557e-03,1.413284621776256245e-06
1.036824848199557891e-08,9.998276829719543457e-01,3.527215812937356532e-05,1.361543982056900859e-04,9.586603937350446358e-07
2.364143103505966792e-09,9.998400807380676270e-01,3.485069100861437619e-05,1.250881177838891745e-04,1.034253784837346757e-07
9.442572279638739019e-10,9.999405741691589355e-01,5.531056740437634289e-05,4.162789537076605484e-06,1.871665844532799383e-08
8.158895781207320397e-09,9.998852014541625977e-01,7.464452937711030245e-05,3.999162072432227433e-05,6.595593760039264453e-08
9.457009619850964555e-10,9.999648332595825195e-01,2.988759479194413871e-05,5.201125532039441168e-06,2.817318112136035779e-08
7.023966408503667935e-10,9.999588727951049805e-01,3.704603659571148455e-05,4.101938884559785947e-06,5.882455766936800501e-08
2.063175186250987281e-09,9.997653365135192871e-01,2.261541376356035471e-04,8.469217391393613070e-06,9.354278063256060705e-08
5.301879824060051760e-09,9.999684095382690430e-01,3.090298196184448898e-05,5.752414153903373517e-07,5.479183329271108960e-08
5.380728640425047615e-10,9.999830722808837891e-01,1.660216184973251075e-05,3.709447184974123957e-07,1.386829762139996092e-08
8.456972899750780925e-10,9.998342394828796387e-01,1.608304446563124657e-04,4.515907676250208169e-06,4.625630367627309170e-07
9.717021853816731891e-09,9.951751232147216797e-01,4.687312059104442596e-03,1.336297282250598073e-04,3.950936388719128445e-06
2.486505668031213645e-09,9.999304413795471191e-01,6.491584645118564367e-05,4.588642241287743673e-06,4.461116986931301653e-08
2.032041201971424016e-09,9.999689459800720215e-01,2.919533653766848147e-05,1.729560949570441153e-06,2.396981102492645732e-08
8.250785055174958416e-10,9.999241828918457031e-01,7.391483086394146085e-05,1.965096998901572078e-06,2.895704120930986392e-08
3.652279867427665749e-10,9.999942183494567871e-01,5.689413683285238221e-06,5.190179308556253091e-08,2.558823597453852017e-09
8.718987754008367119e-10,9.999926686286926270e-01,7.109759735612897202e-06,1.596563947714457754e-07,9.940342771130872279e-09
1.573369656782119819e-09,9.999879598617553711e-01,1.178692855319241062e-05,2.020108098577111377e-07,2.328610548829601612e-08
1.666655841114916825e-10,9.999939799308776855e-01,5.887799034098861739e-06,1.757986609618455986e-07,7.932784207298482215e-09
4.087347127423868187e-11,9.999921321868896484e-01,7.786554306221660227e-06,6.085564052682457259e-08,5.814529746572816293e-09
7.596641371510060026e-11,9.999935626983642578e-01,6.413516530301421881e-06,4.739776215956226224e-08,6.866169410812972274e-09
2.363640186353599404e-11,9.999955892562866211e-01,4.410737801663344726e-06,4.925326635429883027e-08,5.585713225286781380e-09
1.406431360262416774e-10,9.999549388885498047e-01,4.403817365528084338e-05,5.246261594038514886e-07,5.401275871008692775e-07
2.255118591865112876e-10,9.999521970748901367e-01,4.128482396481558681e-05,1.050469222718675155e-06,5.430083092505810782e-06
2.671482216101139784e-04,6.362872719764709473e-01,2.547484077513217926e-02,3.083231449127197266e-01,2.964760363101959229e-02
1.140706973323801776e-09,9.993456006050109863e-01,6.531977560371160507e-04,6.103299483584123664e-07,5.778636591458052862e-07
4.398592136567458510e-05,9.869974255561828613e-01,3.059389418922364712e-04,5.186174996197223663e-03,7.466440089046955109e-03
7.619672146574885119e-07,9.945828914642333984e-01,4.881446249783039093e-03,4.385540087241679430e-04,9.628338739275932312e-05
7.205696306300524157e-07,9.930574893951416016e-01,6.704948376864194870e-03,2.166000340366736054e-04,2.014131314354017377e-05
2.187134242603860912e-07,9.972275495529174805e-01,2.719756914302706718e-03,1.566276660014409572e-05,3.686274430947378278e-05
3.419632093937252648e-06,9.916735887527465820e-01,8.030341938138008118e-03,2.218433801317587495e-04,7.069312414387241006e-05
2.160104486392810941e-06,9.975990653038024902e-01,1.988388365134596825e-03,2.673207782208919525e-04,1.430979464203119278e-04
2.670315734576433897e-04,6.362005472183227539e-01,2.547552995383739471e-02,3.084192276000976562e-01,2.963763847947120667e-02
1.001443706627469510e-06,9.926604032516479492e-01,7.285349536687135696e-03,3.376743188709951937e-05,1.946372321981471032e-05
1.068098569589892577e-07,9.106431007385253906e-01,8.929947018623352051e-02,5.535230957320891321e-05,1.976102339540375397e-06
5.851882534102514910e-08,6.666564941406250000e-01,3.327464163303375244e-01,5.311521817930042744e-04,6.580808258149772882e-05
1.887875278328010609e-08,9.000256061553955078e-01,9.988025575876235962e-02,8.573828381486237049e-05,8.335935490322299302e-06
1.923077164178721432e-08,8.311567902565002441e-01,1.687430441379547119e-01,8.846775745041668415e-05,1.159478688350645825e-05
5.917159384694059554e-08,4.629674851894378662e-01,5.351528525352478027e-01,1.779572223313152790e-03,9.996814333135262132e-05
7.438528459857707276e-09,9.544575214385986328e-01,4.542344063520431519e-02,1.063794115907512605e-04,1.258492920896969736e-05
8.707720100531446406e-10,9.879368543624877930e-01,1.205819007009267807e-02,4.634976448869565502e-06,3.536144390636764001e-07
5.196603147794576216e-10,9.765956401824951172e-01,2.340015769004821777e-02,3.723516329046105966e-06,4.236616462094389135e-07
4.599801095572786380e-10,9.963317513465881348e-01,3.667909884825348854e-03,3.276586255651636748e-07,7.459299844470024254e-09
9.313939897115375288e-11,9.975599050521850586e-01,2.439974807202816010e-03,1.383443475333479000e-07,1.027754059634844452e-08
6.588467271750886312e-11,9.993865489959716797e-01,6.133349961601197720e-04,1.304029808579798555e-07,3.747903765116689101e-09
3.053607366965138681e-11,9.996671676635742188e-01,3.328396414872258902e-04,1.951547545786525006e-08,4.126177177710133037e-10
1.086910650371919473e-08,9.959370493888854980e-01,4.058291204273700714e-03,4.264503331796731800e-06,3.240087380618206225e-07
8.433056919443515653e-09,9.959456920623779297e-01,4.052087664604187012e-03,1.527000449641491286e-06,6.207310434547252953e-07
4.393585495421348242e-09,9.987561702728271484e-01,1.243564183823764324e-03,7.539591706517967395e-08,1.064646966142390738e-07
4.655154128840877092e-08,9.967664480209350586e-01,3.230210393667221069e-03,2.691364215934299864e-06,5.157768896424386185e-07
2.110664496512981714e-07,9.950810670852661133e-01,4.910373594611883163e-03,5.192278877075295895e-06,3.165784164593787864e-06
3.028082176115276525e-07,9.689949154853820801e-01,3.100189380347728729e-02,1.788497456800541840e-06,1.108073320210678503e-06
9.477257094658853021e-07,9.964743256568908691e-01,3.522845916450023651e-03,1.285949224438809324e-06,5.708204184884380084e-07
2.860127779058529995e-07,9.982137680053710938e-01,1.784235239028930664e-03,4.980736321158474311e-07,1.215250108543841634e-06
1.681900556604887242e-07,9.985603690147399902e-01,1.436357037164270878e-03,1.852384912126581185e-06,1.229575104844116140e-06
1.551263864030261175e-07,9.991782307624816895e-01,8.204022888094186783e-04,7.643529897904954851e-07,4.915174827146984171e-07
6.574258577529690228e-07,9.988109469413757324e-01,1.168729853816330433e-03,5.842096925334772095e-06,1.381131369271315634e-05
1.129566157942463178e-06,9.892659187316894531e-01,4.061421379446983337e-03,1.992695499211549759e-03,4.678855650126934052e-03
4.896103433793541626e-08,9.412269592285156250e-01,5.876724794507026672e-02,5.412561222328804433e-06,3.520057703099155333e-07
3.343254340038015471e-09,9.619770646095275879e-01,3.801518306136131287e-02,6.638664217462064698e-06,1.071065412361349445e-06
1.006475081055668852e-08,8.887734413146972656e-01,1.111920699477195740e-01,2.811436388583388180e-05,6.380907962011406198e-06
7.121451517377863638e-08,4.173586964607238770e-01,5.813822150230407715e-01,1.097096363082528114e-03,1.619260583538562059e-04
4.704532940991157375e-08,7.985676527023315430e-01,2.009037137031555176e-01,5.183026078157126904e-04,1.022517426463309675e-05
2.046241176500984693e-09,9.599954485893249512e-01,3.998409584164619446e-02,2.012393815675750375e-05,2.932388838416954968e-07
7.462786832945766946e-09,9.340593814849853516e-01,6.590981781482696533e-02,2.768622653093189001e-05,3.081614750044536777e-06
8.211456514750636870e-10,9.903808236122131348e-01,9.617739357054233551e-03,1.292916522288578562e-06,5.590352358808559075e-08
2.298579382387089254e-10,9.993428587913513184e-01,6.570187979377806187e-04,7.825756398460725904e-08,1.273456229355929281e-09
3.688781224919779334e-11,9.998848438262939453e-01,1.150910466094501317e-04,5.710447226192627568e-09,7.360660969624177596e-10
5.788299006770358801e-11,9.999155998229980469e-01,8.439559314865618944e-05,4.698576194783754545e-09,2.954458899750989076e-10
1.256606277366678626e-11,9.999564886093139648e-01,4.352100586402229965e-05,4.718605950415621919e-08,1.692811446574182810e-10
2.139288572677866540e-11,9.999366402626037598e-01,6.314201891655102372e-05,6.844441458042638260e-08,1.688419543066643769e-10
3.951940164004241751e-11,9.999176859855651855e-01,8.240622264565899968e-05,8.816622099061532936e-09,6.356560416920231660e-11
8.342371932146264157e-11,9.999565482139587402e-01,4.326558700995519757e-05,1.472760686738183722e-07,6.119416640082420145e-10
2.569122298154979944e-04,6.344465613365173340e-01,2.487440593540668488e-02,3.120700716972351074e-01,2.835210226476192474e-02
9.207123952137408196e-09,9.989891052246093750e-01,1.009715138934552670e-03,1.172004999716591556e-06,2.545147381738388503e-08
5.854559059770281237e-09,9.995896816253662109e-01,4.081314546056091785e-04,2.097764308928162791e-06,1.091570656086560120e-08
6.105356775698567162e-10,9.999560117721557617e-01,4.365527274785563350e-05,3.534451877840183442e-07,3.188742603299488110e-10
3.466714026956196903e-09,9.999374151229858398e-01,6.217791815288364887e-05,3.043472815988934599e-07,2.956674349796628576e-10
2.051653957835242181e-09,9.999686479568481445e-01,3.124910290353000164e-05,6.727720602839326602e-08,1.950775235792789886e-10
4.678062381913150602e-09,9.998438954353332520e-01,1.541221281513571739e-04,2.062413159364950843e-06,1.063158450165246904e-09
7.799537682373625103e-10,9.996029138565063477e-01,3.951219550799578428e-04,1.952234470081748441e-06,7.058252315950142020e-10
1.087291590096128857e-09,9.995275735855102539e-01,4.652729257941246033e-04,7.143511538743041456e-06,9.377045806502337655e-10
5.777437972476207051e-10,9.999021291732788086e-01,9.312840120401233435e-05,4.796122993866447359e-06,6.762668758319989593e-10
2.308760449523106217e-04,6.267344951629638672e-01,2.325969934463500977e-02,3.242679238319396973e-01,2.550698816776275635e-02
5.639320677097714452e-10,9.995526671409606934e-01,2.582175075076520443e-04,1.890477142296731472e-04,5.036465822172431217e-08
3.200266052161282460e-09,9.988667368888854980e-01,6.232847808860242367e-04,5.098039400763809681e-04,1.483813321101479232e-07
4.589823277001414681e-08,9.968497753143310547e-01,2.312087686732411385e-03,8.376805926673114300e-04,4.151638961502612801e-07
2.670473264743122854e-08,9.982756376266479492e-01,9.320144308730959892e-04,7.922110962681472301e-04,1.275574845749360975e-07
6.722932432978723227e-09,9.988182187080383301e-01,3.407131880521774292e-04,8.408320718444883823e-04,1.161845162300778611e-07
7.720529771049200463e-10,9.996222257614135742e-01,1.145335118053480983e-04,2.631203678902238607e-04,4.871734304856545350e-08
3.484839226075564511e-07,9.976757764816284180e-01,1.144268433563411236e-03,1.179574057459831238e-03,1.762676049565925496e-08
3.183209855706081726e-06,9.983428120613098145e-01,4.267190815880894661e-04,1.227415399625897408e-03,1.836697194335101813e-08
2.554172056079551112e-07,9.997951388359069824e-01,1.407733216183260083e-04,6.385555752785876393e-05,7.205270158294752036e-09
9.205407991430547554e-08,9.999239444732666016e-01,4.655622979043982923e-05,2.939859587058890611e-05,2.506710394811761944e-09
4.374447470922859793e-08,9.999558925628662109e-01,8.696898476046044379e-06,3.534448842401616275e-05,1.318499975866416207e-08
4.616687920844242399e-09,9.999804496765136719e-01,8.653818440507166088e-06,1.088052158593200147e-05,3.352992772320817494e-09
1.424436235630821557e-09,9.999825954437255859e-01,1.027553753374377266e-05,7.185525191744090989e-06,2.493247830415157296e-10
1.004750171951229731e-09,9.999650716781616211e-01,1.851253728091251105e-05,1.645110933168325573e-05,2.818051347830419218e-10
5.889716270246481145e-09,9.864266514778137207e-01,2.435950154904276133e-04,1.332910452038049698e-02,6.490593591479409952e-07
4.274103571066945051e-10,9.982845187187194824e-01,1.601812691660597920e-04,1.555248047225177288e-03,3.372646872890072700e-08
2.074591165523997915e-09,9.785842895507812500e-01,8.431771857431158423e-05,2.133102156221866608e-02,3.002171524713048711e-07
7.308535443506514184e-10,9.914507269859313965e-01,2.623247382871340960e-05,8.523032069206237793e-03,3.955347338546744140e-08
1.645593106225362590e-10,9.988354444503784180e-01,2.819945984811056405e-05,1.136333099566400051e-03,7.168915683308796361e-09
2.701552315187427666e-10,9.993285536766052246e-01,3.803252911893650889e-05,6.334416102617979050e-04,3.330887121677506002e-09
7.597916740209598174e-11,9.998541474342346191e-01,9.459031389269512147e-06,1.364553318126127124e-04,3.751694510611969235e-09
1.302894681032285007e-09,9.873753786087036133e-01,2.789440623018890619e-05,1.259668078273534775e-02,4.611339576854334155e-08
4.902929728878291371e-10,9.885119199752807617e-01,5.371221413952298462e-05,1.143427379429340363e-02,9.167036552071294864e-08
2.030472012748418820e-09,9.748721718788146973e-01,4.028813782497309148e-05,2.508736401796340942e-02,1.459097944689347059e-07
4.645747397891142327e-10,9.948943853378295898e-01,1.257268104382092133e-05,5.092964041978120804e-03,6.241677397156308871e-08
6.339494706963932913e-09,9.759836792945861816e-01,1.195685672428226098e-05,2.400435321033000946e-02,7.100767618339887122e-08
5.212409170951559645e-09,9.970856308937072754e-01,3.443441892159171402e-05,2.879956969991326332e-03,3.108439017296404927e-08
2.968526935376303300e-08,9.834387302398681641e-01,6.966911314520984888e-05,1.649105735123157501e-02,4.000962405825703172e-07
2.396223521827778313e-07,7.219259738922119141e-01,2.239260211354121566e-04,2.778475284576416016e-01,2.332033318452886306e-06
2.730742387768714252e-08,9.833506345748901367e-01,2.648990448506083339e-05,1.662213355302810669e-02,6.212172820596606471e-07
8.044075627822167007e-08,8.258126974105834961e-01,6.006185139995068312e-05,1.741258502006530762e-01,1.266344384021067526e-06
3.967718384956242517e-07,5.855943560600280762e-01,8.706812513992190361e-05,4.143113195896148682e-01,6.836483407823834568e-06
2.908434169057727559e-07,7.527040243148803711e-01,8.043190609896555543e-05,2.472073286771774292e-01,7.937404916447121650e-06
2.965680323541164398e-08,9.751463532447814941e-01,3.429737262194976211e-06,2.484981343150138855e-02,3.275767710420041112e-07
4.225431382565147942e-07,7.269312143325805664e-01,8.098623220575973392e-05,2.729837298393249512e-01,3.622355052357306704e-06
4.306324171921005473e-06,7.869262695312500000e-01,7.015378796495497227e-04,2.123417258262634277e-01,2.610955198178999126e-05
5.294285756463068537e-07,4.061513394117355347e-02,3.553666872903704643e-03,9.558293819427490234e-01,1.328699227087781765e-06
4.154118187216226943e-07,1.297151017934083939e-02,2.719107083976268768e-03,9.843058586120605469e-01,3.037289616258931346e-06
1.150558617268870876e-07,3.752844780683517456e-02,1.065764110535383224e-03,9.614038467407226562e-01,1.823068146222794894e-06
6.810491726128020673e-08,6.019268184900283813e-03,7.771784439682960510e-04,9.931986927986145020e-01,4.772352440340910107e-06
3.609065402088162955e-08,3.556864103302359581e-03,6.721907411701977253e-04,9.957694411277770996e-01,1.399128564116836060e-06
6.860671142305818648e-09,1.186603866517543793e-02,5.082206916995346546e-04,9.876211881637573242e-01,4.452042958291713148e-06
1.381480263518142237e-09,5.394543521106243134e-03,9.553309791954234242e-05,9.945056438446044922e-01,4.120676294405711815e-06
1.284333084328181940e-09,2.313351491466164589e-03,8.076881204033270478e-05,9.976001977920532227e-01,5.722880359826376662e-06
1.271439398209395222e-09,4.869524389505386353e-02,4.870503744314191863e-06,9.512958526611328125e-01,4.014697424281621352e-06
3.099850653942581857e-10,1.008817576803267002e-03,2.227723825853900053e-06,9.989858865737915039e-01,3.105126779701095074e-06
2.066913307174900183e-09,2.035219967365264893e-02,1.389618682878790423e-05,9.796268939971923828e-01,7.003840437391772866e-06
3.312899288232529216e-09,4.931564442813396454e-03,4.075816377735463902e-06,9.950621724128723145e-01,2.258629137941170484e-06
5.993738838583340112e-09,1.741663203574717045e-03,1.169226925412658602e-05,9.982411861419677734e-01,5.423530637926887721e-06
3.499040701626654482e-08,1.118607237003743649e-03,1.611458719708025455e-05,9.988397359848022461e-01,2.550557655922602862e-05
5.164494965015364869e-08,4.603530280292034149e-03,3.972534614149481058e-05,9.952838420867919922e-01,7.280873251147568226e-05
6.964139931397994587e-09,3.889494109898805618e-04,2.703775862755719572e-05,9.995723366737365723e-01,1.173070268123410642e-05
5.859217555581608394e-09,6.832413375377655029e-03,1.423515732312807813e-05,9.931493997573852539e-01,3.857841875287704170e-06
8.495515402273667860e-10,2.359335921937599778e-04,6.756081802450353280e-06,9.997540116310119629e-01,3.200869059583055787e-06
6.453771961290044601e-10,2.861028406186960638e-05,3.933706011594040319e-06,9.999670386314392090e-01,3.949182882934110239e-07
9.863471150950431365e-10,1.561785393278114498e-05,2.167769025618326850e-06,9.999818801879882812e-01,3.693220094191929093e-07
1.649459124841712310e-09,1.748901559039950371e-05,1.887893517960037570e-06,9.999791979789733887e-01,1.305186287936521694e-06
7.747277486203074659e-09,8.980909478850662708e-05,1.799227447918383405e-06,9.998762011528015137e-01,3.229968569939956069e-05
7.854883854463423631e-09,1.887236430775374174e-04,7.234751137730199844e-06,9.997806549072265625e-01,2.343449159525334835e-05
3.413970217636119742e-09,1.838425378082320094e-04,2.827124808391090482e-05,9.997776150703430176e-01,1.020711079036118463e-05
1.635905078067878549e-09,1.195653167087584734e-04,1.559435440867673606e-05,9.998418092727661133e-01,2.304192821611650288e-05
1.972773944203254359e-09,3.698920409078709781e-05,4.717391220765421167e-06,9.999478459358215332e-01,1.058065845427336171e-05
2.198103477013546581e-09,3.991952689830213785e-05,1.539004756523354445e-06,9.999560117721557617e-01,2.539120487199397758e-06
9.800521283409580064e-09,2.254008177260402590e-05,1.758231462645198917e-07,9.999771714210510254e-01,1.328268979250424309e-07
7.670935886494589795e-09,1.690172553026059177e-06,5.950964805379044265e-07,9.999973773956298828e-01,2.954886326733685564e-07
1.913033953471199311e-09,1.251376147592964116e-06,8.214148579099855851e-07,9.999977350234985352e-01,2.623987711558584124e-07
1.803963201041369757e-09,1.860604425019118935e-05,2.398096967226592824e-06,9.999788999557495117e-01,7.568638693555840291e-08
2.401977727828352727e-09,4.734732647193595767e-05,2.263990381834446453e-06,9.999500513076782227e-01,3.622460553742712364e-07
1.413003491990139082e-09,5.486145528266206384e-05,6.622257728849945124e-07,9.999443292617797852e-01,2.154677929411263904e-07
1.257007942179200199e-09,5.593873211182653904e-04,4.748725586978252977e-06,9.994357824325561523e-01,8.044337107548926724e-08
2.593047443433249555e-10,6.395745731424540281e-05,2.919932967415661551e-06,9.999330043792724609e-01,1.876716915205633995e-08
1.890266609905211226e-09,1.271005603484809399e-03,8.836155757308006287e-06,9.987199902534484863e-01,5.413727421910152771e-08
2.103363172523131652e-08,2.894821204245090485e-02,6.457245326600968838e-04,9.704058766365051270e-01,5.106760880835281569e-08
3.823350525067326089e-08,9.727448225021362305e-02,6.800255272537469864e-03,8.959251046180725098e-01,1.845219266272124514e-08
6.075671166172469384e-08,4.730194807052612305e-01,2.837136201560497284e-02,4.986090660095214844e-01,4.305626077893975889e-08
2.874803328722919105e-08,6.340435743331909180e-01,1.739819720387458801e-02,3.485581576824188232e-01,1.172201713472986739e-08
5.015412529729701419e-09,7.015128433704376221e-02,1.391628640703856945e-03,9.284569621086120605e-01,6.260288643034073175e-08
1.147137496104733145e-08,8.218854665756225586e-02,3.997789463028311729e-04,9.174112677574157715e-01,4.037021312797151040e-07
7.678415236966884549e-09,6.411799043416976929e-02,4.751958476845175028e-04,9.354066252708435059e-01,1.931702513502386864e-07
1.399900497744965833e-07,2.821797430515289307e-01,2.879283577203750610e-02,6.890271902084350586e-01,5.314903006592430756e-08
7.878971075570007088e-08,2.595089003443717957e-02,9.322886355221271515e-03,9.647261500358581543e-01,4.814692644572460267e-08
1.065309191972119152e-07,7.036860287189483643e-02,6.102814222685992718e-04,9.290117025375366211e-01,9.207243238051887602e-06
2.305963420212719939e-08,1.048795282840728760e-01,9.288080618716776371e-04,8.941863775253295898e-01,5.231759587331907824e-06
3.104267776166125259e-08,9.105118364095687866e-02,4.263263661414384842e-03,9.046834111213684082e-01,2.136582224920857698e-06
5.884632514607801568e-08,7.448568195104598999e-02,6.073175463825464249e-03,9.194151759147644043e-01,2.591879638202954084e-05
2.269260335197031964e-08,7.161594927310943604e-02,7.797776255756616592e-03,9.205793142318725586e-01,6.903434496052796021e-06
1.069484323323877106e-08,5.246660206466913223e-03,3.215674951206892729e-04,9.944297671318054199e-01,1.990349801417323761e-06
2.775543350708176149e-09,6.685113185085356236e-04,3.472299795248545706e-05,9.992965459823608398e-01,1.554710280515791965e-07
9.285249902291070612e-09,7.937000482343137264e-04,5.506614979822188616e-05,9.991477727890014648e-01,3.354289901835727505e-06
9.287870916807605681e-09,1.232562408404191956e-05,1.009469428936426993e-06,9.999866485595703125e-01,5.607321185152613907e-08
6.086631287871568929e-08,6.304788257693871856e-06,8.103568234218982980e-07,9.999912977218627930e-01,1.558535132062388584e-06
5.667615821103311191e-10,6.044399469828931615e-06,4.548417393834824907e-07,9.999933242797851562e-01,1.303579608702420956e-07
3.194836339925899438e-10,2.574612517491914332e-05,1.280133460568322334e-06,9.999727010726928711e-01,2.242552170628187014e-07
8.594341904810676169e-11,9.641326869314070791e-06,8.359384082723408937e-07,9.999893903732299805e-01,1.588397822160914075e-07
7.066317669890409547e-11,8.900839020498096943e-06,1.664094270381610841e-06,9.999892711639404297e-01,7.187361461546970531e-08
1.897378087978296435e-10,1.332940246356884018e-05,4.262856236891821027e-06,9.999821186065673828e-01,3.155786885145062115e-07
1.511262504028110243e-10,1.252706988452700898e-05,4.551573965727584437e-06,9.999824166297912598e-01,4.049641972869721940e-07
1.669215980715232917e-11,2.796801709337159991e-06,4.999684279027860612e-06,9.999921321868896484e-01,8.927328565278003225e-08
5.763962571125880174e-11,1.825054710025142413e-06,3.936189841624582186e-06,9.999939799308776855e-01,2.184215759370999876e-07
3.027175038416984876e-11,1.941001301020151004e-06,1.215348561345308553e-06,9.999966621398925781e-01,2.277945299056227668e-07
6.437454042051982128e-11,2.723421630435041152e-06,3.146722917790611973e-07,9.999967813491821289e-01,1.312174617851269431e-07
1.396135290709921151e-11,3.257270009271451272e-07,3.026237322956149001e-07,9.999992847442626953e-01,5.392312729668446991e-08
3.196840014929591689e-11,1.793026513041695580e-06,3.356000206622411497e-07,9.999978542327880859e-01,7.942795576809658087e-08
2.510061603011592979e-11,6.993424790380231570e-07,3.328473781039065216e-07,9.999989271163940430e-01,4.058981417642826273e-08
4.451013169148865245e-11,1.690111275820527226e-06,5.240796099315048195e-07,9.999977350234985352e-01,1.198283854364490253e-07
3.007681950717433494e-11,4.751049800688633695e-06,2.424226579478272470e-07,9.999948143959045410e-01,1.248280057097872486e-07
8.881695379159282311e-11,1.473829229325929191e-06,2.729129846557043493e-07,9.999982118606567383e-01,1.167206988839097903e-07
2.514619901194947715e-10,2.739964429565588944e-06,1.106391209759749472e-06,9.999960660934448242e-01,1.134648570655372168e-07
3.335232090506679015e-11,7.470940204257203732e-07,1.125547015590200317e-07,9.999991059303283691e-01,3.168308992940183089e-08
2.185413655597656657e-11,8.706969083505100571e-07,1.811208676372189075e-07,9.999989271163940430e-01,2.101330309756122006e-08
3.074679177927919227e-09,1.444601366529241204e-05,2.205197461080388166e-06,9.999831914901733398e-01,1.295294254077816731e-07
1.461598952978704347e-09,1.179311311716446653e-05,2.398167907813331112e-06,9.999856352806091309e-01,7.074878993762467871e-08
4.047736312795535696e-10,1.420335775037528947e-05,1.157577685262367595e-06,9.999845623970031738e-01,5.000075020689109806e-08
2.216094530105294780e-10,2.041997686319518834e-05,6.218330668161797803e-07,9.999788999557495117e-01,8.742793511373747606e-08
6.922311335255670883e-11,6.605049293284537271e-06,4.269872988515999168e-07,9.999929070472717285e-01,9.154124569477062323e-08
1.728811954704312370e-10,2.030121868301648647e-05,1.050471269081754144e-06,9.999785423278808594e-01,8.378278693044194370e-08
4.063981651203363299e-10,1.450670333724701777e-05,1.272375470762199257e-06,9.999841451644897461e-01,6.297990751136239851e-08
9.001302481159711988e-10,1.324118238699156791e-05,1.388950181535619777e-06,9.999852180480957031e-01,1.487051690673979465e-07
1.829688345278412953e-10,2.466914793330943212e-06,2.764121518339379691e-07,9.999971389770507812e-01,5.590491269913400174e-08
6.632976806697499228e-11,2.990926475376909366e-07,3.334537268528947607e-08,9.999995231628417969e-01,3.070028142815317551e-08
2.561390821664843997e-10,3.976330390287330374e-06,1.064076542434122530e-07,9.999958872795104980e-01,2.091262452097453206e-08
2.124898035305022859e-10,1.329623387391620781e-06,8.895034397937706672e-08,9.999984502792358398e-01,9.773477671615182771e-08
1.222987267013309065e-10,4.093435109098209068e-06,1.357661147949329461e-07,9.999957084655761719e-01,1.104880738012070651e-07
3.982056628881736060e-10,1.315614895247563254e-06,5.524569601789153239e-08,9.999984502792358398e-01,1.739083614893388585e-07
2.072296362287673333e-10,2.852532134056673385e-06,6.151969245138388942e-08,9.999969005584716797e-01,1.292394529173179762e-07
4.362119832013178211e-10,2.629843720569624566e-06,5.713097550597012741e-08,9.999971389770507812e-01,1.483207938690611627e-07
9.299632591774908974e-11,1.069246764018316753e-06,3.987859642506919045e-08,9.999988079071044922e-01,7.754984210350812646e-08
1.072569880133933395e-10,1.673064161877846345e-06,2.725351855303870252e-08,9.999980330467224121e-01,1.848535049475685810e-07
1.718695463726049866e-10,8.860554885359306354e-07,2.004843402403366781e-08,9.999990463256835938e-01,7.346277897113395738e-08
2.224462558597650741e-10,1.708125182631192729e-06,2.320360863450332545e-07,9.999980330467224121e-01,3.736841946988533891e-08
3.836625461772769086e-11,1.263736066903220490e-06,1.283402610852135695e-07,9.999985694885253906e-01,4.347025139850302367e-08
2.910456251004056583e-11,4.444744092779728817e-07,1.967728024965254008e-08,9.999993443489074707e-01,7.759245335137165966e-08
3.612829202470635437e-10,2.690401743166148663e-06,9.013680823954928201e-08,9.999969601631164551e-01,1.728667911038428429e-07
9.029273856375752416e-11,1.343098574579926208e-07,1.156189721740474852e-08,9.999997615814208984e-01,1.174525365854606207e-07
6.681613040626643851e-10,1.403833266522269696e-06,1.113717917888834563e-08,9.999982118606567383e-01,3.603619518344203243e-07
2.212587091321438493e-08,2.839869994204491377e-04,4.157821464900735009e-08,9.997097849845886230e-01,6.149230102892033756e-06
2.487890782276735990e-09,2.014352139667607844e-05,2.892077866079034720e-08,9.999769926071166992e-01,2.886806669266661629e-06
6.165671306845865729e-10,5.737329047406092286e-06,2.633055906642312038e-08,9.999937415122985840e-01,4.862792479798372369e-07
5.179711104474904459e-10,5.476660589920356870e-06,1.004135796733862662e-08,9.999943971633911133e-01,8.716918387108307797e-08
2.264588377931531227e-10,4.067120471518137492e-07,8.055417666241737606e-09,9.999995231628417969e-01,1.375870084530106396e-07
7.746885771764411288e-11,2.674881329767231364e-07,2.198553339383124694e-08,9.999996423721313477e-01,6.680689068616629811e-08
1.261539622765539548e-10,2.942062565125524998e-06,4.773226081056236580e-08,9.999966621398925781e-01,3.105510302248148946e-07
9.689052893335770023e-10,1.450377894798293710e-04,4.486520083446521312e-06,9.998493194580078125e-01,1.081790742318844423e-06
3.420677074927880312e-09,7.929971616249531507e-05,2.570478500274475664e-05,9.998943805694580078e-01,6.095249887039244641e-07
9.207299811464508821e-09,2.786464174278080463e-04,1.247907202923670411e-04,9.995958209037780762e-01,7.451421879522968084e-07
1.151969986068479557e-08,2.049942966550588608e-03,4.666569584514945745e-04,9.974821805953979492e-01,1.078242462426715065e-06
1.663084958636318333e-08,2.085283165797591209e-03,4.641056293621659279e-04,9.974498748779296875e-01,7.997122111191856675e-07
5.942846215134522936e-08,1.222704723477363586e-02,4.270757548511028290e-03,9.835005998611450195e-01,1.474963937653228641e-06
1.007539207620311572e-08,5.062439292669296265e-02,8.009507437236607075e-04,9.485725164413452148e-01,2.179225475629209541e-06
1.132482640997523049e-08,3.852171003818511963e-01,1.443481072783470154e-03,6.133335232734680176e-01,5.854484243172919378e-06
4.943451017425104510e-07,5.302026122808456421e-02,1.645306497812271118e-02,9.305034279823303223e-01,2.278019383084028959e-05
2.071010385407134891e-06,1.630212515592575073e-01,2.905823476612567902e-02,8.079031109809875488e-01,1.530072768218815327e-05
1.695213882157986518e-06,4.050770401954650879e-01,1.118760835379362106e-02,5.837132930755615234e-01,2.031621079368051142e-05
6.157583243293629494e-07,1.197232231497764587e-01,1.765117235481739044e-02,8.626101613044738770e-01,1.483350752096157521e-05
2.738707394200901035e-08,5.215604305267333984e-01,4.713764879852533340e-03,4.735456407070159912e-01,1.801481848815456033e-04
4.077975734873007241e-09,5.573490262031555176e-01,4.475813184399157763e-04,4.420932233333587646e-01,1.101154412026517093e-04
2.532763332396825717e-09,4.196627438068389893e-01,2.980094577651470900e-04,5.798613429069519043e-01,1.778559089871123433e-04
5.385047963102351787e-11,9.746530055999755859e-01,3.595069210859946907e-05,2.530518174171447754e-02,5.752944616688182577e-06
1.004292315975874317e-09,8.283964991569519043e-01,6.328387535177171230e-04,1.706622987985610962e-01,3.083908231928944588e-04
2.214970568070739887e-10,8.687958717346191406e-01,4.040006024297326803e-05,1.311442852020263672e-01,1.947374948940705508e-05
2.535910148537823261e-09,6.160080432891845703e-01,3.816780517809092999e-04,3.833760619163513184e-01,2.342201332794502378e-04
2.168701468407974176e-10,9.656919836997985840e-01,1.327763311564922333e-04,3.416435793042182922e-02,1.094244726118631661e-05
1.682302075423081078e-10,9.468892216682434082e-01,2.409631815680768341e-05,5.308651924133300781e-02,1.864257797024038155e-07
2.808687726840730647e-10,9.264478087425231934e-01,2.243420749437063932e-05,7.352954149246215820e-02,1.597837382405487006e-07
5.152404544683797383e-11,9.838807582855224609e-01,3.230408765375614166e-05,1.608643680810928345e-02,3.870266027661273256e-07
9.416591638389260055e-12,9.960101246833801270e-01,1.127274481405038387e-05,3.977933432906866074e-03,5.687620614480692893e-07
2.200320307899072958e-11,9.973706007003784180e-01,2.849833435902837664e-05,2.599227707833051682e-03,1.660384668866754510e-06
9.526324173947386953e-11,9.877639412879943848e-01,8.042362605920061469e-05,1.214476861059665680e-02,1.088974931917618960e-05
2.630841725026478173e-12,9.994150400161743164e-01,1.975876102733309381e-06,5.829797009937465191e-04,1.635640778374636284e-08
4.879508689464850946e-12,9.983583092689514160e-01,5.670854989148210734e-06,1.635907916352152824e-03,8.480548530087617110e-08
7.848477076577431433e-12,9.984294176101684570e-01,2.743170989560894668e-05,1.542218145914375782e-03,9.614731197871151380e-07
6.576837598831763998e-12,9.991357922554016113e-01,1.091881495085544884e-05,8.532693027518689632e-04,4.452429536172530788e-08
6.734180574285986154e-11,9.939388036727905273e-01,3.574144284357316792e-05,6.024539936333894730e-03,8.490239338243554812e-07
3.196998915599991165e-11,9.975247979164123535e-01,4.633639400708489120e-05,2.427696250379085541e-03,1.157162728304683696e-06
6.449658168650174161e-11,9.946205615997314453e-01,5.120062269270420074e-05,5.326379090547561646e-03,1.838581511037773453e-06
2.405809440553241529e-10,9.888268709182739258e-01,6.719510565744712949e-05,1.109986286610364914e-02,5.991770649416139349e-06
7.890839370805480257e-11,9.896062612533569336e-01,2.710762237256858498e-05,1.036106515675783157e-02,5.539706307899905369e-06
2.486659662903623058e-11,9.989171028137207031e-01,8.016742867766879499e-06,1.074587577022612095e-03,3.561086145964509342e-07
7.701748128141616689e-10,9.557155370712280273e-01,1.749684088281355798e-05,4.425982385873794556e-02,7.118586836440954357e-06
1.401258137301297779e-10,9.945186376571655273e-01,5.293736103340052068e-05,5.423016846179962158e-03,5.378748937800992280e-06
8.550490177006153658e-11,9.958825111389160156e-01,5.318704279488883913e-05,4.062145948410034180e-03,2.126315166606218554e-06
1.063145821378341793e-10,9.970558881759643555e-01,2.096798416459932923e-04,2.733091590926051140e-03,1.256966697837924585e-06
2.885853778167302153e-10,9.927327632904052734e-01,3.747781156562268734e-04,6.886919960379600525e-03,5.503855845745420083e-06
4.211468951353936063e-10,9.920718073844909668e-01,3.993321734014898539e-04,7.524027489125728607e-03,4.780082235811278224e-06
4.097246708578694552e-10,9.919310212135314941e-01,7.400411996059119701e-04,7.318381685763597488e-03,1.060679460351821035e-05
3.423678285319198267e-10,9.905644655227661133e-01,3.586875973269343376e-04,9.073160588741302490e-03,3.671918648251448758e-06
4.968631062141071197e-10,9.704135656356811523e-01,4.918333725072443485e-04,2.907625958323478699e-02,1.833399619499687105e-05
1.925905268596039832e-10,9.881805181503295898e-01,1.563917612656950951e-04,1.165097486227750778e-02,1.219790738105075434e-05
1.115249420591268859e-10,9.964354038238525391e-01,2.138973941328004003e-04,3.343513002619147301e-03,7.199065294116735458e-06
3.614233565207847221e-11,9.981866478919982910e-01,4.757440547109581530e-05,1.765188877470791340e-03,5.864343961548001971e-07
1.735108307032717789e-10,9.891000390052795410e-01,2.161141164833679795e-04,1.067778468132019043e-02,5.998688720865175128e-06
4.329445413286947542e-10,9.242212176322937012e-01,5.253913113847374916e-04,7.523871958255767822e-02,1.470841925765853375e-05
4.089610594615322725e-10,9.776863455772399902e-01,3.897596034221351147e-04,2.191682159900665283e-02,6.992167527641868219e-06
4.368064798754289768e-10,9.945465922355651855e-01,6.880509317852556705e-04,4.749136511236429214e-03,1.619899376237299293e-05
1.291030726768838122e-09,9.860180020332336426e-01,5.378123605623841286e-04,1.340172719210386276e-02,4.234588777762837708e-05
5.151238324785367695e-10,9.968897104263305664e-01,4.083455714862793684e-04,2.673211274668574333e-03,2.870668140531051904e-05
2.524145337190475402e-09,9.891960024833679199e-01,1.117535517551004887e-03,9.601990692317485809e-03,8.442530088359490037e-05
3.227076605938350440e-09,9.702068567276000977e-01,5.681432667188346386e-04,2.911607176065444946e-02,1.087919808924198151e-04
7.507597321598780127e-10,9.954453110694885254e-01,2.776649198494851589e-04,4.247410688549280167e-03,2.956642310891766101e-05
1.293897655685327663e-09,9.978470206260681152e-01,9.493658581050112844e-05,2.050277311354875565e-03,7.727749107289128006e-06
3.183827423924867617e-09,9.945405125617980957e-01,4.303046443965286016e-04,5.001327954232692719e-03,2.792120722006075084e-05
2.413467647954803397e-09,9.863314032554626465e-01,2.555406535975635052e-04,1.336378324776887894e-02,4.925371467834338546e-05
6.833702048680834196e-09,9.895979166030883789e-01,3.482312895357608795e-04,9.951774030923843384e-03,1.021032949211075902e-04
1.134584159956375515e-08,9.925362467765808105e-01,4.659747355617582798e-04,6.880700122565031052e-03,1.170287287095561624e-04
2.556210532134173263e-08,9.809908866882324219e-01,1.076826592907309532e-03,1.685957424342632294e-02,1.072700018994510174e-03
8.902854453651798394e-09,9.879894852638244629e-01,2.370764414081349969e-04,1.162757072597742081e-02,1.458464394090697169e-04
2.709352031615708256e-08,9.814355373382568359e-01,3.003610763698816299e-04,1.785951294004917145e-02,4.045853565912693739e-04
9.373097853426770598e-09,9.690351486206054688e-01,2.127506013493984938e-04,3.053632006049156189e-02,2.156784466933459044e-04
1.800100690729777853e-08,9.826909303665161133e-01,2.728993422351777554e-04,1.665084250271320343e-02,3.852248482871800661e-04
1.579459230072188802e-08,9.769586324691772461e-01,2.533849619794636965e-04,2.229794487357139587e-02,4.899686900898814201e-04
3.509594392880899250e-08,9.273483157157897949e-01,2.273410791531205177e-04,7.108014822006225586e-02,1.344205928035080433e-03
1.061135677105085051e-07,8.964345455169677734e-01,2.444099227432161570e-04,1.012711301445960999e-01,2.049682894721627235e-03
7.598217877102797502e-08,8.769372105598449707e-01,2.641905157361179590e-04,1.198584809899330139e-01,2.940022386610507965e-03
2.520169459785392974e-07,5.860540270805358887e-01,3.025823389180004597e-04,4.098474681377410889e-01,3.795631229877471924e-03
6.692626897120135254e-08,4.741315543651580811e-01,2.306256210431456566e-04,5.244287848472595215e-01,1.209033303894102573e-03
4.563687383551950916e-08,6.967062354087829590e-01,2.211444079875946045e-04,3.024178743362426758e-01,6.546205258928239346e-04
1.604785779818485025e-07,4.757796823978424072e-01,3.268218133598566055e-04,5.221238732337951660e-01,1.769475871697068214e-03
2.532082419293146813e-07,4.738548398017883301e-01,1.778281148290261626e-04,5.225067734718322754e-01,3.460252191871404648e-03
1.856543576650437899e-07,5.565086603164672852e-01,1.453918288461863995e-03,4.383088052272796631e-01,3.728429088369011879e-03
7.225696663226699457e-08,4.870142936706542969e-01,7.789336959831416607e-04,5.070325732231140137e-01,5.174062214791774750e-03
2.614655159050016664e-07,6.334373950958251953e-01,4.921761574223637581e-04,3.541274368762969971e-01,1.194270420819520950e-02
4.231560808420908870e-07,7.643204927444458008e-01,5.187629722058773041e-04,2.222137898206710815e-01,1.294652186334133148e-02
9.994009815272875130e-07,6.415565013885498047e-01,1.668785000219941139e-03,3.378356993198394775e-01,1.893800683319568634e-02
3.713213061473652488e-07,8.696340918540954590e-01,1.304692937992513180e-03,1.205505207180976868e-01,8.510291576385498047e-03
1.688341626504552551e-07,8.715987205505371094e-01,1.000330434180796146e-03,1.208225116133689880e-01,6.578408181667327881e-03
2.474715188327536453e-07,9.136834144592285156e-01,8.812777814455330372e-04,6.566840410232543945e-02,1.976665295660495758e-02
4.739071357562352205e-08,9.251328110694885254e-01,1.205856795422732830e-03,6.553064286708831787e-02,8.130578324198722839e-03
9.074915965356922243e-07,6.011044979095458984e-01,9.266271954402327538e-04,3.771128952503204346e-01,2.085513435304164886e-02
2.391762450315582100e-07,7.659252882003784180e-01,2.006842754781246185e-03,2.047721445560455322e-01,2.729558944702148438e-02
1.108271931116178166e-06,2.609953284263610840e-01,1.981578068807721138e-03,6.506938338279724121e-01,8.632808923721313477e-02
4.354861289357359055e-07,8.965876698493957520e-01,3.793864976614713669e-03,8.750517666339874268e-02,1.211279723793268204e-02
5.564854745898628607e-07,8.968122005462646484e-01,2.840283093973994255e-03,9.285351634025573730e-02,7.493439596146345139e-03
2.651860995683819056e-04,6.355255246162414551e-01,2.539601549506187439e-02,3.093190193176269531e-01,2.949420548975467682e-02
5.005139200875419192e-07,9.570094347000122070e-01,4.771274048835039139e-03,2.904747612774372101e-02,9.171252138912677765e-03
2.656847645994275808e-04,6.356495022773742676e-01,2.541735209524631500e-02,3.091289103031158447e-01,2.953856624662876129e-02
1.560909140607691370e-06,7.470546364784240723e-01,1.100801769644021988e-02,2.191541045904159546e-01,2.278168313205242157e-02
2.623246400617063046e-04,6.346909403800964355e-01,2.527912333607673645e-02,3.105419576168060303e-01,2.922562509775161743e-02
1.510251308900478762e-06,8.521453142166137695e-01,3.371031954884529114e-03,1.342476904392242432e-01,1.023453194648027420e-02
6.098406970522773918e-07,9.849063754081726074e-01,3.931362647563219070e-03,1.073972973972558975e-02,4.219858383294194937e-04
1.272396445983758895e-07,9.860012531280517578e-01,6.517647299915552139e-03,6.434736773371696472e-03,1.046231365762650967e-03
1.648904088824565406e-07,9.943638443946838379e-01,2.898895880207419395e-03,2.465510508045554161e-03,2.715397858992218971e-04
8.677471186047114315e-08,9.957662224769592285e-01,1.643358729779720306e-03,2.534359693527221680e-03,5.588756539509631693e-05
2.099426637869328260e-05,9.400900602340698242e-01,1.413853093981742859e-02,4.427779838442802429e-02,1.472710981033742428e-03
9.897254109382629395e-01,3.045460325665771961e-04,3.815676027443259954e-04,7.741854060441255569e-03,1.846517901867628098e-03
