5.491257525136461481e-06,9.997319579124450684e-01,2.620785671751946211e-04,1.027674230158481805e-07,3.330544018353975844e-07
3.720486461133987177e-07,9.996590614318847656e-01,3.402232250664383173e-04,5.086667442810721695e-08,3.256645584315265296e-07
1.115678784913143318e-07,9.995806813240051270e-01,4.190758336335420609e-04,1.774747602212300990e-07,6.987441025785301463e-08
6.733966529282042757e-06,9.982964992523193359e-01,1.679670182056725025e-03,1.143949248216813430e-05,5.576088369707576931e-06
1.124588866474596216e-09,9.999675750732421875e-01,3.246391133870929480e-05,1.044155872875762725e-08,2.641243224132949763e-09
2.148463806861400371e-08,9.998961687088012695e-01,1.037847905536182225e-04,9.606765161151997745e-09,3.141289672825564594e-09
4.275616902305046096e-06,9.996759295463562012e-01,3.190473944414407015e-04,2.471334248355105956e-08,6.536978389704017900e-07
3.836340454199671512e-07,9.998413324356079102e-01,1.580336247570812702e-04,1.801309679194673663e-08,2.275522206218738575e-07
7.958183445566646697e-09,9.999885559082031250e-01,1.140130734711419791e-05,2.621155203996750060e-08,4.302783018772515788e-09
2.166669332837045658e-08,9.999672174453735352e-01,3.270542583777569234e-05,1.156487439146758334e-08,5.608709052751237323e-09
1.286606675421353430e-06,9.987081885337829590e-01,1.290371757932007313e-03,7.943034674440241361e-09,8.588145306021033321e-08
2.609706584166815446e-08,9.999706745147705078e-01,2.932086863438598812e-05,3.284742478015800771e-09,2.035660529031702026e-09
3.136428450289940884e-09,9.999942183494567871e-01,5.715964562114095315e-06,7.511812505356374459e-09,3.970013762177870831e-10
1.468392607506530112e-08,9.998907446861267090e-01,1.092851962312124670e-04,7.576202776249374438e-09,6.206191560664819917e-09
8.186311073465901700e-10,9.999886155128479004e-01,1.135137881647096947e-05,1.995921872222083948e-09,4.279185339406410549e-10
6.062424784403219746e-09,9.998621940612792969e-01,1.378005981678143144e-04,7.449645789137093743e-09,1.864890686320563873e-09
9.412939543835818768e-04,9.140948057174682617e-01,8.323861658573150635e-02,8.380113868042826653e-04,8.873324259184300900e-04
2.732388715287470404e-08,9.994145035743713379e-01,5.852631293237209320e-04,6.136897923170181457e-08,6.230568061482699704e-08
3.811252979879498071e-10,9.999930858612060547e-01,6.930195922905113548e-06,7.704293203403267398e-09,3.518706714888963916e-10
2.598390835828467971e-07,9.995626211166381836e-01,4.370324022602289915e-04,1.210882203395158285e-07,4.488873983632402087e-08
1.665688323555514216e-04,9.420341849327087402e-01,5.768909305334091187e-02,5.555644747801125050e-05,5.456419967231340706e-05
8.995094685815274715e-04,8.723165392875671387e-01,1.243318021297454834e-01,1.160033512860536575e-03,1.292189350351691246e-03
3.074040133554944987e-09,9.999949932098388672e-01,5.056737791164778173e-06,2.117758590713947342e-08,1.395841109363971100e-09
9.238005732186138630e-04,8.828636407852172852e-01,1.139124706387519836e-01,1.094787032343447208e-03,1.205294625833630562e-03
1.654560599639864904e-09,9.999047517776489258e-01,9.516891441307961941e-05,8.003015494750798098e-08,7.817901326312437504e-10
6.737708169168854511e-09,9.999696016311645508e-01,3.042280150111764669e-05,4.055963032101317367e-08,9.443774234840773829e-11
2.426302214697528825e-10,9.999903440475463867e-01,9.702554052637424320e-06,2.712878810484653513e-08,5.718157891632102974e-11
1.558789070044142022e-10,9.999627470970153809e-01,3.720990571309812367e-05,1.159413898221828276e-08,8.564723236181848165e-11
4.269172677595634013e-07,9.999210238456726074e-01,7.802317122695967555e-05,3.961578158850898035e-07,1.141575509677750233e-07
4.211310411506019591e-09,9.999802112579345703e-01,1.869576044555287808e-05,1.130621285483357497e-06,5.564499083732243889e-09
1.322978282480846701e-09,9.999912977218627930e-01,8.443564183835405856e-06,2.320453802440169966e-07,1.805560478906897970e-09
4.619912008507753853e-09,9.990839958190917969e-01,9.019323042593896389e-04,1.404508839186746627e-05,1.015214756705518084e-08
3.960622052545659244e-09,9.997602105140686035e-01,2.393915638094767928e-04,3.976510640768537996e-07,1.270898108973739227e-10
3.770568746119806747e-09,9.999210238456726074e-01,7.882837962824851274e-05,1.618237774891895242e-07,7.860226358680222347e-11
1.074414654467226171e-10,9.999815225601196289e-01,1.852115565270651132e-05,4.872310555015246791e-08,4.721110308247844500e-11
9.584451327100396156e-04,9.083678722381591797e-01,8.883532881736755371e-02,9.063423494808375835e-04,9.320650715380907059e-04
9.119289461523294449e-04,8.777570128440856934e-01,1.189633160829544067e-01,1.127312774769961834e-03,1.240372192114591599e-03
9.283363661127808086e-11,9.998972415924072266e-01,1.022044161800295115e-04,6.213073220351361670e-07,2.134007970333584581e-10
4.793548336046171698e-10,9.986008405685424805e-01,1.398158958181738853e-03,9.910252174449851736e-07,2.330733384070526881e-09
1.886869771539068097e-09,9.605639576911926270e-01,3.942723199725151062e-02,8.454239832644816488e-06,2.843244715222681407e-07
7.113783867529477334e-11,9.440256953239440918e-01,5.597227439284324646e-02,1.986695451705600135e-06,8.094260373070483183e-09
8.973682997748255730e-04,8.724936842918395996e-01,1.241587698459625244e-01,1.159657374955713749e-03,1.290480140596628189e-03
1.849378705731652417e-10,9.897897243499755859e-01,1.020571030676364899e-02,4.537493168754735962e-06,1.170131014305297867e-08
4.650268503603172121e-10,9.993319511413574219e-01,6.677495548501610756e-04,3.238480701384105487e-07,9.929024269439423733e-10
7.227178300261982713e-10,9.933974742889404297e-01,6.600965745747089386e-03,1.493198737989587244e-06,3.867457909478844158e-09
2.220572392630515424e-09,9.994077682495117188e-01,5.921351839788258076e-04,6.205058156183440587e-08,9.546204798871471553e-11
2.745865201880803852e-10,9.998939633369445801e-01,1.060884387698024511e-04,1.217700162925439145e-08,8.442540069819592929e-12
4.677551679321823030e-10,9.995376467704772949e-01,4.621353582479059696e-04,2.446532505473442143e-07,2.037776752894515653e-10
1.995446030633729606e-09,9.998178482055664062e-01,1.813593262340873480e-04,7.170556841629149858e-07,6.691752152399033093e-10
6.683785035849210132e-12,9.999936819076538086e-01,6.353116077661979944e-06,9.689830049453007632e-10,3.132147590335226939e-13
4.680217671748643227e-11,9.999980330467224121e-01,1.906576585497532506e-06,3.393487491010205304e-09,1.835842458955405654e-12
5.803632574519212994e-11,9.999986886978149414e-01,1.343861640634713694e-06,3.370438095284811197e-10,2.946103376446490563e-13
1.486763823166370457e-09,9.999920129776000977e-01,8.020826498977839947e-06,5.653752466194816861e-10,1.066823886175516378e-11
9.046996485295721868e-11,9.999650716781616211e-01,3.493390977382659912e-05,5.290777593813800195e-09,8.902892312256938112e-12
9.270362810731569425e-10,9.999483823776245117e-01,5.162916932022199035e-05,1.229816604109146283e-08,7.140196767174700199e-11
1.744774102974133712e-08,9.998999834060668945e-01,9.996728476835414767e-05,6.334805124907916252e-09,3.101210954703503830e-10
7.800027845838997109e-10,9.999659061431884766e-01,3.411181751289404929e-05,1.271053928775245367e-09,7.408905303499246919e-13
9.470281447931938601e-09,9.997028708457946777e-01,2.969520865008234978e-04,1.042906490056338953e-07,1.618553273179113017e-12
8.082073676973777765e-09,9.997641444206237793e-01,2.357037446927279234e-04,6.473355540492775617e-08,4.844944324206013064e-12
4.144217413681872131e-09,9.996575713157653809e-01,3.423478046897798777e-04,4.877087178556394065e-09,3.326057311514585280e-12
1.681198909864178859e-06,9.982737302780151367e-01,1.724606729112565517e-03,2.518342157031838724e-08,3.847069329765417933e-10
7.293176622624741867e-06,9.453235864639282227e-01,5.465608835220336914e-02,5.629815859720110893e-06,7.410627404169645160e-06
3.389058633729291614e-08,9.996402263641357422e-01,3.597662143874913454e-04,4.721565804999272586e-09,1.734096061190015803e-10
1.076788880283174876e-09,9.999791979789733887e-01,2.068451431114226580e-05,2.009911570510780621e-09,9.105017954869065733e-12
2.877105664822465769e-09,9.999199509620666504e-01,7.994004408828914165e-05,3.713407581429351012e-09,7.767110565826129687e-11
9.651805739849805832e-04,9.113287925720214844e-01,8.598312735557556152e-02,8.426028653047978878e-04,8.803243399597704411e-04
4.393078262276972623e-11,9.998993873596191406e-01,1.006134480121545494e-04,5.328887997535503018e-09,1.350983561132501620e-11
5.729263174991672258e-10,9.998385906219482422e-01,1.613609347259625793e-04,1.037859131969298687e-09,5.920963372374465905e-12
3.221815175757924976e-11,9.999471306800842285e-01,5.282182610244490206e-05,4.390527941211530560e-09,9.300940226331100291e-12
2.154124101316767792e-10,9.998312592506408691e-01,1.687655167188495398e-04,1.198359633747259068e-08,3.757806912862982074e-11
2.977337265619439677e-09,9.997904896736145020e-01,2.094701776513829827e-04,7.324807427266932791e-10,6.991203449491223409e-11
1.278392325332333712e-08,9.998766183853149414e-01,1.233124057762324810e-04,3.505264523084861139e-09,9.094105329898738432e-11
5.965229377125069732e-08,9.988290071487426758e-01,1.170833827927708626e-03,1.664443338711407705e-08,2.012024991060457069e-09
2.704776180806334196e-09,9.995597004890441895e-01,4.402633348945528269e-04,1.814017491774677637e-09,1.521704290352587918e-10
2.366245421825396988e-09,9.998351335525512695e-01,1.648672332521528006e-04,4.690524080253055672e-10,4.505731204806906476e-11
2.788247321916514920e-08,9.997367262840270996e-01,2.632493851706385612e-04,5.138640624124946044e-09,1.058516829743894050e-09
7.766980947288004700e-10,9.999530315399169922e-01,4.698733391705900431e-05,2.463337311908730953e-09,8.560460673656677955e-11
2.508574181714351425e-10,9.999790787696838379e-01,2.103015503962524235e-05,1.208174893463365152e-09,1.979669900231684210e-11
1.964756801697831179e-09,9.998766183853149414e-01,1.233524963026866317e-04,9.679614887403431567e-10,1.124772774918625373e-10
4.708256007290856360e-09,9.991816878318786621e-01,8.182421443052589893e-04,2.336801685487444047e-08,1.294487628200613472e-09
4.879839707427890971e-06,9.989495277404785156e-01,8.859389927238225937e-04,1.595205685589462519e-04,5.464019281475884782e-08
1.292922574558375004e-10,9.997208714485168457e-01,2.773891319520771503e-04,1.615891505934996530e-06,1.147604650197919796e-10
6.123807017033300326e-10,9.959746599197387695e-01,4.010314587503671646e-03,1.491097737016389146e-05,9.105148857102562943e-10
2.261900000632977026e-09,9.985985159873962402e-01,1.399867469444870949e-03,1.696091999292548280e-06,3.615429733372366172e-09
8.223102199167442450e-10,9.997505545616149902e-01,2.493079809937626123e-04,6.324751211650436744e-08,1.737115035149727760e-10
4.086571525618865053e-09,9.994658827781677246e-01,5.339320050552487373e-04,2.628062247822526842e-07,6.309683331373605597e-10
8.364371950619897689e-08,9.995575547218322754e-01,4.422480997163802385e-04,8.479157997953734593e-08,1.134730753804547021e-09
9.408908852037711767e-08,9.999583959579467773e-01,4.138625445193611085e-05,9.254419808257807745e-08,5.264240710012302316e-10
6.739083069362550305e-09,9.999506473541259766e-01,4.932516822009347379e-05,4.700264000234710693e-08,1.050102105965011745e-11
1.243155622887570644e-08,9.998985528945922852e-01,1.013326764223165810e-04,7.413079572415881557e-08,8.454464558993457501e-12
8.779908711176176439e-08,9.989436268806457520e-01,1.055482891388237476e-03,8.820129551168065518e-07,3.187178299057791264e-11
1.426651010660862084e-07,9.896084666252136230e-01,1.038813963532447815e-02,3.250822828704258427e-06,5.528200675009031784e-10
3.576617757516942220e-08,9.981656074523925781e-01,1.834142836742103100e-03,2.718417135838535614e-07,1.590461512490648488e-10
6.680156428018335646e-11,9.990316629409790039e-01,9.683392127044498920e-04,1.073698818743196171e-08,1.304741210905735471e-11
5.678165715394811741e-10,9.997135400772094727e-01,2.864614652935415506e-04,3.543055981936049648e-08,1.344216543630594174e-10
1.389681436592127284e-08,9.994270801544189453e-01,5.729838158003985882e-04,1.420088491244086981e-08,7.688930048210806945e-11
1.328446935788818450e-10,9.999800920486450195e-01,1.985105518542695791e-05,1.948382610805765580e-08,1.912410767940242451e-12
1.624886475370956873e-10,9.999583959579467773e-01,4.142586112720891833e-05,6.340090408230025787e-08,3.115412658752370056e-12
1.828293849648332525e-09,9.998719692230224609e-01,1.277327392017468810e-04,2.968304784189967904e-07,1.465055680938132099e-11
2.137736876406393094e-09,9.996294975280761719e-01,3.648707061074674129e-04,5.634381068375660107e-06,7.970225590625545919e-10
5.817921144846138759e-10,9.997437596321105957e-01,2.548453339841216803e-04,1.408373691447195597e-06,1.908274427364631265e-09
3.384865721045571263e-08,9.997140169143676758e-01,2.830528246704488993e-04,2.990517259604530409e-06,7.796057133191425237e-10
5.021588478371086239e-08,9.993728995323181152e-01,5.748458788730204105e-04,5.220025923335924745e-05,7.133588386665223879e-09
2.720271341516422581e-09,9.995160102844238281e-01,4.297059203963726759e-04,5.427362702903337777e-05,4.099077965946662516e-09
1.375524916191750435e-09,9.976741671562194824e-01,1.957716187462210655e-03,3.681389207486063242e-04,2.881725791326061881e-08
4.431460354226146592e-08,9.869960546493530273e-01,9.155046194791793823e-03,3.848400432616472244e-03,4.153769452841515886e-07
3.869882334583962802e-07,9.799610972404479980e-01,1.615107432007789612e-02,3.887150436639785767e-03,2.194293671209379681e-07
8.140930731315165758e-06,9.849706888198852539e-01,1.095139514654874802e-02,4.069594666361808777e-03,1.778878697678010212e-07
1.165793079849208880e-07,9.995779991149902344e-01,3.869006177410483360e-04,3.505114727886393666e-05,1.999354681814224932e-09
2.955480908894969616e-07,9.986835718154907227e-01,1.085444586351513863e-03,2.307802933501079679e-04,5.649619083669676911e-08
1.768158064407998609e-08,9.997214674949645996e-01,2.535573439672589302e-04,2.488294376234989613e-05,3.106518420281645376e-08
1.676693089924796709e-10,9.998552799224853516e-01,1.425325899617746472e-04,2.131878545696963556e-06,9.579775195334150339e-09
2.250906058764989837e-11,9.999446868896484375e-01,5.400885129347443581e-05,1.345637770100438502e-06,1.697500473518687159e-09
3.182846694538277177e-11,9.999971389770507812e-01,2.815295829350361601e-06,5.150388560082319600e-08,6.470778080025496592e-11
1.292692602267164759e-11,9.999990463256835938e-01,9.278248853661352769e-07,5.047541939973143599e-09,2.649500410734084710e-11
7.375430821632278366e-10,9.999980330467224121e-01,1.964117245734087192e-06,4.162717814892857859e-08,9.271600709404026475e-10
3.518762170529043942e-09,9.999992847442626953e-01,7.206761551969975699e-07,1.456351572670655514e-08,8.582465987894138948e-11
9.425500380189077987e-09,9.999967813491821289e-01,2.676898930076276883e-06,4.298821352222148562e-07,1.244889524798509228e-09
2.700303269875803380e-08,9.999924898147583008e-01,6.006302101013716310e-06,1.424384208803530782e-06,3.353427757701865630e-09
3.436953222024641263e-10,9.999989271163940430e-01,1.070392499968875200e-06,5.261104618625722651e-08,3.458098737918469112e-11
1.042626984748551422e-09,9.999952316284179688e-01,4.309278210712363943e-06,4.478131359064718708e-07,1.948845113064479051e-10
4.602539183107268173e-10,9.999971985816955566e-01,2.554253796915872954e-06,2.324679968523923890e-07,7.001185048371993958e-11
2.342444294090029189e-10,9.999945163726806641e-01,5.093988420412642881e-06,3.603272773489152314e-07,2.056028541863597070e-10
2.508344643104010174e-10,9.999960660934448242e-01,3.683187287606415339e-06,2.255851114796314505e-07,9.830503078234187342e-11
1.936052873574567457e-09,9.999875426292419434e-01,1.101312500395579264e-05,1.440311393707816023e-06,1.333208959897191903e-10
1.264450943949668726e-08,9.999736547470092773e-01,2.381510967097710818e-05,2.453587740092189051e-06,2.522931308313047793e-10
3.317143537628908234e-08,9.999883174896240234e-01,1.037355559674324468e-05,1.338148877039202489e-06,7.821406855512691436e-10
5.302635552872914104e-10,9.999991059303283691e-01,8.384533884964184836e-07,2.150447997451010451e-08,7.354779627119154006e-14
3.250320013137297792e-10,9.999974966049194336e-01,2.453908336974564008e-06,3.899830147702232352e-08,4.512357555750551308e-13
1.967594698282226773e-10,9.999939203262329102e-01,4.977400749339722097e-06,1.123009724324219860e-06,7.919562922120704229e-11
6.103276106728117156e-09,9.999811649322509766e-01,1.747801252349745482e-05,1.266546064471185673e-06,1.561485246659444215e-10
3.340124843376202080e-09,9.999764561653137207e-01,2.320006933587137610e-05,1.930676631900496432e-07,1.500671947818332796e-10
3.371543877417337853e-10,9.999872446060180664e-01,1.278295530937612057e-05,1.324463561047650728e-08,1.064119018595599542e-11
2.794445751186369620e-11,9.999935626983642578e-01,6.459843916672980413e-06,1.143488748134302568e-09,1.001001473550922061e-12
3.254631564253429588e-10,9.999701976776123047e-01,2.968842636619228870e-05,9.411744628096130327e-08,1.404291613549268902e-11
1.200558230607384758e-08,9.991563558578491211e-01,8.022346301004290581e-04,4.128655564272776246e-05,3.845393337087443797e-08
5.632334043603748341e-10,9.994074106216430664e-01,5.847718566656112671e-04,7.750570148346014321e-06,2.775131946464171051e-08
2.804263843358967279e-08,9.990330934524536133e-01,9.645185200497508049e-04,2.437427838231087662e-06,4.852636958929679167e-09
6.549073816586314933e-08,9.996004104614257812e-01,3.991823177784681320e-04,3.406776158954016864e-07,2.720404734812831293e-10
1.209260403811640572e-06,1.962487399578094482e-01,8.036803007125854492e-01,6.113208655733615160e-05,8.547494871891103685e-06
4.569680186250479892e-06,8.105465024709701538e-02,9.185312390327453613e-01,2.735964080784469843e-04,1.359628804493695498e-04
4.457287428039080623e-09,9.992038011550903320e-01,7.931110449135303497e-04,2.875831796700367704e-06,1.705791561334990547e-07
4.255258811980411338e-09,9.981153607368469238e-01,1.884617842733860016e-03,5.917159384694059554e-08,7.714299338212882162e-11
1.824741424627518427e-08,9.996600151062011719e-01,3.399924607947468758e-04,1.325198173418584702e-09,9.410909829199454180e-10
7.950078373397673204e-10,9.996052980422973633e-01,3.946214565075933933e-04,2.338592874906453289e-09,1.883396549828830757e-09
1.194554316574780728e-10,9.983692765235900879e-01,1.630778308026492596e-03,2.145027266919896647e-09,1.474405458834482374e-10
3.760590727708290615e-10,9.979390501976013184e-01,2.060890663415193558e-03,6.252970585762795963e-09,4.820878765632308216e-11
7.349427288971810412e-09,9.959421753883361816e-01,4.057736136019229889e-03,9.109287546493760601e-09,1.073593769440606138e-09
1.809515737249967060e-08,9.999155998229980469e-01,8.415640331804752350e-05,2.501404026133968728e-07,3.457645558757604931e-10
9.559961849925358024e-11,9.999247789382934570e-01,7.521447696490213275e-05,1.275658800814483129e-09,1.855249461002461686e-11
2.873443236822703639e-12,9.999107122421264648e-01,8.925537258619442582e-05,7.259077228205512711e-10,3.434271617086537276e-11
2.120617223488885372e-11,9.997065663337707520e-01,2.933881187345832586e-04,9.581471172026567729e-10,2.085202149837428465e-10
2.348491540127284338e-11,9.997357130050659180e-01,2.642008475959300995e-04,7.987833727796100902e-10,3.617571520120321793e-11
2.335688760457532709e-11,9.998702406883239746e-01,1.298416609643027186e-04,2.791517295097634133e-10,1.319451405773497399e-11
1.692703963107611287e-11,9.995607733726501465e-01,4.391573311295360327e-04,1.325703880006301461e-09,5.489080717735461690e-11
9.072548268207469846e-12,9.990904331207275391e-01,9.095161221921443939e-04,6.627950632775991835e-09,2.160341350254668669e-10
5.071979728571429646e-12,9.999537467956542969e-01,4.627306770998984575e-05,1.399936500057208377e-09,1.560361909125340674e-11
9.814811723768412932e-13,9.998571872711181641e-01,1.428015821147710085e-04,2.047497310586621211e-10,1.015619446181892371e-12
1.060394502240546988e-12,9.996861219406127930e-01,3.139102773275226355e-04,6.761263215970814144e-10,3.820734700843431142e-11
5.867651850510746669e-12,9.998062849044799805e-01,1.937341730808839202e-04,7.782536837197540081e-10,4.162743413860248154e-11
1.009179610537980221e-12,9.999260902404785156e-01,7.387980440398678184e-05,4.485916638152787073e-10,1.362298988893950735e-11
2.240205850684295896e-12,9.999233484268188477e-01,7.663857832085341215e-05,5.321541540759255895e-10,2.107150738617225016e-11
2.718550211333603528e-12,9.998902082443237305e-01,1.097712229238823056e-04,4.480606163870248793e-10,2.442445551364968992e-11
3.507555010329177492e-11,9.997463822364807129e-01,2.535568783059716225e-04,4.277857623691261324e-09,4.910189616014193348e-11
1.454625309094126351e-11,9.997317194938659668e-01,2.682101912796497345e-04,3.410188798014246458e-09,1.590528264650004076e-10
3.378802012482529094e-12,9.998342394828796387e-01,1.657979737501591444e-04,1.327487675339966700e-09,1.544446862067339055e-11
4.529787569346188647e-12,9.996750354766845703e-01,3.250314621254801750e-04,2.366191242941795281e-09,2.827121522996911551e-11
3.787431132606933204e-11,9.995093941688537598e-01,4.905126988887786865e-04,1.142874417325856484e-08,3.854581237527909821e-11
6.955623577109548705e-11,9.993308782577514648e-01,6.691350718028843403e-04,2.761319528588046524e-08,1.056880208349930683e-10
2.324562320410450411e-09,9.998786449432373047e-01,1.212270653923042119e-04,1.255972676972305635e-07,8.072847945683747639e-12
1.898457835380895631e-09,9.998152852058410645e-01,1.847244420787319541e-04,1.349733746991432781e-08,5.349473988780495404e-11
4.630781091918834136e-09,9.975855946540832520e-01,2.414351096376776695e-03,3.335841469720435271e-08,5.579899209351424361e-09
3.515186808300541088e-09,9.977041482925415039e-01,2.295759273692965508e-03,1.115841996579547413e-08,7.011655700495111887e-09
4.494433980539724871e-08,9.939429163932800293e-01,6.056779995560646057e-03,7.818147906846206752e-08,8.976040533070772653e-08
1.089689703803742304e-05,8.379523754119873047e-01,1.618807017803192139e-01,4.255938620190136135e-06,1.516449992777779698e-04
4.573035141675063642e-07,7.280774116516113281e-01,2.719124853610992432e-01,2.884745299525093287e-06,6.791761279600905254e-06
1.188387344086550002e-07,9.690480828285217285e-01,3.095142170786857605e-02,2.303700625816418324e-07,1.534413129888889671e-08
7.725144079984147538e-09,9.970802664756774902e-01,2.918689977377653122e-03,9.010419717014883645e-07,7.399977297595228265e-10
5.720116380558692981e-09,9.951384067535400391e-01,4.861418157815933228e-03,7.278578095792909153e-08,3.982924656753539239e-09
6.771371907632328657e-09,9.986089468002319336e-01,1.390971825458109379e-03,1.073076383306670323e-08,2.105505547689290324e-09
1.182953557332666605e-08,9.994934797286987305e-01,5.064387805759906769e-04,2.372614282819540676e-08,5.300653804773958200e-10
8.244712690341771122e-10,9.989786744117736816e-01,1.021352363750338554e-03,2.868165260849764309e-08,9.012825208376540331e-11
8.508256599260022313e-11,9.983445405960083008e-01,1.655492931604385376e-03,5.526390012278170616e-09,4.886367976908445598e-10
1.583058684140326022e-10,9.947535991668701172e-01,5.246340297162532806e-03,1.528183268817429052e-08,8.258688177775752592e-10
2.496269579932430815e-10,9.972246289253234863e-01,2.775303088128566742e-03,4.439421275037602754e-08,1.552235895374565189e-09
2.577141278159444937e-10,9.978544712066650391e-01,2.145608654245734215e-03,2.218896710814988182e-08,3.085587341189466315e-10
9.265443273731577278e-11,9.990419149398803711e-01,9.581746417097747326e-04,5.083505172365221370e-08,9.616801799339214085e-11
2.583282754375915147e-10,9.995034933090209961e-01,4.965327680110931396e-04,3.372492685116412758e-08,3.787686275735779873e-10
2.334947124538189200e-09,9.966877102851867676e-01,3.311767242848873138e-03,6.104696694819722325e-07,4.274619325173034667e-09
3.540703064075501061e-09,9.998182654380798340e-01,1.817596494220197201e-04,4.041422130285354797e-08,1.521403225623885191e-09
1.858769493878753565e-08,9.998157024383544922e-01,1.841341581894084811e-04,1.211019622360254289e-07,6.953956299682317876e-10
1.763334256388304766e-09,9.997256398200988770e-01,2.740907948464155197e-04,2.401366145932115614e-07,2.882641070289793106e-10
2.028127532582857384e-08,9.997631907463073730e-01,2.354265307076275349e-04,1.305004616369842552e-06,1.036614794003298812e-09
4.088421690084942384e-08,9.995855689048767090e-01,4.110381705686450005e-04,3.293954705441137776e-06,1.099439095320065007e-09
8.169298126858848264e-09,9.994503855705261230e-01,5.478230887092649937e-04,1.818544660636689514e-06,1.683330141943883973e-09
1.571837771052742028e-08,9.997575283050537109e-01,2.412606263533234596e-04,1.158628037956077605e-06,1.207550504034315964e-09
2.395614551176095119e-08,9.982438683509826660e-01,1.722664455883204937e-03,3.348810423631221056e-05,1.922379366803284029e-09
1.257042114843898162e-08,9.981118440628051758e-01,1.882502692751586437e-03,5.589825377683155239e-06,4.311170531678953921e-09
6.289644360890633834e-09,9.989700317382812500e-01,1.027763122692704201e-03,2.269256128784036264e-06,1.271909910727231363e-09
2.556750366977666999e-09,9.988005757331848145e-01,1.196391182020306587e-03,3.140947228530421853e-06,1.663975846000198544e-09
1.106512481641175327e-08,9.955783486366271973e-01,4.410241730511188507e-03,1.140051335823955014e-05,2.071032900730074289e-09
2.832966394805680466e-08,9.861984848976135254e-01,1.367727108299732208e-02,1.241767022293061018e-04,1.173644648133631563e-08
6.172020050598803209e-08,9.940400719642639160e-01,5.763145163655281067e-03,1.967246062122285366e-04,1.831705098709335289e-08
6.881502940814243630e-07,9.758182764053344727e-01,2.340391837060451508e-02,7.769513176754117012e-04,1.620157235038277577e-07
2.398237768375111045e-07,9.991183280944824219e-01,8.585443720221519470e-04,2.274474354635458440e-05,3.309010665475398127e-08
2.048062839321573847e-07,9.993150830268859863e-01,6.570122204720973969e-04,2.767513797152787447e-05,7.986360017753213469e-09
1.765185260182988713e-07,9.995418787002563477e-01,4.392308183014392853e-04,1.875873567769303918e-05,4.989954671685836729e-09
7.509829060836636927e-07,9.958389401435852051e-01,4.117493052035570145e-03,4.273759986972436309e-05,6.888814141348120756e-08
1.849511136242654175e-06,9.931416511535644531e-01,6.838778965175151825e-03,1.760152554197702557e-05,2.040540181269534514e-08
1.556238871103232668e-08,9.996146559715270996e-01,3.852110530715435743e-04,1.681417813870211830e-07,1.373391067538420884e-09
5.940607450405366308e-10,9.995556473731994629e-01,4.443852521944791079e-04,3.056356234765189583e-08,3.478873578099950237e-10
1.473848681987632858e-10,9.997323751449584961e-01,2.676431904546916485e-04,2.986068281529696833e-08,4.821533727827898019e-10
4.438271625217815597e-11,9.998383522033691406e-01,1.616316876607015729e-04,7.669706647561724822e-09,6.688306575242108920e-10
1.876903840680732571e-11,9.997891783714294434e-01,2.108348126057535410e-04,4.070158432512016589e-09,1.205440414153713391e-09
2.553740899302603395e-11,9.996774792671203613e-01,3.225106629543006420e-04,2.110532548726951063e-08,5.957787041488415980e-10
8.116777389099993911e-11,9.994344115257263184e-01,5.656062276102602482e-04,1.459613407917004224e-08,1.275539562861638387e-09
9.695370201123765241e-11,9.992527365684509277e-01,7.471970748156309128e-04,7.172403115873748902e-09,1.399576121663415051e-09
1.102522261854643748e-12,9.997182488441467285e-01,2.817023196257650852e-04,3.187997776876727585e-08,1.554219426769254397e-11
1.432357444458576268e-11,9.999333620071411133e-01,6.652413867413997650e-05,8.098634651787506300e-08,3.051400451759000987e-11
5.407867903484131489e-11,9.999638199806213379e-01,3.613438093452714384e-05,1.001001592726424860e-08,1.387340849839935331e-11
1.671617271686853812e-12,9.999762177467346191e-01,2.369985668337903917e-05,1.455725873178437269e-09,2.895642926825647834e-12
3.069581264517062813e-13,9.998635649681091309e-01,1.364349009236320853e-04,2.882289129590986931e-10,5.419626119412823684e-12
4.316355866479382186e-12,9.991412162780761719e-01,8.587998454459011555e-04,7.582762751034977100e-10,1.072250760403292702e-10
7.432560643338970152e-12,9.976285696029663086e-01,2.371431561186909676e-03,1.397378102119262167e-09,2.193436821062988429e-10
3.192579447336418852e-12,9.962381124496459961e-01,3.761847270652651787e-03,3.526757774707789395e-09,6.149311615466501735e-10
3.630821121189398148e-12,9.950749874114990234e-01,4.924925975501537323e-03,1.940419158685813272e-09,2.750919936289619727e-09
9.869591038533243044e-13,9.935449957847595215e-01,6.454942282289266586e-03,4.923342178386747037e-09,2.814937172246345654e-09
5.093530631994358515e-12,9.967394471168518066e-01,3.260528901591897011e-03,4.520326335466506862e-09,2.001785404104339250e-09
9.427104062653679506e-12,9.972080588340759277e-01,2.791905310004949570e-03,3.528964898080744206e-09,9.725695804263523314e-10
1.000740462719917900e-11,9.967126250267028809e-01,3.287369618192315102e-03,6.618526171564553806e-09,1.627156742678437240e-10
3.421233131864487298e-12,9.930588603019714355e-01,6.941051222383975983e-03,5.364051602896324766e-08,2.789670161540414028e-10
3.235515371249886307e-12,9.903276562690734863e-01,9.672308340668678284e-03,1.804748706035752548e-08,5.672233238662727217e-10
6.047217847998664908e-12,9.920775294303894043e-01,7.922454737126827240e-03,1.072724487016785133e-08,1.659642867579691483e-09
1.796064859338475372e-11,9.809924364089965820e-01,1.900724135339260101e-02,2.610339890907198424e-07,6.865248924903255556e-10
4.081934512623064393e-10,9.790345430374145508e-01,2.095474302768707275e-02,1.074798638001084328e-05,3.815983085075913550e-09
1.177088049426899818e-12,9.826158285140991211e-01,1.738387532532215118e-02,3.430193658005009638e-07,8.361715209126430182e-10
3.000481252346531846e-10,9.966961145401000977e-01,3.297788091003894806e-03,6.012979156366782263e-06,4.576751866380845968e-09
1.733753585142494558e-08,9.944003224372863770e-01,5.599406082183122635e-03,1.330936925114656333e-07,1.095912480764127395e-07
8.237371895702949587e-10,9.868670105934143066e-01,1.313239615410566330e-02,4.967340032635547686e-07,4.256135444080655361e-09
7.425295101004536491e-11,9.987804889678955078e-01,1.219507539644837379e-03,5.590565876900654985e-08,3.290685779422375390e-10
2.359962225639833377e-09,9.963325858116149902e-01,3.666141768917441368e-03,1.262426735593180638e-06,3.886069244174450432e-09
1.161055251941434108e-09,9.774838089942932129e-01,2.251493372023105621e-02,1.143318172580620740e-06,2.370375362659160601e-08
2.043425206821325446e-09,9.675508737564086914e-01,3.244595602154731750e-02,2.993444695675862022e-06,1.778105342964408919e-07
3.092283407113427529e-08,9.908266663551330566e-01,9.169450961053371429e-03,3.626520310717751272e-06,2.175858071495895274e-07
6.113007344765719608e-08,9.915792942047119141e-01,8.414024487137794495e-03,4.776605237566400319e-06,1.925378455780446529e-06
1.769996345046820352e-07,9.515212774276733398e-01,4.829042777419090271e-02,1.652910286793485284e-04,2.281043271068483591e-05
1.749942555306915892e-07,9.751243591308593750e-01,2.481785230338573456e-02,4.494501263252459466e-05,1.257797066500643268e-05
1.209022144621485495e-07,8.154585361480712891e-01,1.843964904546737671e-01,7.506556721637025476e-05,6.974217103561386466e-05
1.055787777204386657e-07,6.537197828292846680e-01,3.460513055324554443e-01,1.799200108507648110e-04,4.887289469479583204e-05
7.007781732681905851e-08,8.239008188247680664e-01,1.753034144639968872e-01,7.710888748988509178e-04,2.459717870806343853e-05
4.167856388903601328e-07,6.873307228088378906e-01,3.049286603927612305e-01,7.720605004578828812e-03,1.955953302967827767e-05
2.044241043108740996e-08,8.754154443740844727e-01,1.240631118416786194e-01,5.194874829612672329e-04,1.933896783157251775e-06
1.976325734176498372e-07,4.488557875156402588e-01,5.450582504272460938e-01,6.069863215088844299e-03,1.585776408319361508e-05
3.647332675882353215e-07,7.877691984176635742e-01,2.084545046091079712e-01,3.739236388355493546e-03,3.676436972455121577e-05
9.422377900136780227e-08,8.716738224029541016e-01,1.266222894191741943e-01,1.693973783403635025e-03,9.784967915038578212e-06
4.791231589251765399e-08,5.371519327163696289e-01,4.547320604324340820e-01,8.101969026029109955e-03,1.403524674969958141e-05
4.055498692423498142e-08,1.695320010185241699e-01,8.175792694091796875e-01,1.286063343286514282e-02,2.799081812554504722e-05
8.586277999711455777e-08,5.692410096526145935e-02,9.196201562881469727e-01,2.342009358108043671e-02,3.554005888872779906e-05
6.997003509923160891e-08,5.636871978640556335e-02,9.217350482940673828e-01,2.189360186457633972e-02,2.509062824174179696e-06
2.822932110291276331e-09,3.526591509580612183e-02,9.469076395034790039e-01,1.782090961933135986e-02,5.411353413364849985e-06
1.329675303196609093e-08,1.694511808454990387e-02,9.284707903861999512e-01,5.455331876873970032e-02,3.072510662605054677e-05
1.164370857509311463e-07,3.308742493391036987e-02,8.346034884452819824e-01,1.322859078645706177e-01,2.308415787410922348e-05
1.139123142479547823e-07,3.058029711246490479e-02,6.027122139930725098e-01,3.663082420825958252e-01,3.991330449935048819e-04
8.614081536961748498e-08,3.614905104041099548e-02,8.811659216880798340e-01,8.262314647436141968e-02,6.178118201205506921e-05
1.548885251168030663e-07,1.505508925765752792e-02,8.816580772399902344e-01,1.031163483858108521e-01,1.702477165963500738e-04
8.113678973131754901e-08,1.707660406827926636e-02,9.293541312217712402e-01,5.334793776273727417e-02,2.212941762991249561e-04
7.332712215202263906e-08,4.106260091066360474e-02,9.125210642814636230e-01,4.624155536293983459e-02,1.747223723214119673e-04
4.462944787064770935e-07,8.969062566757202148e-02,8.743369579315185547e-01,3.590681403875350952e-02,6.516997382277622819e-05
2.325968466720951255e-07,5.082987621426582336e-02,9.457707405090332031e-01,3.384235547855496407e-03,1.500549933552974835e-05
3.743278114143322455e-07,1.468460075557231903e-02,9.804741740226745605e-01,4.828842356801033020e-03,1.190202056022826582e-05
1.415108158653310966e-06,1.417371630668640137e-01,8.521524667739868164e-01,6.075437180697917938e-03,3.343404387123882771e-05
1.385275368193106260e-06,9.585331082344055176e-01,4.028701782226562500e-02,1.171869924291968346e-03,6.580095032404642552e-06
4.400945908855646849e-05,8.592966198921203613e-01,1.388383358716964722e-01,1.778293051756918430e-03,4.281919245840981603e-05
2.392221887248524581e-08,2.719917297363281250e-01,7.279053330421447754e-01,8.760885248193517327e-05,1.537698335596360266e-05
3.941573112342666718e-08,3.764765858650207520e-01,6.234433650970458984e-01,7.805986388120800257e-05,1.858461246229126118e-06
4.630866801136335198e-10,2.050060629844665527e-01,7.949610948562622070e-01,3.225428008590824902e-05,5.497662982634210493e-07
2.227784179353875516e-09,8.225273340940475464e-02,9.174292683601379395e-01,3.076112479902803898e-04,1.039783273881766945e-05
3.780785684526222212e-10,7.961899042129516602e-02,9.202207922935485840e-01,1.538359065307304263e-04,6.334947556752013043e-06
7.698769621811152319e-09,2.820188365876674652e-02,9.717367291450500488e-01,5.372968735173344612e-05,7.600530352647183463e-06
2.239581187168937504e-09,4.138934612274169922e-02,9.585991501808166504e-01,9.723303264763671905e-06,1.778682872100034729e-06
2.000967586068824744e-10,1.426012534648180008e-02,9.857364296913146973e-01,2.148666681023314595e-06,1.283207552660314832e-06
1.011466688183304541e-09,2.703706361353397369e-02,9.729532599449157715e-01,8.629737749288324267e-06,8.935807613852375653e-07
1.029821672382524866e-09,1.594354957342147827e-01,8.405534625053405762e-01,1.046001307258848101e-05,4.906782464786374476e-07
1.155239637284921628e-08,1.826474219560623169e-01,8.173462748527526855e-01,5.956981112831272185e-06,2.992070449181483127e-07
1.323808146436178390e-10,1.164986379444599152e-02,9.883317351341247559e-01,1.728953247948084027e-05,1.088796807380276732e-06
8.902563131414353848e-04,8.744093179702758789e-01,1.222965791821479797e-01,1.136020524427294731e-03,1.267903367988765240e-03
2.650160091377529170e-09,6.123181083239614964e-04,9.993165731430053711e-01,5.779678758699446917e-05,1.335190881945891306e-05
5.265230385020913673e-08,1.235976815223693848e-01,8.763306736946105957e-01,7.034254667814821005e-05,1.185028850159142166e-06
3.413039184607669085e-09,1.052334997802972794e-02,9.894648790359497070e-01,9.564245374349411577e-06,2.181525132982642390e-06
3.368956669191902620e-08,4.031645879149436951e-02,9.596527218818664551e-01,3.014554386027157307e-05,4.902722139377146959e-07
1.301515561991095637e-10,2.079969126498326659e-04,9.997593760490417480e-01,3.093028499279171228e-05,1.695234914222965017e-06
1.824213176349065435e-11,1.535271876491606236e-03,9.984238743782043457e-01,4.060423816554248333e-05,2.388414088727586204e-07
4.768286807066424160e-11,5.187164526432752609e-03,9.948098659515380859e-01,2.987837660839431919e-06,2.973729174016170873e-08
5.305192049553930644e-11,2.353154355660080910e-03,9.975923299789428711e-01,5.456669896375387907e-05,3.818992055926173634e-08
7.425341452815814591e-10,2.747289370745420456e-03,9.958070516586303711e-01,1.445415895432233810e-03,2.875994766782241641e-07
1.315128783652141919e-09,2.009822055697441101e-03,9.967246055603027344e-01,1.254224567674100399e-03,1.125391554523957893e-05
3.831634565187869157e-09,8.384806569665670395e-04,9.875252246856689453e-01,1.158528774976730347e-02,5.100786802358925343e-05
7.353265774057149429e-10,5.645889905281364918e-04,9.861382842063903809e-01,1.325773075222969055e-02,3.941405884688720107e-05
1.875443089716100076e-08,1.502246013842523098e-03,5.530814528465270996e-01,4.453818798065185547e-01,3.439949796302244067e-05
1.849977735446373117e-07,2.316564321517944336e-02,6.244626045227050781e-01,3.523586094379425049e-01,1.293574678129516542e-05
1.839087246935378062e-07,9.935179725289344788e-03,5.328219532966613770e-01,4.572406113147735596e-01,2.057299525404232554e-06
9.369224329702774412e-08,3.572987625375390053e-03,2.868581116199493408e-01,7.095683813095092773e-01,5.472314228427421767e-07
3.787554874179477338e-07,1.800964819267392159e-04,1.335764080286026001e-01,8.662428855895996094e-01,2.178212525905109942e-07
2.492976136636571027e-07,1.788492372725158930e-04,1.287091672420501709e-01,8.711116313934326172e-01,1.117493226843180310e-07
1.288269118049356621e-06,1.109440636355429888e-04,8.664181828498840332e-02,9.132455587387084961e-01,3.742139540463540470e-07
3.391595271295955172e-07,3.482161991996690631e-05,1.550608128309249878e-02,9.844582676887512207e-01,3.299266211342910537e-07
9.074747708837094251e-08,4.311522934585809708e-04,1.290000788867473602e-02,9.866681098937988281e-01,5.622349590339581482e-07
6.942737229564954760e-08,5.773776210844516754e-04,1.027331724762916565e-01,8.966893553733825684e-01,6.568288313246739563e-08
2.466850901328143664e-08,4.723831443698145449e-05,5.779596790671348572e-02,9.421567320823669434e-01,1.834530038991033507e-08
3.577122598130699771e-08,1.279271818930283189e-04,5.866867676377296448e-02,9.412033557891845703e-01,2.636211604567506583e-08
6.310737177273040288e-08,6.425124593079090118e-04,5.568319931626319885e-02,9.436742067337036133e-01,3.561811112717805372e-08
5.492985266641881026e-08,9.248779155313968658e-03,7.409811951220035553e-03,9.833412170410156250e-01,5.967710592358344002e-08
2.802953986247302964e-06,5.864517018198966980e-02,1.296997070312500000e-02,9.283819198608398438e-01,3.664501946332165971e-08
7.008928832874516957e-07,5.365912988781929016e-02,9.325816296041011810e-03,9.370141029357910156e-01,1.865666519051956129e-07
1.630699557608750183e-07,3.222517296671867371e-02,6.030560284852981567e-02,9.074688553810119629e-01,2.527151536924066022e-07
1.806146059379898361e-07,3.910221159458160400e-03,5.651592463254928589e-02,9.395730495452880859e-01,5.766882509306014981e-07
5.535758305086346809e-07,1.838206499814987183e-02,1.892850399017333984e-01,7.923279404640197754e-01,4.412529960973188281e-06
3.182517957611707970e-06,1.048940327018499374e-02,5.376709103584289551e-01,4.516300261020660400e-01,2.064912696368992329e-04
1.617681618881761096e-06,1.912566088140010834e-02,2.748369872570037842e-01,7.059901356697082520e-01,4.559327135211788118e-05
1.323904683658838621e-07,9.143175557255744934e-03,4.073629677295684814e-01,5.834879279136657715e-01,5.815243184770224616e-06
7.853899575138711953e-08,5.538732511922717094e-04,7.000443339347839355e-01,2.993963658809661865e-01,5.327056442183675244e-06
1.237748892890522256e-05,9.221040010452270508e-01,2.209560386836528778e-02,5.578724667429924011e-02,7.678950737499690149e-07
6.669342837994918227e-05,7.812524437904357910e-01,1.491667181253433228e-01,6.950981914997100830e-02,4.199930117465555668e-06
7.719687573626288213e-07,9.565187692642211914e-01,3.824891149997711182e-02,5.229956936091184616e-03,1.602327529326430522e-06
1.236543027971492847e-07,8.835307359695434570e-01,1.156933084130287170e-01,7.733482634648680687e-04,2.492364046702277847e-06
3.658808509499067441e-07,5.082434415817260742e-01,4.842231571674346924e-01,7.528413087129592896e-03,4.638465270545566455e-06
1.238927982427640018e-08,5.484575033187866211e-01,4.447283446788787842e-01,6.807249970734119415e-03,6.976687927817692980e-06
3.139714266353621497e-09,7.244934439659118652e-01,2.565977573394775391e-01,1.890828460454940796e-02,4.623649942914198618e-07
6.343788605533973168e-09,8.589887022972106934e-01,1.347823292016983032e-01,6.228807382285594940e-03,6.595543311505025486e-08
8.966380415920127689e-10,7.570037245750427246e-01,2.418356090784072876e-01,1.160451211035251617e-03,1.489730294679247891e-07
4.563683042579924631e-10,7.778114676475524902e-01,2.218541055917739868e-01,3.342153504490852356e-04,2.762732833616610151e-07
8.221412883813172812e-09,8.118165731430053711e-01,1.880069971084594727e-01,1.759052538545802236e-04,4.107930351437971694e-07
1.696036235898645828e-07,8.106068968772888184e-01,1.888567805290222168e-01,5.344228120520710945e-04,1.666417688284127507e-06
2.418206861420912901e-07,9.268482923507690430e-01,7.260987162590026855e-02,5.401222733780741692e-04,1.565245383972069249e-06
4.727993285769116483e-08,9.728030562400817871e-01,2.707852423191070557e-02,1.182066116598434746e-04,2.136155501375469612e-07
8.136005931191903073e-07,6.450361013412475586e-01,3.507251143455505371e-01,4.235455766320228577e-03,2.479840532032540068e-06
1.835027205743244849e-06,2.615663409233093262e-01,7.349243164062500000e-01,3.494694363325834274e-03,1.277615501749096438e-05
1.559253178129438311e-06,2.931510806083679199e-01,7.056187391281127930e-01,1.192204421386122704e-03,3.631111394497565925e-05
1.343668736808467656e-05,1.489519774913787842e-01,8.470183014869689941e-01,3.886607708409428596e-03,1.296774426009505987e-04
2.173529992433032021e-06,6.822532974183559418e-03,1.997761428356170654e-01,7.933813333511352539e-01,1.791079193935729563e-05
6.097388904890976846e-07,4.502304792404174805e-01,1.401766836643218994e-01,4.095819592475891113e-01,1.028817678161431104e-05
3.691484096179920016e-07,1.398489326238632202e-01,7.457622885704040527e-02,7.855710387229919434e-01,3.455397518337122165e-06
3.599870751713751815e-06,5.513076186180114746e-01,3.740834444761276245e-02,4.112797379493713379e-01,7.833825179659470450e-07
3.355419721629004925e-06,1.408924721181392670e-02,6.780279427766799927e-02,9.181043505668640137e-01,2.621814019221346825e-07
4.183464625384658575e-06,3.673558123409748077e-03,8.285631239414215088e-02,9.134657382965087891e-01,2.642253775775316171e-07
1.419557156623341143e-05,8.530329912900924683e-03,4.116083681583404541e-02,9.502937197685241699e-01,8.934529773796384688e-07
1.854793481470551342e-05,3.783802269026637077e-03,6.663364171981811523e-02,9.295606017112731934e-01,3.400623427296523005e-06
1.149015861301450059e-05,2.231943188235163689e-03,6.537210196256637573e-02,9.323794245719909668e-01,4.958907993568573147e-06
6.313765425147721544e-06,1.803100109100341797e-03,1.378275901079177856e-01,8.603595495223999023e-01,3.457226966929738410e-06
1.623398247829754837e-06,2.690933179110288620e-03,1.311304569244384766e-01,8.661729693412780762e-01,3.993169229943305254e-06
1.001641408038267400e-06,8.264985517598688602e-04,6.163480132818222046e-02,9.375298619270324707e-01,7.807865586073603481e-06
2.330760224822370219e-07,1.229094486916437745e-04,1.859624534845352173e-01,8.139081001281738281e-01,6.308799584076041356e-06
2.898559614550322294e-07,6.376394885592162609e-04,1.735902428627014160e-01,8.257612586021423340e-01,1.049304410116747022e-05
6.853740046608436387e-07,5.576261901296675205e-04,6.315016001462936401e-02,9.362741112709045410e-01,1.743303255352657288e-05
4.988620730728143826e-06,4.905019304715096951e-04,7.403905689716339111e-02,9.254307746887207031e-01,3.467150600044988096e-05
2.388717075518798083e-05,8.633043034933507442e-04,4.690164700150489807e-02,9.521728157997131348e-01,3.831558206002227962e-05
4.440935299498960376e-05,4.751539381686598063e-04,3.037413023412227631e-02,9.690845608711242676e-01,2.175993176933843642e-05
3.271557943662628531e-06,2.759053313639014959e-04,3.450779616832733154e-02,9.652002453804016113e-01,1.278974741580896080e-05
9.880101288217701949e-07,9.245665278285741806e-04,3.660550341010093689e-02,9.624600410461425781e-01,8.960405466496013105e-06
6.431809538298693951e-07,8.371283765882253647e-04,1.362722925841808319e-02,9.855331182479858398e-01,1.862309431999165099e-06
1.066665845428360626e-06,1.894782762974500656e-03,6.926621776074171066e-03,9.911760687828063965e-01,1.458350084249104839e-06
9.853660003500408493e-07,5.107843317091464996e-04,5.787654779851436615e-03,9.936998486518859863e-01,6.815141659899381921e-07
4.121623533137608320e-06,2.528416225686669350e-03,1.520159840583801270e-02,9.822609424591064453e-01,4.843143415200756863e-06
1.753727360664925072e-06,1.100344699807465076e-03,4.024146590381860733e-03,9.948707818984985352e-01,2.998381887664436363e-06
2.252555617587859160e-07,1.738471037242561579e-04,1.623806427232921124e-03,9.981841444969177246e-01,1.792384682630654424e-05
4.118607819236785872e-07,4.048119008075445890e-04,1.086126454174518585e-02,9.887199997901916504e-01,1.349484864476835355e-05
1.337407525170419831e-06,2.575683407485485077e-03,3.349790349602699280e-02,9.639005661010742188e-01,2.441942706354893744e-05
1.487272356825997122e-06,3.787843976169824600e-03,3.448400273919105530e-02,9.617089629173278809e-01,1.773291114659514278e-05
4.718768195743905380e-06,2.503682335373014212e-04,2.475614286959171295e-02,9.749512076377868652e-01,3.756288060685619712e-05
5.952687388344202191e-06,3.093871055170893669e-04,2.402743510901927948e-02,9.755983352661132812e-01,5.896652510273270309e-05
9.201036846206989139e-06,4.481620620936155319e-03,1.388054043054580688e-01,8.565590977668762207e-01,1.446867390768602490e-04
2.234798785138991661e-06,2.306158421561121941e-03,1.303082108497619629e-01,8.673323392868041992e-01,5.094083098811097443e-05
6.374001486619818024e-07,9.944511111825704575e-04,5.487296357750892639e-02,9.440758228302001953e-01,5.616288763121701777e-05
1.968826381926191971e-06,3.865222446620464325e-03,5.484975874423980713e-02,9.412349462509155273e-01,4.804764466825872660e-05
5.295985374687006697e-06,3.649951424449682236e-03,3.579271584749221802e-02,9.603053927421569824e-01,2.465433208271861076e-04
8.553052612114697695e-05,7.112300023436546326e-03,1.109787896275520325e-01,8.770626187324523926e-01,4.760856274515390396e-03
4.062864172738045454e-05,1.551833003759384155e-02,1.813235729932785034e-01,7.991825342178344727e-01,3.934969194233417511e-03
4.581641405820846558e-06,2.563580125570297241e-02,2.283193320035934448e-01,7.452605366706848145e-01,7.796839345246553421e-04
1.283596066059544683e-05,2.744901776313781738e-01,2.444600313901901245e-01,4.780412316322326660e-01,2.995745511725544930e-03
6.193692388478666544e-05,4.661193490028381348e-02,4.212255775928497314e-01,5.196693539619445801e-01,1.243114378303289413e-02
1.034309607348404825e-04,4.280281439423561096e-02,3.102494478225708008e-01,6.345384716987609863e-01,1.230575889348983765e-02
1.282132288906723261e-04,3.588840961456298828e-01,3.539357781410217285e-01,2.821980118751525879e-01,4.853929392993450165e-03
9.741072426550090313e-05,1.412223875522613525e-01,6.418058872222900391e-01,2.140020877122879028e-01,2.872233046218752861e-03
8.154789975378662348e-05,7.440071552991867065e-02,8.427520990371704102e-01,7.905995845794677734e-02,3.705609356984496117e-03
9.127819794230163097e-05,3.531629443168640137e-01,6.289567351341247559e-01,1.731746457517147064e-02,4.716105177067220211e-04
2.017594670178368688e-04,9.767951965332031250e-01,8.530402556061744690e-03,3.663674462586641312e-03,1.080891210585832596e-02
8.511453052051365376e-04,9.796310067176818848e-01,4.357543308287858963e-03,2.460675314068794250e-03,1.269955933094024658e-02
8.692657866049557924e-05,9.753709435462951660e-01,1.835743710398674011e-02,1.226375810801982880e-03,4.958256147801876068e-03
8.610730219515971839e-06,9.157325029373168945e-01,5.501103773713111877e-02,2.512421226128935814e-03,2.673537097871303558e-02
1.193484604300465435e-05,8.851488232612609863e-01,8.820293098688125610e-02,3.661891212686896324e-03,2.297439798712730408e-02
4.914200326311402023e-05,8.478323221206665039e-01,1.172654852271080017e-01,2.776038832962512970e-03,3.207703307271003723e-02
2.215280437667388469e-05,9.110645651817321777e-01,3.206430748105049133e-02,1.247709034942090511e-03,5.560123175382614136e-02
9.303444130637217313e-06,8.561248779296875000e-01,7.515979558229446411e-02,5.814910982735455036e-04,6.812445819377899170e-02
7.854404771023837384e-07,9.616150259971618652e-01,1.921282336115837097e-02,5.323565346770919859e-05,1.911819539964199066e-02
9.772462362889200449e-06,8.217459917068481445e-01,5.379178002476692200e-02,3.416253603063523769e-04,1.241109520196914673e-01
7.688263963245844934e-07,7.181830406188964844e-01,2.437718808650970459e-01,8.086707384791225195e-05,3.796347230672836304e-02
1.024973357743874658e-06,7.982373833656311035e-01,1.555809080600738525e-01,2.436117356410250068e-04,4.593710228800773621e-02
4.692345555667998269e-06,6.617136001586914062e-01,2.299251705408096313e-01,2.431878820061683655e-04,1.081133484840393066e-01
9.179108928947243840e-06,7.441359758377075195e-01,1.514712572097778320e-01,4.302184679545462132e-04,1.039534211158752441e-01
2.621505473143770359e-06,5.309909954667091370e-02,9.386345148086547852e-01,8.510036277584731579e-04,7.412649691104888916e-03
1.784972738505530288e-07,1.630697399377822876e-01,8.347743153572082520e-01,9.278723155148327351e-04,1.227863715030252934e-03
1.676734882494201884e-06,6.086931750178337097e-02,9.384813308715820312e-01,3.729038871824741364e-04,2.747634134721010923e-04
8.533937148058612365e-07,4.989350140094757080e-01,4.988863766193389893e-01,2.095966774504631758e-04,1.968125579878687859e-03
2.642593983637198107e-07,4.907107055187225342e-01,5.088921189308166504e-01,6.010224024066701531e-05,3.368422330822795630e-04
5.949299008989328286e-08,3.464101552963256836e-01,6.533344388008117676e-01,3.995772931375540793e-05,2.154046378564089537e-04
2.677809050055657281e-07,4.328019022941589355e-01,5.669296383857727051e-01,8.964128937805071473e-05,1.784757623681798577e-04
6.771055609533505049e-07,7.011566162109375000e-01,2.986588478088378906e-01,1.108767974073998630e-04,7.292345981113612652e-05
9.095907444134354591e-04,8.765197396278381348e-01,1.201897710561752319e-01,1.132462872192263603e-03,1.248367130756378174e-03
4.382456609164364636e-06,5.532152652740478516e-01,4.466077983379364014e-01,1.298789429711177945e-04,4.268517659511417150e-05
1.909439743030816317e-05,3.171640038490295410e-01,6.818153262138366699e-01,9.489666554145514965e-04,5.258002420305274427e-05
1.827928936108946800e-04,2.489746809005737305e-01,7.495822906494140625e-01,1.127230469137430191e-03,1.329605729551985860e-04
4.559359804261475801e-04,1.229513660073280334e-01,8.745474815368652344e-01,1.739661209285259247e-03,3.055876004509627819e-04
9.055107366293668747e-04,8.741604089736938477e-01,1.225095316767692566e-01,1.150851254351437092e-03,1.273766858503222466e-03
9.349954198114573956e-04,8.870936036109924316e-01,1.097578778862953186e-01,1.068328507244586945e-03,1.145210582762956619e-03
1.886438578367233276e-02,5.619066953659057617e-02,9.217320680618286133e-01,1.142164226621389389e-03,2.070767804980278015e-03
1.292652264237403870e-02,7.293297350406646729e-02,9.118461608886718750e-01,8.203764446079730988e-04,1.473971293307840824e-03
2.669444382190704346e-01,5.187592506408691406e-01,1.589671075344085693e-01,1.177060231566429138e-02,4.355859756469726562e-02
