1.192434900820771304e-10,5.933672785758972168e-01,4.063364565372467041e-01,1.944495743373408914e-04,1.018566472339443862e-04
3.972443207711506830e-11,9.889943599700927734e-01,1.088868081569671631e-02,9.090767889574635774e-07,1.160277970484457910e-04
3.999622855133111443e-11,9.782975912094116211e-01,2.166667208075523376e-02,1.117461920330242720e-06,3.454948091530241072e-05
2.446463387775765774e-12,9.502240419387817383e-01,4.976015165448188782e-02,8.282995622721500695e-07,1.492560295446310192e-05
6.239950830350116107e-12,9.780831933021545410e-01,2.190760523080825806e-02,2.453396916735073319e-07,8.981032806332223117e-06
2.524122187305688492e-12,9.242696762084960938e-01,7.570551335811614990e-02,2.155022229999303818e-06,2.257878804812207818e-05
5.839795227252642107e-12,8.885213136672973633e-01,1.114728972315788269e-01,1.507307388237677515e-06,4.236990207573398948e-06
3.675631847499527538e-12,9.819218516349792480e-01,1.807595603168010712e-02,5.052546612205333076e-07,1.656005906625068747e-06
9.959343245935503575e-12,9.457333683967590332e-01,5.426409095525741577e-02,3.577046072678058408e-07,2.195841943830600940e-06
1.393743367245070530e-11,9.738260507583618164e-01,2.616996876895427704e-02,8.131507343023258727e-07,3.149895292153814808e-06
8.410042627582381414e-12,9.943935871124267578e-01,5.606204736977815628e-03,5.822790072329553368e-08,1.474870288120655459e-07
1.674860944378409044e-11,9.953442811965942383e-01,4.655214957892894745e-03,7.527636824988803710e-08,2.530136953282635659e-07
8.262240717982205496e-12,9.908341169357299805e-01,9.165551513433456421e-03,2.012582456245581852e-08,3.133283428269351134e-07
8.490889415180280508e-12,9.924898743629455566e-01,7.509826216846704483e-03,4.817935206347101484e-08,2.991539815866417484e-07
3.339146667502568278e-11,9.873687624931335449e-01,1.263057347387075424e-02,4.978492285090396763e-08,6.705682267238444183e-07
1.768196006279865173e-11,9.939735531806945801e-01,6.025195121765136719e-03,6.382227724088807008e-08,1.185647192869510036e-06
1.154277242676471360e-06,4.631500840187072754e-01,1.296625733375549316e-01,2.726728795096278191e-03,4.044594466686248779e-01
2.244077146329459538e-11,9.964100122451782227e-01,3.589370753616094589e-03,2.987475511417869711e-08,5.547279329221055377e-07
5.091658691891431943e-11,9.905107617378234863e-01,9.488196112215518951e-03,3.977429940960064414e-08,1.035864329423930030e-06
7.861676587506138958e-12,9.949303865432739258e-01,5.069427657872438431e-03,1.929289616953155928e-08,2.677683994534163503e-07
1.608854759485578434e-12,9.985084533691406250e-01,1.491563627496361732e-03,2.739824145336910988e-09,2.313730540492997534e-08
6.919565614937894793e-11,9.846379160881042480e-01,1.535534020513296127e-02,3.398238845875312109e-07,6.396608569048112258e-06
1.645855110185556747e-12,9.946148991584777832e-01,5.385024473071098328e-03,7.890094799734015396e-09,6.253200268702130415e-08
1.455107410432143755e-12,9.803015589714050293e-01,1.969772018492221832e-02,1.825950448619551025e-07,5.491735919349594042e-07
4.121618844832308781e-12,9.641553163528442383e-01,3.584407269954681396e-02,2.838541490746138152e-07,4.162803293183969799e-07
1.329728948479269590e-11,9.683647751808166504e-01,3.163382038474082947e-02,6.058974690859031398e-07,7.994247539500065614e-07
7.524707419659382168e-12,9.574593901634216309e-01,4.253813996911048889e-02,3.672179502700601006e-07,2.139657226507551968e-06
1.712950961629822189e-11,9.919337630271911621e-01,8.059895597398281097e-03,1.598994430196398753e-07,6.119265890447422862e-06
1.668522819908702104e-10,9.968023300170898438e-01,3.149601165205240250e-03,2.713604771997779608e-07,4.782035466632805765e-05
1.686259118449662253e-11,9.968422055244445801e-01,3.155831014737486839e-03,4.059076275098050246e-07,1.550806132399884518e-06
8.519586945643364828e-12,9.970233440399169922e-01,2.975611714646220207e-03,3.135019994715548819e-07,6.284703886194620281e-07
1.560397644428945796e-11,9.981277585029602051e-01,1.867875223979353905e-03,4.833405000681523234e-07,3.903454398823669180e-06
2.357121269003226161e-11,9.985222220420837402e-01,1.465858309529721737e-03,3.044665959350822959e-07,1.158988925453741103e-05
2.089481192235620455e-11,9.939612150192260742e-01,6.031441502273082733e-03,1.932590691922086990e-07,6.979130375839304179e-06
1.866823362561831345e-09,9.926576018333435059e-01,7.071109488606452942e-03,1.188863961942843162e-06,2.701050543691962957e-04
8.213709179472061805e-07,2.957170903682708740e-01,6.132997944951057434e-02,3.094148414675146341e-04,6.426425576210021973e-01
3.057320157040521735e-07,7.421756982803344727e-01,1.357960551977157593e-01,4.834841820411384106e-04,1.215443834662437439e-01
8.145193408637396715e-10,9.819298386573791504e-01,1.805048622190952301e-02,3.091575990765704773e-06,1.661724127188790590e-05
6.435096899792824843e-11,9.786233901977539062e-01,2.134397812187671661e-02,1.683436948951566592e-06,3.103648123214952648e-05
2.426254856746634658e-11,9.777690172195434570e-01,2.221303060650825500e-02,3.542013757851236733e-07,1.762238571245688945e-05
2.465153775554895788e-11,9.381067156791687012e-01,6.179980933666229248e-02,2.266249794047325850e-06,9.116753790294751525e-05
1.804629917723232779e-10,9.877817034721374512e-01,1.131662912666797638e-02,2.108397347910795361e-05,8.805119432508945465e-04
1.951266509481186517e-10,9.904540777206420898e-01,9.483342990279197693e-03,2.060354745481163263e-06,6.062645479687489569e-05
3.342238985570844534e-10,9.965428709983825684e-01,3.348962171003222466e-03,5.462894478114321828e-06,1.027305333991535008e-04
1.361143836531297779e-10,9.835011363029479980e-01,1.412938442081212997e-02,2.172314998460933566e-05,2.347771078348159790e-03
3.480047916504247496e-10,9.726496934890747070e-01,2.248505502939224243e-02,3.458666833466850221e-05,4.830634221434593201e-03
1.827954732025460771e-10,9.952853918075561523e-01,3.794787684455513954e-03,1.596655420144088566e-05,9.038042626343667507e-04
1.617234901551967141e-09,9.824857711791992188e-01,1.512857060879468918e-02,1.093834143830463290e-04,2.276216167956590652e-03
1.088372614255206372e-09,9.961194396018981934e-01,3.556512994691729546e-03,1.804030580387916416e-05,3.059100999962538481e-04
2.602398296858154936e-09,9.936598539352416992e-01,4.318580497056245804e-03,2.741395110206212848e-05,1.994143240153789520e-03
1.303779750827516182e-09,9.974942207336425781e-01,1.741454587318003178e-03,4.021583663416095078e-06,7.603195263072848320e-04
1.801875870732772000e-09,9.990033507347106934e-01,2.455622307024896145e-04,1.412104438713868149e-06,7.496377802453935146e-04
1.157987298938678578e-06,4.619516134262084961e-01,1.299203187227249146e-01,2.731515094637870789e-03,4.053953588008880615e-01
1.202184574111697657e-09,9.988666772842407227e-01,1.000068616122007370e-03,1.428722612217825372e-06,1.318828435614705086e-04
5.959932547483504095e-11,9.990956783294677734e-01,8.999647106975317001e-04,1.720464410936983768e-07,4.298651219869498163e-06
1.411003864859594614e-07,8.873559236526489258e-01,9.089087694883346558e-02,1.646879245527088642e-04,2.158835902810096741e-02
4.744341364215642898e-09,8.497037887573242188e-01,1.496468931436538696e-01,9.343602869194000959e-05,5.559283308684825897e-04
1.013712308539638229e-10,9.762678146362304688e-01,2.370697818696498871e-02,1.365489310956036206e-06,2.372479866608045995e-05
8.191164413418050572e-11,9.828487038612365723e-01,1.700047589838504791e-02,2.450609645165968686e-05,1.263127633137628436e-04
2.878357108215823246e-09,7.337207794189453125e-01,2.622824609279632568e-01,3.731306875124573708e-03,2.653634292073547840e-04
9.293394942488930610e-10,3.498907685279846191e-01,6.470976471900939941e-01,1.280913245864212513e-03,1.730658346787095070e-03
5.166617689233987676e-10,7.060355544090270996e-01,2.933352589607238770e-01,2.936719974968582392e-04,3.354005457367748022e-04
9.764667546763305950e-11,9.526498913764953613e-01,4.729663953185081482e-02,3.617562106228433549e-05,1.729291398078203201e-05
4.514290677382071237e-11,9.752081632614135742e-01,2.477949857711791992e-02,3.121078407275490463e-06,9.152561688097193837e-06
1.071598573765264462e-10,9.245396852493286133e-01,7.544224709272384644e-02,3.149462600049446337e-06,1.487234840169548988e-05
1.154463746821932091e-09,9.483213424682617188e-01,5.117892473936080933e-02,1.252753645530901849e-05,4.871152341365814209e-04
9.583430937709636055e-09,9.771378040313720703e-01,1.877726614475250244e-02,5.904085628571920097e-05,4.025814589112997055e-03
2.415649624776250448e-10,9.873730540275573730e-01,1.249749027192592621e-02,7.237297268147813156e-06,1.223017898155376315e-04
8.156982289619918447e-07,5.443612933158874512e-01,1.047255620360374451e-01,2.346753608435392380e-03,3.485654890537261963e-01
3.051476085702553576e-11,9.585217833518981934e-01,4.147210344672203064e-02,3.982478574471315369e-06,2.068144794975523837e-06
2.893038933415859049e-11,9.905915856361389160e-01,9.395563043653964996e-03,9.069305633602198213e-06,3.781716486628283747e-06
1.794828521917146702e-11,9.958745241165161133e-01,4.124185536056756973e-03,6.406141892512096092e-07,6.274858606047928333e-07
6.366230459464716773e-11,9.930656552314758301e-01,6.927308626472949982e-03,2.172939502997905947e-06,4.872153112955857068e-06
1.352714329438953200e-10,9.942468404769897461e-01,5.725370720028877258e-03,3.196790430592955090e-06,2.459731877024751157e-05
1.946983685385816898e-10,9.909370541572570801e-01,9.043297730386257172e-03,3.488984475552570075e-06,1.616326881048735231e-05
7.004056362669430769e-11,9.899954795837402344e-01,9.983219206333160400e-03,2.614788854771177284e-06,1.871252788987476379e-05
5.091289889680439273e-11,9.978162050247192383e-01,2.178463153541088104e-03,1.913821506605017930e-06,3.378232349859899841e-06
1.138107222686812747e-06,4.660897254943847656e-01,1.285995244979858398e-01,2.695367671549320221e-03,4.026141762733459473e-01
1.620113765365971403e-11,9.989831447601318359e-01,1.006685546599328518e-03,3.897480837622424588e-06,6.264016064960742369e-06
2.658424695656247394e-11,9.989992976188659668e-01,9.459077264182269573e-04,1.978079308173619211e-05,3.506585926515981555e-05
2.023344859714004684e-11,9.991617202758789062e-01,8.268269011750817299e-04,1.559669613016012590e-06,9.956153917300980538e-06
3.609280582739238241e-11,9.993878006935119629e-01,6.083034677430987358e-04,1.714750055725744460e-06,2.320030034752562642e-06
9.277804913221388006e-11,9.979948997497558594e-01,1.904097269289195538e-03,1.555159724375698715e-05,8.540222916053608060e-05
2.048890918038281939e-11,9.994565844535827637e-01,5.217517609708011150e-04,1.220814829139271751e-05,9.510979907645378262e-06
1.440492586324282343e-10,9.990199804306030273e-01,9.325037826783955097e-04,2.009817762882448733e-05,2.743511322478298098e-05
3.169074780373648537e-09,9.984498023986816406e-01,1.509285997599363327e-03,3.427169212955050170e-05,6.639442744926782325e-06
1.332256416297639134e-09,9.989421963691711426e-01,9.976642904803156853e-04,5.506704110302962363e-05,5.189867806620895863e-06
3.606391851818102623e-10,9.993726611137390137e-01,5.662201438099145889e-04,5.779865750810131431e-05,3.378848077773000114e-06
4.834785904961336200e-10,9.995798468589782715e-01,3.840735589619725943e-04,3.148419273202307522e-05,4.637023266695905477e-06
4.028717290327499256e-11,9.999290704727172852e-01,6.362881686072796583e-05,6.933706572453957051e-06,4.233042432133515831e-07
3.333406814465256218e-11,9.997906088829040527e-01,1.913796004373580217e-04,1.242372854903806001e-05,5.677949502569390461e-06
2.147878749858556091e-11,9.998655319213867188e-01,9.513733675703406334e-05,1.732954842736944556e-05,2.200841117883101106e-05
5.743155603865623959e-11,9.998041391372680664e-01,1.807849621400237083e-04,9.799723557080142200e-06,5.256801614450523630e-06
2.819614680626969516e-11,9.999274015426635742e-01,6.892780220368877053e-05,2.288701580255292356e-06,1.372701717627933249e-06
9.361921654571503382e-11,9.997100234031677246e-01,2.752071013674139977e-04,3.066156978093204089e-06,1.160827378043904901e-05
1.153039420387358405e-06,4.624093770980834961e-01,1.296396702527999878e-01,2.724858466535806656e-03,4.052248597145080566e-01
5.829034303850288978e-12,9.995028972625732422e-01,4.828851378988474607e-04,8.315148079418577254e-06,5.904938461753772572e-06
1.219927631135320212e-11,9.997711777687072754e-01,2.102910220855847001e-04,6.789410235796822235e-06,1.172017982753459364e-05
2.145103018824645602e-11,9.961532950401306152e-01,3.713131882250308990e-03,1.035658860928378999e-04,3.003784149768762290e-05
3.415712157561756612e-11,9.977498650550842285e-01,2.034767298027873039e-03,1.898008486023172736e-04,2.552046680648345500e-05
2.061709830636360152e-11,9.995335936546325684e-01,3.496159042697399855e-04,1.002085846266709268e-04,1.653772051213309169e-05
1.878730504500936149e-11,9.990490078926086426e-01,8.168531931005418301e-04,1.071724473149515688e-04,2.698834578040987253e-05
1.160446516657032134e-09,9.321838617324829102e-01,6.613702327013015747e-02,6.224561366252601147e-04,1.056674867868423462e-03
1.370631386166110133e-11,9.975537061691284180e-01,2.439585980027914047e-03,4.416529463924234733e-06,2.318559154446120374e-06
8.127489566772672092e-13,9.992083311080932617e-01,7.905476377345621586e-04,9.206993354382575490e-07,1.703868122149287956e-07
2.255067741699021133e-13,9.992566704750061035e-01,7.425317890010774136e-04,6.426303684747836087e-07,1.432468366147077177e-07
8.863066801746005696e-14,9.994103908538818359e-01,5.895002395845949650e-04,1.575498913553019520e-07,3.675828352811549848e-08
1.078356967523091958e-13,9.985129237174987793e-01,1.487054047174751759e-03,4.989414748024501023e-08,3.940939574675894619e-09
5.173196940266855393e-13,9.945047497749328613e-01,5.495034623891115189e-03,6.029470256407876150e-08,1.658279913385740656e-08
1.466766053233314882e-12,9.824965596199035645e-01,1.750322617590427399e-02,1.754576572920996114e-07,5.276288916888915992e-08
5.528191836592921682e-13,9.992820024490356445e-01,7.178679807111620903e-04,7.333650131613467238e-08,1.832484208819096239e-08
3.000562309469351208e-13,9.989192485809326172e-01,1.079729059711098671e-03,9.401782108398037963e-07,5.716531248367573426e-08
3.512786578546006622e-13,9.968758821487426758e-01,3.120735054835677147e-03,2.909057002398185432e-06,5.652591426041908562e-07
1.825168298831905678e-13,9.966728687286376953e-01,3.302526427432894707e-03,2.448546911182347685e-05,1.506019202679453883e-07
7.572190270643819332e-12,9.475758075714111328e-01,5.230598151683807373e-02,1.154001001850701869e-04,2.787654466374078766e-06
2.241664319446723397e-11,8.761539459228515625e-01,1.232605576515197754e-01,5.544341984204947948e-04,3.105149153270758688e-05
1.328730181437975943e-11,9.819955229759216309e-01,1.575258001685142517e-02,1.659780973568558693e-03,5.920462426729500294e-04
7.264184392896666509e-11,9.622392654418945312e-01,2.413507923483848572e-02,6.932996213436126709e-03,6.692691706120967865e-03
1.535327247281781382e-11,9.755842089653015137e-01,2.062256634235382080e-02,2.635500626638531685e-03,1.157761085778474808e-03
6.670145338838473492e-12,9.915474653244018555e-01,8.395961485803127289e-03,4.782350515597499907e-05,8.643632099847309291e-06
4.977148138074483086e-10,9.350480437278747559e-01,6.429366767406463623e-02,3.142909845337271690e-04,3.438980202190577984e-04
3.056354724861876093e-09,9.761568307876586914e-01,2.220178954303264618e-02,9.834163356572389603e-04,6.579502369277179241e-04
5.773670430642141582e-10,9.798681139945983887e-01,1.907940953969955444e-02,9.830979397520422935e-04,6.942212348803877831e-05
8.256668265760325198e-11,9.871816635131835938e-01,1.028753072023391724e-02,2.235228661447763443e-03,2.955158124677836895e-04
3.335645648583351885e-11,9.979973435401916504e-01,1.517804339528083801e-03,3.062425239477306604e-04,1.785883068805560470e-04
3.663904180051247295e-10,9.935559034347534180e-01,4.018220119178295135e-03,3.211258735973387957e-04,2.104736166074872017e-03
2.624613026913635849e-11,9.944722056388854980e-01,4.731976892799139023e-03,9.146310185315087438e-05,7.042329525575041771e-04
1.110851188812489454e-09,9.853271842002868652e-01,1.060416549444198608e-02,1.920932903885841370e-03,2.147669438272714615e-03
2.189103787131330137e-09,9.829270839691162109e-01,8.353440091013908386e-03,3.081966191530227661e-03,5.637531634420156479e-03
3.748238108780554967e-10,9.799467325210571289e-01,4.773258697241544724e-03,9.440526366233825684e-03,5.839448887854814529e-03
5.513048351168947647e-10,9.522573947906494141e-01,6.843489594757556915e-03,2.823046036064624786e-02,1.266863942146301270e-02
1.254536030614872288e-09,9.651332497596740723e-01,5.923178978264331818e-03,2.887520752847194672e-02,6.841835420345887542e-05
7.703260807012668465e-10,9.939413666725158691e-01,8.098871912807226181e-04,5.195377860218286514e-03,5.329712439561262727e-05
1.619859801849088399e-08,9.260579347610473633e-01,3.808659687638282776e-02,3.510559350252151489e-02,7.498540217056870461e-04
3.611768106814849943e-10,9.953193068504333496e-01,1.907517784275114536e-03,2.336681820452213287e-03,4.364099586382508278e-04
3.563152828345295120e-10,9.967955946922302246e-01,6.659408682025969028e-04,1.527240034192800522e-03,1.011201064102351665e-03
1.896152790337168881e-09,9.797685742378234863e-01,7.785285823047161102e-03,4.974546842277050018e-03,7.471661549061536789e-03
3.546561100353784468e-10,9.996415972709655762e-01,1.367639633826911449e-04,1.473137963330373168e-04,7.439210457960143685e-05
5.203751665683320482e-11,9.989646673202514648e-01,2.613921533338725567e-04,3.938274167012423277e-04,3.801518178079277277e-04
4.993741531400530675e-10,9.961535334587097168e-01,8.627771749161183834e-04,5.278544267639517784e-04,2.455871552228927612e-03
1.184088271877214993e-09,9.934281706809997559e-01,4.397478885948657990e-03,1.371267018839716911e-03,8.031096076592803001e-04
9.170756598564366868e-09,9.773517847061157227e-01,7.547430694103240967e-03,1.229041256010532379e-02,2.810286590829491615e-03
3.247303981268601092e-09,9.807370305061340332e-01,7.896604947745800018e-03,9.897535666823387146e-03,1.468791975639760494e-03
3.088456379529702645e-09,9.378135800361633301e-01,2.594615705311298370e-02,2.051270380616188049e-02,1.572745293378829956e-02
1.179274122797835389e-09,9.625414013862609863e-01,8.319254964590072632e-03,7.987851276993751526e-03,2.115142345428466797e-02
7.805597945775843982e-09,9.816160202026367188e-01,1.705385930836200714e-02,7.385476492345333099e-04,5.916297086514532566e-04
1.610287903019980149e-09,9.866010546684265137e-01,7.643093355000019073e-03,9.679113281890749931e-04,4.787881858646869659e-03
9.726418559452554291e-10,9.756193161010742188e-01,1.244885567575693130e-02,1.027365578920580447e-05,1.192163489758968353e-02
1.949720918048569729e-08,9.407920837402343750e-01,4.196615889668464661e-02,1.288264320464804769e-04,1.711294986307621002e-02
6.750211056782973174e-09,8.541439771652221680e-01,1.439917236566543579e-01,6.833429506514221430e-05,1.795960823073983192e-03
2.782704733306218259e-09,8.075610995292663574e-01,1.915740966796875000e-01,4.141661702306009829e-05,8.234495180658996105e-04
1.408220473564369968e-08,5.620052814483642578e-01,4.225590229034423828e-01,2.152600791305303574e-03,1.328311115503311157e-02
1.982312980430833704e-09,7.139017581939697266e-01,2.801681458950042725e-01,1.808533561415970325e-03,4.121504258364439011e-03
1.025871387838606097e-09,8.244587779045104980e-01,1.725337803363800049e-01,6.892314413562417030e-04,2.318121725693345070e-03
1.089679724231018554e-08,8.857923746109008789e-01,7.731864601373672485e-02,3.224643878638744354e-03,3.366430103778839111e-02
5.970189231874201141e-09,7.420570254325866699e-01,2.281275689601898193e-01,3.989983350038528442e-03,2.582538500428199768e-02
3.260119507686454199e-09,7.992855310440063477e-01,1.861785203218460083e-01,9.193854639306664467e-04,1.361658424139022827e-02
9.171958748055430988e-10,8.333470225334167480e-01,1.502640098333358765e-01,2.225722651928663254e-03,1.416330132633447647e-02
2.318976954907014942e-10,9.548214077949523926e-01,4.475605487823486328e-02,1.169746174127794802e-04,3.055243578273802996e-04
2.087804790162905988e-10,8.899776935577392578e-01,1.095666065812110901e-01,1.996484643314033747e-04,2.561191213317215443e-04
1.176126973589930458e-09,9.029712080955505371e-01,9.478410333395004272e-02,3.035780973732471466e-04,1.941068097949028015e-03
2.878845606346658315e-09,8.327798843383789062e-01,1.595318764448165894e-01,1.876713824458420277e-03,5.811492912471294403e-03
6.075398517602081938e-10,9.791972637176513672e-01,1.650441437959671021e-02,1.318192807957530022e-03,2.980076242238283157e-03
3.084771105221761900e-09,9.354248642921447754e-01,1.330658514052629471e-02,4.133671463932842016e-04,5.085510388016700745e-02
2.467706039510630944e-09,9.583979249000549316e-01,2.117465250194072723e-02,4.064542299602180719e-04,2.002093009650707245e-02
1.371538260741544946e-08,6.002966761589050293e-01,1.150507032871246338e-01,6.358626484870910645e-02,2.210662961006164551e-01
9.236375220211812120e-09,8.533673882484436035e-01,1.075453981757164001e-01,1.614930480718612671e-02,2.293780446052551270e-02
1.049069169312133454e-07,8.880527019500732422e-01,6.026948243379592896e-02,1.361924596130847931e-02,3.805854916572570801e-02
1.040208008618037638e-08,9.182932376861572266e-01,4.037851840257644653e-02,2.998535521328449249e-02,1.134293433278799057e-02
2.228543738436172816e-10,9.992217421531677246e-01,2.522513095755130053e-04,3.000808064825832844e-04,2.260271430714055896e-04
1.173105346197189647e-08,9.824124574661254883e-01,1.675637811422348022e-02,5.203725886531174183e-04,3.108042292296886444e-04
6.662294604886653815e-10,9.989355206489562988e-01,6.720933597534894943e-04,2.611663949210196733e-04,1.312677486566826701e-04
4.840284839602304601e-10,9.978189468383789062e-01,2.213551924796774983e-04,4.949687863700091839e-04,1.464759116061031818e-03
3.421421146398984092e-09,9.798280000686645508e-01,1.154754660092294216e-03,4.533644299954175949e-03,1.448360551148653030e-02
9.038583215215112432e-10,9.887990951538085938e-01,2.322969492524862289e-03,1.716190716251730919e-03,7.161656394600868225e-03
3.537265480524354189e-10,9.921537041664123535e-01,2.403964754194021225e-03,1.900132774608209729e-04,5.252259783446788788e-03
1.981613761969924781e-09,9.401110410690307617e-01,7.072127424180507660e-03,6.946473731659352779e-04,5.212225019931793213e-02
2.114109332040925437e-09,9.916650652885437012e-01,2.220303751528263092e-03,2.518652472645044327e-04,5.862711928784847260e-03
3.392838510141160668e-10,9.987658858299255371e-01,9.043099125847220421e-04,9.680368384579196572e-05,2.329328417545184493e-04
4.586729884792362100e-10,9.973661899566650391e-01,1.698441687040030956e-03,1.387179072480648756e-04,7.965162512846291065e-04
4.462312463981987776e-10,9.924446344375610352e-01,6.604356691241264343e-03,8.235661080107092857e-04,1.273503294214606285e-04
7.661631884481323596e-10,9.815843105316162109e-01,1.457998529076576233e-02,3.420529421418905258e-03,4.151352040935307741e-04
7.989029576771500274e-12,9.996092915534973145e-01,1.252718357136473060e-04,1.781410974217578769e-04,8.733048889553174376e-05
6.727600247724563332e-13,9.999708533287048340e-01,1.379484638164285570e-05,3.017383050973876379e-06,1.229621466336539015e-05
2.782298523518189626e-11,9.886371493339538574e-01,4.510093713179230690e-04,1.308777427766472101e-04,1.078091561794281006e-02
3.019340055754327068e-10,9.824286699295043945e-01,2.179911825805902481e-03,7.373825064860284328e-04,1.465406920760869980e-02
5.627898147508858528e-10,9.921881556510925293e-01,1.055458793416619301e-03,3.338461392559111118e-04,6.422379985451698303e-03
5.011756565309610778e-10,9.911465644836425781e-01,2.997024450451135635e-03,1.808955334126949310e-03,4.047424532473087311e-03
7.313750716164690857e-10,9.947979450225830078e-01,2.726674079895019531e-03,1.286410493776202202e-03,1.188948517665266991e-03
4.024796496082672093e-09,9.832876324653625488e-01,8.220865391194820404e-03,7.314579095691442490e-03,1.176863326691091061e-03
1.865135407230766873e-10,9.988378882408142090e-01,1.829170505516231060e-04,7.348839426413178444e-04,2.443225239403545856e-04
2.517000219359744051e-10,9.949244260787963867e-01,2.225283300504088402e-03,2.403326565399765968e-03,4.470478743314743042e-04
1.133142607523396350e-10,9.942329525947570801e-01,4.298598505556583405e-03,2.814461186062544584e-04,1.186934183351695538e-03
7.570955529168088560e-10,9.898840785026550293e-01,9.719179011881351471e-03,9.761309047462418675e-05,2.991946821566671133e-04
3.566117123821044288e-10,9.796163439750671387e-01,2.032492309808731079e-02,9.278262041334528476e-06,4.947559500578790903e-05
1.519450017195556057e-11,9.492194056510925293e-01,5.070400983095169067e-02,2.588485585874877870e-05,5.067965321359224617e-05
8.248907806818195354e-11,9.828627705574035645e-01,1.665281131863594055e-02,2.593007047835271806e-05,4.584773560054600239e-04
1.449071751480346393e-09,8.098202347755432129e-01,1.845378577709197998e-01,1.094005274353548884e-04,5.532550625503063202e-03
3.328484710074519626e-10,4.727190434932708740e-01,5.267932415008544922e-01,2.055156510323286057e-04,2.822016249410808086e-04
1.646186520432024736e-10,9.467905163764953613e-01,4.757359251379966736e-02,8.725552470423281193e-04,4.763290286064147949e-03
3.089320743665524560e-10,9.300992488861083984e-01,5.971343442797660828e-02,7.287900079973042011e-04,9.458468295633792877e-03
6.700241750312585509e-11,9.862889647483825684e-01,1.279001682996749878e-02,1.277276314795017242e-04,7.933182641863822937e-04
1.333437093381517613e-11,9.844280481338500977e-01,1.543884724378585815e-02,2.843955553544219583e-05,1.046316101565025747e-04
4.682617141260614346e-12,9.629952311515808105e-01,3.693051636219024658e-02,3.207593545084819198e-05,4.221701601636596024e-05
4.199064707055555346e-12,9.483558535575866699e-01,5.160515382885932922e-02,2.135925205948296934e-05,1.760679697326850146e-05
1.351220611095493851e-11,9.388251304626464844e-01,6.115920841693878174e-02,3.661372147689689882e-06,1.201390477945096791e-05
5.180150579320308424e-12,9.495647549629211426e-01,5.043366551399230957e-02,4.988127670912945177e-07,1.143491658694983926e-06
3.271740170451842289e-11,8.130543828010559082e-01,1.868606805801391602e-01,9.772778867045417428e-06,7.514020398957654834e-05
1.196661381097641197e-10,3.894179761409759521e-01,6.104551553726196289e-01,1.691571378614753485e-05,1.099848814192228019e-04
1.315551972913553413e-10,8.692736029624938965e-01,1.306917518377304077e-01,3.836679297819500789e-06,3.076354551012627780e-05
8.547509922074425504e-10,9.013315439224243164e-01,9.782648086547851562e-02,3.740323882084339857e-05,8.045994909480214119e-04
2.377749108717353010e-10,9.691604375839233398e-01,2.811134420335292816e-02,1.087331693270243704e-04,2.619521459564566612e-03
1.440897290372333828e-09,9.610728621482849121e-01,1.550090592354536057e-02,7.904059020802378654e-05,2.334721013903617859e-02
1.158158511316287331e-06,4.613111615180969238e-01,1.300751417875289917e-01,2.729114145040512085e-03,4.058834910392761230e-01
1.155071593927914364e-09,8.769276142120361328e-01,2.477247966453433037e-03,6.697639473713934422e-04,1.199253723025321960e-01
1.319234499419508211e-08,8.123977184295654297e-01,5.849925335496664047e-03,8.060418185777962208e-04,1.809462457895278931e-01
2.640553331545447691e-09,9.796867370605468750e-01,5.229017231613397598e-03,1.477085315855219960e-04,1.493647601455450058e-02
6.370950433876032548e-09,9.644817709922790527e-01,9.919770993292331696e-03,4.737953655421733856e-03,2.086061425507068634e-02
4.365068306810826471e-09,9.954675436019897461e-01,2.457794034853577614e-03,9.621266508474946022e-04,1.112427329644560814e-03
4.682615628581743294e-09,9.972594976425170898e-01,2.148230414604768157e-04,1.900598523207008839e-03,6.250342121347784996e-04
4.859743896190593659e-08,9.898896217346191406e-01,1.693734666332602501e-03,5.465354770421981812e-03,2.951192902401089668e-03
3.003037818416487426e-08,9.910137057304382324e-01,5.609379149973392487e-03,1.027723425067961216e-03,2.349178772419691086e-03
5.396536550961172907e-10,9.989084601402282715e-01,7.433746359311044216e-04,1.338540896540507674e-04,2.143300662282854319e-04
2.714223068522869653e-09,9.970626831054687500e-01,2.530321944504976273e-03,2.409913431620225310e-04,1.659648551139980555e-04
3.815546101293421088e-09,9.978931546211242676e-01,1.498645753599703312e-03,1.545267004985362291e-04,4.536543565336614847e-04
1.834035923131693835e-09,9.988890290260314941e-01,3.829008492175489664e-04,3.155328158754855394e-04,4.125536652281880379e-04
1.250913123085339862e-10,9.994866251945495605e-01,1.328919897787272930e-04,2.877982915379106998e-04,9.275347838411107659e-05
1.842044745903326231e-11,9.999274015426635742e-01,4.997703581466339529e-05,1.367387267237063497e-05,8.950618394010234624e-06
3.543538795724998636e-10,9.987203478813171387e-01,2.256495645269751549e-04,9.490182128502056003e-05,9.590476984158158302e-04
2.882459548825266893e-10,9.994433522224426270e-01,2.437216462567448616e-04,3.095873398706316948e-05,2.819745568558573723e-04
1.153456310021283571e-06,4.621642231941223145e-01,1.296449154615402222e-01,2.721913158893585205e-03,4.054678678512573242e-01
9.273824763678106819e-11,9.975858926773071289e-01,1.507988199591636658e-03,2.291307027917355299e-04,6.769687170162796974e-04
3.757923416891628676e-10,9.875785112380981445e-01,5.304399412125349045e-03,1.052450854331254959e-03,6.064493209123611450e-03
2.373377938624798844e-09,8.352473974227905273e-01,1.307716965675354004e-01,1.428893068805336952e-03,3.255198150873184204e-02
6.883074377128650667e-08,4.907006025314331055e-01,4.842519760131835938e-01,6.995593663305044174e-03,1.805174350738525391e-02
8.453461930457706330e-09,9.369002580642700195e-01,5.434505641460418701e-02,3.869186853989958763e-03,4.885464906692504883e-03
1.129281645972923798e-08,9.828523993492126465e-01,1.295898575335741043e-02,2.425944199785590172e-03,1.762631931342184544e-03
6.649641282052698443e-09,9.977921247482299805e-01,1.991332508623600006e-03,1.635129301575943828e-04,5.301779310684651136e-05
2.645574204152012499e-09,9.926335811614990234e-01,5.298509262502193451e-03,1.970669487491250038e-03,9.711502207210287452e-05
1.972119356707935367e-09,9.853104352951049805e-01,1.130678504705429077e-02,1.817879849113523960e-03,1.564911333844065666e-03
6.847499650630695101e-11,9.997296929359436035e-01,1.632765633985400200e-04,4.144253762206062675e-05,6.552470586029812694e-05
2.124765252631277690e-09,9.973711371421813965e-01,7.768383366055786610e-04,1.186895096907392144e-04,1.733286073431372643e-03
3.575333584748818794e-09,9.577229619026184082e-01,1.955108717083930969e-03,1.577726507093757391e-04,4.016417637467384338e-02
2.212903471576765924e-12,9.980950951576232910e-01,1.888393191620707512e-03,1.579591867084673140e-06,1.498353412898723036e-05
1.741867095006455202e-09,9.360647201538085938e-01,2.727635391056537628e-02,1.312369568040594459e-04,3.652770444750785828e-02
1.322416309790241939e-08,6.180619597434997559e-01,6.544803828001022339e-02,4.726938903331756592e-03,3.117630183696746826e-01
5.334952035696005623e-08,8.079381585121154785e-01,9.201504290103912354e-02,1.174819096922874451e-02,8.829859644174575806e-02
1.604687049905351159e-08,8.699151873588562012e-01,9.836728870868682861e-02,1.148668769747018814e-02,2.023088000714778900e-02
1.173297725642896694e-08,9.185820221900939941e-01,3.683028742671012878e-02,3.627316094934940338e-03,4.096038267016410828e-02
7.303313509510189760e-09,8.922061324119567871e-01,5.646863207221031189e-02,2.549172844737768173e-03,4.877605661749839783e-02
1.693199802588196690e-09,9.466602802276611328e-01,2.804104983806610107e-02,1.595242298208177090e-03,2.370336279273033142e-02
7.284639558235994627e-10,9.439079165458679199e-01,5.175955966114997864e-02,2.165232144761830568e-04,4.115983378142118454e-03
5.982922601788231987e-09,8.956043720245361328e-01,9.958299249410629272e-02,4.747913335449993610e-04,4.337802994996309280e-03
3.727832764699456902e-10,9.565187692642211914e-01,3.910709172487258911e-02,4.755093250423669815e-04,3.898584982380270958e-03
1.493180024070284162e-10,9.767958521842956543e-01,2.205741964280605316e-02,7.077460759319365025e-05,1.075856038369238377e-03
2.445565139286287604e-10,9.924278855323791504e-01,6.737362127751111984e-03,3.083949268329888582e-04,5.263516795821487904e-04
3.803468096030826473e-10,9.702891111373901367e-01,2.731051854789257050e-02,6.526323850266635418e-04,1.747687929309904575e-03
9.109630272341462387e-10,9.262937307357788086e-01,6.732458621263504028e-02,1.052957843057811260e-03,5.328624974936246872e-03
1.315811815061351808e-08,9.474285840988159180e-01,3.170703351497650146e-02,1.624362426809966564e-03,1.924001984298229218e-02
1.238913194256952011e-09,9.724436402320861816e-01,2.125264331698417664e-02,1.347065699519589543e-04,6.168969441205263138e-03
6.618409154057758315e-10,9.109274744987487793e-01,8.673711866140365601e-02,1.892923319246619940e-04,2.146118320524692535e-03
1.506646057913840764e-10,9.927648305892944336e-01,6.961551960557699203e-03,9.045758815773297101e-06,2.645560889504849911e-04
1.134124905100009073e-09,9.775919318199157715e-01,2.236477844417095184e-02,4.106745109311304986e-06,3.918304719263687730e-05
2.425530665206565573e-09,8.200213313102722168e-01,1.747018098831176758e-01,7.621293480042368174e-05,5.200545303523540497e-03
1.147604848483751994e-06,4.650864303112030029e-01,1.285535544157028198e-01,2.738335635513067245e-03,4.036206305027008057e-01
1.114863490414563785e-08,8.316828012466430664e-01,6.711088120937347412e-02,3.346685552969574928e-04,1.008716151118278503e-01
2.175054092390382721e-08,9.259157776832580566e-01,2.084386534988880157e-02,3.024614998139441013e-04,5.293794348835945129e-02
9.713871484962055547e-09,9.728187918663024902e-01,2.544658724218606949e-03,4.477377806324511766e-04,2.418876253068447113e-02
8.428598929910435800e-10,9.889858961105346680e-01,8.210797794163227081e-03,7.363396580331027508e-04,2.066872082650661469e-03
2.931043630027829749e-09,9.346110820770263672e-01,3.375503793358802795e-02,8.497150614857673645e-03,2.313664741814136505e-02
1.526591741907168398e-09,9.854770898818969727e-01,1.455073710530996323e-03,7.812581956386566162e-03,5.255235824733972549e-03
7.338133989343020858e-10,9.920689463615417480e-01,3.083114279434084892e-04,5.330251529812812805e-03,2.292409772053360939e-03
8.875027934784895933e-10,9.965963959693908691e-01,9.697554924059659243e-05,1.838649157434701920e-03,1.468009781092405319e-03
2.462806625302960128e-09,9.435235857963562012e-01,6.612139404751360416e-04,2.187386853620409966e-03,5.362783372402191162e-02
1.158619284069573041e-06,4.612070322036743164e-01,1.300889998674392700e-01,2.731636166572570801e-03,4.059711694717407227e-01
4.934162411984743812e-09,9.956137537956237793e-01,1.810642308555543423e-03,2.992243389599025249e-04,2.276354935020208359e-03
1.810406402569242346e-08,9.670748710632324219e-01,2.117320895195007324e-03,4.926184657961130142e-03,2.588155120611190796e-02
4.856579582934728023e-10,9.939185976982116699e-01,2.690947076189331710e-05,1.134298159740865231e-03,4.920200444757938385e-03
5.045027728911577469e-10,9.984363913536071777e-01,9.470472286920994520e-05,2.646560315042734146e-04,1.204216387122869492e-03
1.615613198779897175e-09,9.831975698471069336e-01,3.663111710920929909e-04,1.891721622087061405e-03,1.454427372664213181e-02
2.240025498423392492e-09,9.831225275993347168e-01,5.066841840744018555e-04,1.245510857552289963e-02,3.915591165423393250e-03
3.370510315292563064e-09,9.953114986419677734e-01,3.713701735250651836e-04,2.767954720184206963e-03,1.549071632325649261e-03
9.873681960925750900e-08,9.975332021713256836e-01,2.315788151463493705e-04,1.503044157288968563e-03,7.320140139199793339e-04
3.769871081971132298e-09,9.738143682479858398e-01,4.010155797004699707e-03,2.021964406594634056e-03,2.015339955687522888e-02
3.671109527481064561e-10,9.966046810150146484e-01,8.443649130640551448e-05,7.560058147646486759e-04,2.554928883910179138e-03
2.468561743906860784e-10,9.986358284950256348e-01,4.948436981067061424e-05,5.617063725367188454e-04,7.529927534051239491e-04
3.884881583093857671e-10,9.957144856452941895e-01,7.419265602948144078e-05,3.149712225422263145e-03,1.061662798747420311e-03
1.548154937580648038e-10,9.914453029632568359e-01,2.989879976666998118e-05,6.964041851460933685e-03,1.560674048960208893e-03
2.431175816219877106e-10,9.908682703971862793e-01,1.700837128737475723e-05,6.266881711781024933e-03,2.847740426659584045e-03
3.757041899810076302e-10,9.909736514091491699e-01,3.430727156228385866e-05,6.553389132022857666e-03,2.438545227050781250e-03
8.195813805400575802e-09,9.996484518051147461e-01,4.424111466505564749e-05,1.871205604402348399e-04,1.201425402541644871e-04
3.501210343870297947e-08,9.971075654029846191e-01,1.477447454817593098e-03,8.423019899055361748e-04,5.726697272621095181e-04
1.167385121902952960e-07,9.967797994613647461e-01,2.633130410686135292e-03,3.960679459851235151e-04,1.908488629851490259e-04
1.127841553483222015e-08,9.941748976707458496e-01,5.769034381955862045e-03,2.502539973647799343e-05,3.101993934251368046e-05
5.414884185483970214e-08,5.132018327713012695e-01,4.680161476135253906e-01,4.892733879387378693e-03,1.388912647962570190e-02
2.352716077513861137e-10,9.919097423553466797e-01,4.592976998537778854e-03,1.236487005371600389e-04,3.373537212610244751e-03
1.340461297516526429e-09,9.453489780426025391e-01,4.594508558511734009e-02,1.125021371990442276e-03,7.580902427434921265e-03
2.793192521721721278e-08,6.471049785614013672e-01,3.328441977500915527e-01,8.516795001924037933e-03,1.153405290096998215e-02
1.710190988823967473e-09,8.932667970657348633e-01,9.744502604007720947e-02,2.711409935727715492e-03,6.576726678758859634e-03
8.292024289424659855e-10,9.662252068519592285e-01,2.670552581548690796e-02,2.642923034727573395e-03,4.426325205713510513e-03
8.327523393081293079e-11,9.972084760665893555e-01,2.644774969667196274e-03,2.058943755400832742e-05,1.261366560356691480e-04
7.429057369279234990e-09,9.266864657402038574e-01,7.105307281017303467e-02,9.749563760124146938e-04,1.285417005419731140e-03
1.035423191630968631e-09,9.745903015136718750e-01,2.502187713980674744e-02,2.487365854904055595e-04,1.390828547300770879e-04
3.482800536858121632e-08,9.886437654495239258e-01,8.549624122679233551e-03,1.980243483558297157e-03,8.263326599262654781e-04
5.674790415355346340e-09,9.960254430770874023e-01,3.271984169259667397e-03,5.886070430278778076e-04,1.139537780545651913e-04
1.320175302410575569e-09,9.833133816719055176e-01,1.594747230410575867e-02,5.928988684900105000e-04,1.462082436773926020e-04
1.895682499863937664e-09,9.899509549140930176e-01,7.563517428934574127e-03,7.298826822079718113e-04,1.755648758262395859e-03
1.611888844621489625e-09,9.435106515884399414e-01,5.458538606762886047e-02,1.501409569755196571e-03,4.025202069897204638e-04
6.541660962922080103e-11,9.917938113212585449e-01,7.998229004442691803e-03,8.837263885652646422e-05,1.195777513203211129e-04
1.572136032468307576e-10,9.914458990097045898e-01,8.512698113918304443e-03,3.044439472432713956e-05,1.093224636861123145e-05
5.713342576818547514e-10,9.762786030769348145e-01,2.359828911721706390e-02,8.699864702066406608e-05,3.598925104597583413e-05
1.384619419120269868e-09,9.653288125991821289e-01,3.442722186446189880e-02,1.948384597199037671e-04,4.913084922009147704e-05
8.395002470962253938e-10,8.831627964973449707e-01,1.121530234813690186e-01,4.581656772643327713e-03,1.025644087349064648e-04
6.278497721723397262e-09,8.041533827781677246e-01,1.456709653139114380e-01,4.986140877008438110e-02,3.142787027172744274e-04
5.175489903308516659e-08,7.253669500350952148e-01,2.697667479515075684e-01,3.199816448614001274e-03,1.666486030444502831e-03
5.245095735517679714e-07,8.662517070770263672e-01,1.281098723411560059e-01,1.474550459533929825e-03,4.163375589996576309e-03
1.918346725915398565e-07,9.727953076362609863e-01,1.737654767930507660e-02,4.993475973606109619e-03,4.834387917071580887e-03
1.178323660866453793e-08,9.593073725700378418e-01,1.709763333201408386e-02,1.552421413362026215e-02,8.070686832070350647e-03
1.582728259563737083e-08,7.381985783576965332e-01,4.755741357803344727e-02,1.376675665378570557e-01,7.657634466886520386e-02
2.381726744715706445e-07,6.262210607528686523e-01,1.084448024630546570e-01,2.565234899520874023e-01,8.810386992990970612e-03
4.353345559593435610e-07,3.861788213253021240e-01,4.988736286759376526e-02,5.618859529495239258e-01,2.047350164502859116e-03
1.315439845939181396e-07,1.985065080225467682e-02,5.708490964025259018e-03,9.740099310874938965e-01,4.307903873268514872e-04
2.782769925602224248e-08,5.229367315769195557e-02,7.766564376652240753e-03,9.396299719810485840e-01,3.097437147516757250e-04
2.637045026787632196e-09,5.153065323829650879e-01,2.507186261937022209e-03,4.821259677410125732e-01,6.032712190062738955e-05
1.047425755018593918e-07,1.002883091568946838e-01,5.868825828656554222e-04,8.990743160247802734e-01,5.037294977228157222e-05
4.556562203106295783e-07,3.346266970038414001e-02,6.128830136731266975e-05,9.661666154861450195e-01,3.090352984145283699e-04
6.852670964008211740e-08,2.307004295289516449e-03,2.490621045581065118e-05,9.975896477699279785e-01,7.837734301574528217e-05
3.712380625131572742e-09,6.140047684311866760e-03,8.318531035911291838e-05,9.936148524284362793e-01,1.618325186427682638e-04
5.011252746101035882e-09,4.608977586030960083e-03,2.167021921195555478e-05,9.953342080116271973e-01,3.513746196404099464e-05
2.757260197938649071e-09,1.349557749927043915e-02,3.026451122423168272e-05,9.863100647926330566e-01,1.640831178519874811e-04
4.335471981420369048e-09,9.400421380996704102e-02,1.083090537576936185e-04,9.050477147102355957e-01,8.397658821195363998e-04
4.679802767526552998e-09,4.811694845557212830e-02,4.171486943960189819e-05,9.513885378837585449e-01,4.527913988567888737e-04
1.759756962371739064e-08,8.037620224058628082e-03,2.768081321846693754e-05,9.917964935302734375e-01,1.381872425554320216e-04
1.807470262349397672e-08,3.298327326774597168e-01,1.454152050428092480e-03,6.576370596885681152e-01,1.107600145041942596e-02
1.668572302548909647e-08,2.875439226627349854e-01,7.457917090505361557e-04,6.993751525878906250e-01,1.233505085110664368e-02
5.181195916748038144e-09,2.842144668102264404e-02,3.304563142592087388e-05,9.709227085113525391e-01,6.228216225281357765e-04
7.928760759057240648e-09,2.023898065090179443e-02,3.239600800952757709e-06,9.796583652496337891e-01,9.943415352609008551e-05
6.888363657253648853e-09,5.755090620368719101e-03,2.886096353904576972e-06,9.942199587821960449e-01,2.200855851697269827e-05
4.672560560692318177e-09,1.307380851358175278e-02,7.673039362998679280e-06,9.868733286857604980e-01,4.520064248936250806e-05
3.483151100880377271e-09,1.331178378313779831e-02,8.542629075236618519e-06,9.866214394569396973e-01,5.809303547721356153e-05
1.266699856117270429e-09,3.156834095716476440e-02,3.484337503323331475e-05,9.682261943817138672e-01,1.706054463284090161e-04
4.145940923905300224e-09,1.585135422646999359e-02,2.373781171627342701e-05,9.840303659439086914e-01,9.444361057830974460e-05
1.177085318104786893e-09,1.123466249555349350e-02,1.995819184230640531e-05,9.887281656265258789e-01,1.713024903438054025e-05
2.606311277908446300e-10,1.018259115517139435e-02,1.139960022555897012e-05,9.897959828376770020e-01,1.005748345050960779e-05
7.953490088752346310e-10,6.215263158082962036e-03,4.142736361245624721e-05,9.937176704406738281e-01,2.556616527726873755e-05
1.160138873856908504e-09,6.891611032187938690e-03,1.311894448008388281e-05,9.930906891822814941e-01,4.555499799607787281e-06
6.215810532950172274e-09,1.909669255837798119e-03,7.080177965690381825e-06,9.980810880661010742e-01,2.189932047258480452e-06
2.538339538560308029e-09,6.120743229985237122e-03,1.945742042153142393e-06,9.938701391220092773e-01,7.180873581091873348e-06
7.681018598937328079e-10,1.273299218155443668e-03,1.071360657078912482e-06,9.987233281135559082e-01,2.240832145616877824e-06
3.453446972834228745e-10,7.039576303213834763e-05,2.454431182741245721e-07,9.999290704727172852e-01,2.022577376692424878e-07
7.798778289824781496e-10,3.187163747497834265e-05,2.772429752440075390e-07,9.999678134918212891e-01,1.082229843518689449e-07
2.170013058133690720e-10,7.578780241601634771e-06,5.364634958482383809e-08,9.999922513961791992e-01,4.239568696107198775e-08
4.389077157274101637e-10,7.029160769889131188e-06,3.338406528996529232e-08,9.999928474426269531e-01,3.372672807699927944e-08
4.244799511887720200e-10,5.550155492528574541e-06,1.544007233178490424e-08,9.999942183494567871e-01,6.099043048379826359e-08
6.392784079878310877e-10,2.765652425296138972e-06,1.549409134327106585e-08,9.999969601631164551e-01,1.871579229373310227e-07
5.157461124838391697e-10,1.476439501857385039e-05,2.580208047220367007e-08,9.999849796295166016e-01,1.640149633885812364e-07
6.654827244823025012e-10,3.798000761889852583e-05,2.977610051857482176e-07,9.999611377716064453e-01,5.794491357846709434e-07
1.447510999952328348e-09,1.888493134174495935e-04,1.613656195331714116e-07,9.998090863227844238e-01,1.952845423147664405e-06
2.219022521288138705e-09,8.815173059701919556e-04,2.432277597108623013e-06,9.991098642349243164e-01,6.306875093287089840e-06
3.921025282238588261e-09,8.001997484825551510e-04,7.321784323721658438e-06,9.991864562034606934e-01,5.990462341287638992e-06
4.307473844278320030e-08,4.214199725538492203e-04,2.259451139252632856e-05,9.995328187942504883e-01,2.317333564860746264e-05
5.311913753303088015e-08,4.985483974451199174e-05,2.129084805346792564e-06,9.999118447303771973e-01,3.605768506531603634e-05
2.742711657788277080e-08,8.818195055937394500e-05,1.250105924555100501e-06,9.991356134414672852e-01,7.748816278763115406e-04
1.211768907438681708e-08,1.224082079716026783e-04,3.264131237301626243e-06,9.967283606529235840e-01,3.145881695672869682e-03
5.161225757888132648e-08,1.250143512152135372e-03,7.233488759084139019e-06,9.824692010879516602e-01,1.627331785857677460e-02
8.365999093484788318e-08,3.247193293645977974e-03,3.460925199760822579e-06,9.909589290618896484e-01,5.790310446172952652e-03
3.476091237075706886e-08,7.068085484206676483e-03,8.544964202883420512e-07,9.913876652717590332e-01,1.543369377031922340e-03
6.797524321200398845e-09,2.460241876542568207e-02,1.016091027850052342e-05,9.752135276794433594e-01,1.738399732857942581e-04
7.170283033985924703e-09,4.647727124392986298e-03,1.579722083988599479e-05,9.943434596061706543e-01,9.929102379828691483e-04
6.430220356179461305e-09,2.658841200172901154e-03,8.381000225199386477e-05,9.968324899673461914e-01,4.248224722687155008e-04
9.920018584352874313e-09,9.767622686922550201e-03,4.822336995857767761e-05,9.805526733398437500e-01,9.631356224417686462e-03
1.485944478574197092e-09,4.071432631462812424e-03,4.369917587609961629e-05,9.887592792510986328e-01,7.125603966414928436e-03
2.011522282074906798e-09,9.437919594347476959e-03,1.757634017849341035e-04,9.514698982238769531e-01,3.891636058688163757e-02
8.410537155612018978e-09,5.847908556461334229e-02,1.693904923740774393e-04,8.658825755119323730e-01,7.546900212764739990e-02
1.298452190212628921e-08,3.911287989467382431e-03,1.306258491240441799e-04,8.554468154907226562e-01,1.405112445354461670e-01
1.305544738983144271e-08,3.691208257805556059e-04,2.150142681784927845e-04,3.988007307052612305e-01,6.006151437759399414e-01
4.043333845515917346e-08,8.512443164363503456e-04,3.833961673080921173e-04,4.553451836109161377e-01,5.434200763702392578e-01
3.992131212271488039e-07,4.225976299494504929e-03,8.925400907173752785e-04,7.970563173294067383e-01,1.978247314691543579e-01
4.088904859145259252e-08,1.105523295700550079e-02,5.007697036489844322e-04,8.073277473449707031e-01,1.811161935329437256e-01
3.576356766288313338e-09,2.928880974650382996e-02,6.018446874804794788e-04,5.068289637565612793e-01,4.632803201675415039e-01
2.709450441784611030e-08,1.909295655786991119e-02,1.413365709595382214e-03,5.452780723571777344e-01,4.342156350612640381e-01
1.486758982593983092e-08,3.136265277862548828e-01,6.964490283280611038e-03,5.030480623245239258e-01,1.763608902692794800e-01
2.438287971529007336e-08,5.982655286788940430e-02,8.624657988548278809e-03,4.660096168518066406e-01,4.655390977859497070e-01
2.327891124309644511e-08,5.139387845993041992e-01,1.038785278797149658e-02,4.364936947822570801e-01,3.917954862117767334e-02
2.209149307930147188e-09,8.404970765113830566e-01,1.847711275331676006e-03,1.420463919639587402e-01,1.560879591852426529e-02
5.941698759670543950e-07,5.536758303642272949e-01,7.667177356779575348e-03,1.694832295179367065e-01,2.691731750965118408e-01
4.433396227909724985e-08,5.372599959373474121e-01,9.182664798572659492e-04,1.506979912519454956e-01,3.111236989498138428e-01
9.924834370613098145e-01,2.049963368335738778e-04,6.352937198244035244e-04,2.538946457207202911e-03,4.137246403843164444e-03
