8.047525882720947266e-01,1.952474564313888550e-01
9.629436135292053223e-01,3.705640509724617004e-02
9.889908432960510254e-01,1.100905612111091614e-02
9.983808398246765137e-01,1.619229209609329700e-03
9.995061755180358887e-01,4.938134225085377693e-04
9.998577833175659180e-01,1.421689084963873029e-04
9.998815655708312988e-01,1.184938591904938221e-04
9.980574846267700195e-01,1.942552276886999607e-03
9.938887357711791992e-01,6.111224181950092316e-03
9.978768825531005859e-01,2.123131183907389641e-03
9.985645413398742676e-01,1.435475074686110020e-03
9.986742138862609863e-01,1.325770979747176170e-03
9.988948106765747070e-01,1.105208648368716240e-03
9.976899027824401855e-01,2.310072071850299835e-03
9.912092685699462891e-01,8.790768682956695557e-03
9.979707002639770508e-01,2.029256895184516907e-03
9.988759160041809082e-01,1.124020898714661598e-03
9.979674220085144043e-01,2.032544463872909546e-03
9.671911001205444336e-01,3.280889242887496948e-02
9.837802052497863770e-01,1.621980965137481689e-02
9.924061894416809082e-01,7.593782152980566025e-03
9.905604720115661621e-01,9.439508430659770966e-03
9.958094358444213867e-01,4.190520849078893661e-03
9.981647133827209473e-01,1.835326547734439373e-03
9.989769458770751953e-01,1.023032004013657570e-03
9.987580776214599609e-01,1.241916907019913197e-03
9.978942871093750000e-01,2.105714054778218269e-03
9.964590072631835938e-01,3.540931502357125282e-03
9.993563294410705566e-01,6.436783005483448505e-04
9.983658790588378906e-01,1.634068670682609081e-03
9.978533983230590820e-01,2.146575832739472389e-03
9.986166954040527344e-01,1.383334165439009666e-03
9.986006021499633789e-01,1.399384811520576477e-03
9.979544878005981445e-01,2.045470988377928734e-03
9.972566962242126465e-01,2.743359655141830444e-03
9.968692064285278320e-01,3.130715340375900269e-03
9.973276257514953613e-01,2.672268310561776161e-03
9.996693134307861328e-01,3.306512662675231695e-04
9.996600151062011719e-01,3.399311972316354513e-04
9.994875192642211914e-01,5.124915624037384987e-04
9.992101788520812988e-01,7.898114272393286228e-04
9.995245933532714844e-01,4.753819084726274014e-04
9.991735219955444336e-01,8.264575735665857792e-04
9.989700317382812500e-01,1.029944280162453651e-03
9.986609220504760742e-01,1.339019509032368660e-03
9.981960654258728027e-01,1.804010826162993908e-03
9.990788698196411133e-01,9.211394353769719601e-04
9.996998906135559082e-01,3.000602009706199169e-04
9.999281764030456543e-01,7.190656469902023673e-05
9.998158812522888184e-01,1.841113407863304019e-04
9.994992017745971680e-01,5.007763975299894810e-04
9.998923540115356445e-01,1.076241314876824617e-04
9.998183250427246094e-01,1.816864969441667199e-04
9.995859265327453613e-01,4.140382516197860241e-04
9.992377161979675293e-01,7.622012635692954063e-04
9.998608231544494629e-01,1.392664125887677073e-04
9.997633099555969238e-01,2.366481494391337037e-04
9.994227886199951172e-01,5.772082949988543987e-04
9.994064569473266602e-01,5.935333319939672947e-04
9.999052882194519043e-01,9.480014705331996083e-05
9.999010562896728516e-01,9.890925139188766479e-05
9.997943639755249023e-01,2.055913209915161133e-04
9.992055296897888184e-01,7.945316028781235218e-04
9.988529682159423828e-01,1.147063332609832287e-03
9.992430210113525391e-01,7.569581503048539162e-04
9.997159838676452637e-01,2.840541710611432791e-04
9.997744560241699219e-01,2.254579158034175634e-04
9.997998476028442383e-01,2.000950771616771817e-04
9.998245239257812500e-01,1.754344848450273275e-04
9.999374151229858398e-01,6.253698666114360094e-05
9.998657107353210449e-01,1.343035255558788776e-04
9.997830986976623535e-01,2.169196231989189982e-04
9.998077750205993652e-01,1.922857336467131972e-04
9.995962977409362793e-01,4.037375911138951778e-04
9.993574023246765137e-01,6.425602477975189686e-04
9.994469285011291504e-01,5.530521739274263382e-04
9.994336962699890137e-01,5.662860348820686340e-04
9.997025132179260254e-01,2.974455419462174177e-04
9.996858239173889160e-01,3.141690394841134548e-04
9.995410442352294922e-01,4.590119642671197653e-04
9.994069933891296387e-01,5.929113249294459820e-04
9.996511340141296387e-01,3.488033253233879805e-04
9.998300075531005859e-01,1.699626736808568239e-04
9.998372793197631836e-01,1.627017481951043010e-04
9.997928142547607422e-01,2.070988994091749191e-04
9.998756647109985352e-01,1.243097649421542883e-04
9.997566342353820801e-01,2.434143243590369821e-04
9.997652173042297363e-01,2.348370035178959370e-04
9.994188547134399414e-01,5.812127492390573025e-04
9.992166757583618164e-01,7.832765695638954639e-04
9.998687505722045898e-01,1.312494714511558414e-04
9.998494982719421387e-01,1.505614927737042308e-04
9.998247623443603516e-01,1.752219832269474864e-04
9.998048543930053711e-01,1.951210870174691081e-04
9.994649291038513184e-01,5.350648425519466400e-04
9.995573163032531738e-01,4.426736559253185987e-04
9.997202754020690918e-01,2.797589113470166922e-04
9.999358057975769043e-01,6.408640911104157567e-05
9.998829364776611328e-01,1.170635587186552584e-04
9.997367858886718750e-01,2.631429524626582861e-04
9.996626377105712891e-01,3.373998915776610374e-04
9.995663762092590332e-01,4.336494021117687225e-04
9.997949600219726562e-01,2.050567418336868286e-04
9.998010993003845215e-01,1.988761796383187175e-04
9.996707439422607422e-01,3.292544570285826921e-04
9.994246959686279297e-01,5.753677105531096458e-04
9.992188215255737305e-01,7.812086259946227074e-04
9.993609189987182617e-01,6.389887421391904354e-04
9.996930360794067383e-01,3.069706144742667675e-04
9.997983574867248535e-01,2.016246289713308215e-04
9.997637271881103516e-01,2.362271770834922791e-04
9.997889399528503418e-01,2.111239591613411903e-04
9.998204708099365234e-01,1.794855634216219187e-04
9.996981620788574219e-01,3.019185096491128206e-04
9.997636675834655762e-01,2.363813255215063691e-04
9.997043609619140625e-01,2.956116804853081703e-04
9.998403787612915039e-01,1.595366920810192823e-04
9.997894167900085449e-01,2.105818275595083833e-04
9.998473525047302246e-01,1.526991691207513213e-04
9.999577999114990234e-01,4.218594767735339701e-05
9.998942613601684570e-01,1.057475237757898867e-04
9.997517466545104980e-01,2.483009593561291695e-04
9.997836351394653320e-01,2.162679302273318172e-04
9.998054504394531250e-01,1.945059484569355845e-04
9.999343752861022949e-01,6.568556273123249412e-05
9.997767806053161621e-01,2.231919643236324191e-04
9.997434020042419434e-01,2.565826580394059420e-04
9.997039437294006348e-01,2.959956182166934013e-04
9.999359846115112305e-01,6.406148168025538325e-05
9.999370574951171875e-01,6.288031727308407426e-05
9.997284412384033203e-01,2.715226728469133377e-04
9.996435642242431641e-01,3.564523067325353622e-04
9.997377991676330566e-01,2.622103202156722546e-04
9.996564984321594238e-01,3.434042737353593111e-04
9.994578957557678223e-01,5.420725792646408081e-04
9.996842741966247559e-01,3.156679449602961540e-04
9.998015761375427246e-01,1.983997499337419868e-04
9.998590946197509766e-01,1.408620883012190461e-04
9.998317360877990723e-01,1.683453156147152185e-04
9.998674392700195312e-01,1.325185148743912578e-04
9.998236894607543945e-01,1.762429310474544764e-04
9.998522996902465820e-01,1.477336190873757005e-04
9.997157454490661621e-01,2.842346730176359415e-04
9.993705749511718750e-01,6.294166669249534607e-04
9.989662170410156250e-01,1.033826498314738274e-03
9.991787075996398926e-01,8.212864631786942482e-04
9.995920658111572266e-01,4.078666679561138153e-04
9.996372461318969727e-01,3.627426922321319580e-04
9.998896718025207520e-01,1.103187241824343801e-04
9.999701976776123047e-01,2.978805969178210944e-05
9.999877214431762695e-01,1.233434886671602726e-05
9.999526739120483398e-01,4.733621972263790667e-05
9.999248981475830078e-01,7.511863805120810866e-05
9.999040365219116211e-01,9.590270929038524628e-05
9.999648928642272949e-01,3.506779830786399543e-05
9.999262690544128418e-01,7.380072202067822218e-05
9.998313188552856445e-01,1.686517643975093961e-04
9.997386336326599121e-01,2.613567339722067118e-04
9.999346733093261719e-01,6.532877887366339564e-05
9.999279975891113281e-01,7.202694541774690151e-05
9.998992085456848145e-01,1.007049359031952918e-04
9.999642372131347656e-01,3.578864925657398999e-05
9.999417066574096680e-01,5.829944348079152405e-05
9.999706745147705078e-01,2.937780118372756988e-05
9.999864697456359863e-01,1.344194242847152054e-05
9.999434947967529297e-01,5.651648461935110390e-05
9.998422265052795410e-01,1.577491930220276117e-04
9.997481107711791992e-01,2.518366673029959202e-04
9.993171691894531250e-01,6.828989717178046703e-04
9.994600415229797363e-01,5.399911897256970406e-04
9.992907643318176270e-01,7.092363084666430950e-04
9.993621706962585449e-01,6.378559628501534462e-04
9.992629885673522949e-01,7.369561353698372841e-04
9.995934367179870605e-01,4.066038818564265966e-04
9.999370574951171875e-01,6.298384687397629023e-05
9.999233484268188477e-01,7.660620758542791009e-05
9.997987747192382812e-01,2.011955220950767398e-04
9.999331235885620117e-01,6.690084410365670919e-05
9.998860359191894531e-01,1.139801897807046771e-04
9.998848438262939453e-01,1.151612013927660882e-04
9.998590946197509766e-01,1.409114047419279814e-04
9.997825026512145996e-01,2.175353147322311997e-04
9.997131228446960449e-01,2.868485462386161089e-04
9.996403455734252930e-01,3.596106544137001038e-04
9.995133280754089355e-01,4.867291136179119349e-04
9.992033839225769043e-01,7.966652046889066696e-04
9.993632435798645020e-01,6.367613095790147781e-04
9.987956285476684570e-01,1.204404630698263645e-03
9.967243671417236328e-01,3.275591647252440453e-03
9.935819506645202637e-01,6.418014410883188248e-03
9.984137415885925293e-01,1.586317317560315132e-03
9.993073940277099609e-01,6.926545756869018078e-04
9.992988109588623047e-01,7.012101705186069012e-04
9.986299276351928711e-01,1.370143494568765163e-03
9.995529651641845703e-01,4.470141720958054066e-04
9.995943903923034668e-01,4.056486068293452263e-04
9.994586110115051270e-01,5.414345068857073784e-04
9.998872280120849609e-01,1.127160066971555352e-04
9.998056292533874512e-01,1.944117393577471375e-04
9.999428391456604004e-01,5.714337385143153369e-05
9.999343752861022949e-01,6.573631981154903769e-05
9.997621178627014160e-01,2.378507051616907120e-04
9.994775652885437012e-01,5.225041531957685947e-04
9.993799924850463867e-01,6.199282943271100521e-04
9.995537400245666504e-01,4.462904762476682663e-04
9.996577501296997070e-01,3.422033332753926516e-04
9.997088909149169922e-01,2.911860647145658731e-04
9.998193979263305664e-01,1.805573556339368224e-04
9.995290637016296387e-01,4.709204076789319515e-04
9.998843669891357422e-01,1.156118159997276962e-04
9.998464584350585938e-01,1.535727933514863253e-04
9.997466206550598145e-01,2.533204678911715746e-04
9.999349117279052734e-01,6.509922968689352274e-05
9.999734759330749512e-01,2.644459709699731320e-05
9.997925162315368652e-01,2.075273223454132676e-04
9.973540902137756348e-01,2.645873697474598885e-03
9.970967769622802734e-01,2.903176005929708481e-03
9.984124898910522461e-01,1.587459119036793709e-03
9.994519352912902832e-01,5.480574327521026134e-04
9.990867376327514648e-01,9.132574778050184250e-04
9.986409544944763184e-01,1.359083689749240875e-03
9.998131990432739258e-01,1.867164537543430924e-04
9.996729493141174316e-01,3.269443404860794544e-04
9.998983144760131836e-01,1.016521782730706036e-04
9.996403455734252930e-01,3.596621390897780657e-04
9.993764758110046387e-01,6.235463661141693592e-04
9.998639822006225586e-01,1.360407040920108557e-04
9.998779296875000000e-01,1.221091370098292828e-04
9.996084570884704590e-01,3.915503330063074827e-04
9.995331168174743652e-01,4.668904002755880356e-04
9.995785355567932129e-01,4.215046064928174019e-04
9.998783469200134277e-01,1.216850650962442160e-04
9.998922348022460938e-01,1.077873457688838243e-04
9.999525547027587891e-01,4.741515294881537557e-05
9.999021291732788086e-01,9.788295574253425002e-05
9.998374581336975098e-01,1.626246521482244134e-04
9.996893405914306641e-01,3.106270160060375929e-04
9.994209408760070801e-01,5.789680872112512589e-04
9.998927116394042969e-01,1.072535378625616431e-04
9.997900128364562988e-01,2.099972334690392017e-04
9.997005462646484375e-01,2.994738460984081030e-04
9.999357461929321289e-01,6.420484714908525348e-05
9.998593330383300781e-01,1.406926749041303992e-04
9.999439120292663574e-01,5.608329956885427237e-05
9.998732209205627441e-01,1.268626656383275986e-04
9.998733997344970703e-01,1.265348546439781785e-04
9.999053478240966797e-01,9.467139898333698511e-05
9.998902082443237305e-01,1.097215063055045903e-04
9.997752308845520020e-01,2.247812080895528197e-04
9.997429847717285156e-01,2.569612115621566772e-04
9.998468756675720215e-01,1.531412126496434212e-04
9.999616742134094238e-01,3.831784488284029067e-05
9.999873638153076172e-01,1.269434415007708594e-05
9.999549388885498047e-01,4.507812263909727335e-05
9.996187686920166016e-01,3.811547940131276846e-04
9.997697472572326660e-01,2.302425855305045843e-04
9.999524354934692383e-01,4.760231604450382292e-05
9.998989105224609375e-01,1.010379710351116955e-04
9.999674558639526367e-01,3.253386239521205425e-05
9.998775124549865723e-01,1.224887819262221456e-04
9.996380805969238281e-01,3.619528724811971188e-04
9.999102354049682617e-01,8.980292477644979954e-05
9.997716546058654785e-01,2.283556241309270263e-04
9.997561573982238770e-01,2.438311494188383222e-04
9.996914863586425781e-01,3.084925701841711998e-04
9.997071027755737305e-01,2.929335169028490782e-04
9.999130964279174805e-01,8.688870002515614033e-05
9.999130964279174805e-01,8.684860222274437547e-05
9.998970031738281250e-01,1.030398052535019815e-04
9.998447299003601074e-01,1.552833564346656203e-04
9.994261860847473145e-01,5.738303880207240582e-04
9.992938041687011719e-01,7.061246433295309544e-04
9.996492266654968262e-01,3.507082292344421148e-04
9.997119307518005371e-01,2.880226238630712032e-04
9.997947216033935547e-01,2.051790215773507953e-04
9.999479055404663086e-01,5.207276990404352546e-05
9.999454021453857422e-01,5.463720299303531647e-05
9.999685287475585938e-01,3.145448135910555720e-05
9.999424219131469727e-01,5.759386840509250760e-05
9.999179840087890625e-01,8.195956615963950753e-05
9.997561573982238770e-01,2.438899828121066093e-04
9.997125267982482910e-01,2.874414494726806879e-04
9.998140335083007812e-01,1.858776813605800271e-04
9.999066591262817383e-01,9.336120274383574724e-05
9.999372959136962891e-01,6.275631312746554613e-05
9.997275471687316895e-01,2.724505029618740082e-04
9.997195601463317871e-01,2.803700044751167297e-04
9.997291564941406250e-01,2.708921092562377453e-04
9.999009966850280762e-01,9.910498920362442732e-05
9.997945427894592285e-01,2.055178192676976323e-04
9.996784925460815430e-01,3.215632168576121330e-04
9.995069503784179688e-01,4.930797731503844261e-04
9.996161460876464844e-01,3.838298725895583630e-04
9.995899200439453125e-01,4.100757942069321871e-04
9.998490810394287109e-01,1.509196008555591106e-04
9.996680021286010742e-01,3.319979296065866947e-04
9.995201826095581055e-01,4.797678848262876272e-04
9.992430210113525391e-01,7.569725858047604561e-04
9.998445510864257812e-01,1.554260525153949857e-04
9.998300075531005859e-01,1.699192362139001489e-04
9.996076822280883789e-01,3.922597097698599100e-04
9.988207221031188965e-01,1.179217477329075336e-03
9.979752898216247559e-01,2.024725545197725296e-03
9.989812374114990234e-01,1.018751063384115696e-03
9.988165497779846191e-01,1.183381886221468449e-03
9.977068901062011719e-01,2.293042838573455811e-03
9.791971445083618164e-01,2.080278098583221436e-02
9.979276657104492188e-01,2.072286093607544899e-03
9.995791912078857422e-01,4.207962774671614170e-04
9.995040297508239746e-01,4.958657664246857166e-04
9.995245933532714844e-01,4.754374676849693060e-04
9.993040561676025391e-01,6.959122256375849247e-04
9.979901313781738281e-01,2.009838353842496872e-03
9.979082942008972168e-01,2.091711619868874550e-03
9.989225268363952637e-01,1.077412161976099014e-03
9.986490607261657715e-01,1.351012848317623138e-03
9.977520108222961426e-01,2.247979398816823959e-03
9.953287839889526367e-01,4.671280272305011749e-03
9.966731071472167969e-01,3.326817881315946579e-03
9.958736300468444824e-01,4.126406274735927582e-03
9.952121973037719727e-01,4.787783604115247726e-03
9.909037947654724121e-01,9.096163325011730194e-03
9.868666529655456543e-01,1.313340477645397186e-02
9.931450486183166504e-01,6.854913663119077682e-03
9.973172545433044434e-01,2.682782011106610298e-03
9.984491467475891113e-01,1.550895045511424541e-03
9.960635304450988770e-01,3.936496563255786896e-03
9.889984726905822754e-01,1.100147422403097153e-02
9.935432076454162598e-01,6.456740666180849075e-03
9.979852437973022461e-01,2.014713594689965248e-03
9.943631887435913086e-01,5.636838264763355255e-03
9.979220628738403320e-01,2.077948069199919701e-03
9.970440268516540527e-01,2.955951727926731110e-03
9.966906905174255371e-01,3.309334861114621162e-03
9.958682060241699219e-01,4.131773952394723892e-03
9.683928489685058594e-01,3.160717710852622986e-02
9.576629996299743652e-01,4.233695566654205322e-02
9.634678363800048828e-01,3.653217107057571411e-02
9.691408276557922363e-01,3.085919283330440521e-02
9.830652475357055664e-01,1.693476364016532898e-02
9.528577327728271484e-01,4.714225977659225464e-02
9.612680673599243164e-01,3.873188048601150513e-02
9.568617343902587891e-01,4.313817992806434631e-02
9.236827492713928223e-01,7.631725817918777466e-02
8.482093811035156250e-01,1.517905741930007935e-01
6.950272321701049805e-01,3.049727380275726318e-01
7.539733052253723145e-01,2.460265904664993286e-01
8.007633686065673828e-01,1.992366164922714233e-01
7.704887986183166504e-01,2.295112311840057373e-01
8.770011663436889648e-01,1.229988113045692444e-01
9.543063640594482422e-01,4.569359496235847473e-02
9.609507918357849121e-01,3.904908895492553711e-02
9.672497510910034180e-01,3.275019302964210510e-02
9.872847199440002441e-01,1.271528284996747971e-02
9.913892745971679688e-01,8.610678836703300476e-03
9.885541796684265137e-01,1.144582871347665787e-02
9.855350852012634277e-01,1.446481887251138687e-02
9.821507930755615234e-01,1.784916780889034271e-02
9.749381542205810547e-01,2.506185136735439301e-02
9.378188252449035645e-01,6.218121573328971863e-02
9.013311862945556641e-01,9.866881370544433594e-02
8.684001564979553223e-01,1.315998286008834839e-01
9.153117537498474121e-01,8.468826860189437866e-02
8.226366043090820312e-01,1.773633509874343872e-01
8.301576972007751465e-01,1.698423475027084351e-01
8.520687222480773926e-01,1.479313075542449951e-01
6.754499077796936035e-01,3.245501220226287842e-01
3.742152154445648193e-01,6.257847547531127930e-01
3.763523697853088379e-01,6.236476898193359375e-01
5.986075997352600098e-01,4.013923704624176025e-01
6.515705585479736328e-01,3.484293818473815918e-01
8.158810138702392578e-01,1.841189563274383545e-01
8.692247271537780762e-01,1.307752281427383423e-01
8.450411558151245117e-01,1.549587994813919067e-01
9.381146430969238281e-01,6.188534200191497803e-02
9.598724842071533203e-01,4.012744873762130737e-02
9.451789259910583496e-01,5.482105165719985962e-02
8.733711838722229004e-01,1.266288161277770996e-01
9.286597371101379395e-01,7.134020328521728516e-02
9.555913209915161133e-01,4.440864920616149902e-02
9.057625532150268555e-01,9.423734247684478760e-02
8.640837669372558594e-01,1.359162330627441406e-01
8.626449108123779297e-01,1.373551189899444580e-01
9.303002357482910156e-01,6.969973444938659668e-02
9.448542594909667969e-01,5.514575913548469543e-02
9.413882493972778320e-01,5.861174687743186951e-02
9.362604618072509766e-01,6.373949348926544189e-02
8.625787496566772461e-01,1.374211758375167847e-01
8.262386918067932129e-01,1.737613081932067871e-01
8.357589244842529297e-01,1.642410904169082642e-01
8.677129745483398438e-01,1.322870105504989624e-01
8.461433649063110352e-01,1.538565605878829956e-01
7.531524300575256348e-01,2.468474954366683960e-01
6.893098950386047363e-01,3.106900453567504883e-01
4.912743270397186279e-01,5.087255835533142090e-01
5.737050175666809082e-01,4.262949824333190918e-01
6.529749035835266113e-01,3.470250368118286133e-01
7.407652139663696289e-01,2.592347562313079834e-01
6.136490106582641602e-01,3.863508999347686768e-01
4.298866689205169678e-01,5.701133608818054199e-01
6.553802490234375000e-01,3.446197807788848877e-01
7.271820902824401855e-01,2.728179097175598145e-01
6.555353999137878418e-01,3.444645702838897705e-01
5.842242836952209473e-01,4.157756268978118896e-01
3.165844976902008057e-01,6.834154725074768066e-01
6.632369756698608398e-02,9.336763024330139160e-01
2.574112452566623688e-02,9.742588996887207031e-01
9.678611159324645996e-02,9.032138586044311523e-01
3.276983797550201416e-01,6.723016500473022461e-01
5.951533913612365723e-01,4.048466682434082031e-01
7.046551704406738281e-01,2.953447997570037842e-01
8.624293804168701172e-01,1.375706642866134644e-01
9.324994087219238281e-01,6.750062853097915649e-02
9.468988180160522461e-01,5.310118943452835083e-02
9.491702914237976074e-01,5.082963407039642334e-02
9.443282485008239746e-01,5.567170679569244385e-02
8.896646499633789062e-01,1.103353351354598999e-01
6.726555824279785156e-01,3.273444175720214844e-01
5.464034080505371094e-01,4.535965323448181152e-01
5.358189940452575684e-01,4.641810059547424316e-01
7.421904206275939941e-01,2.578095793724060059e-01
6.917647719383239746e-01,3.082352280616760254e-01
6.322831511497497559e-01,3.677168786525726318e-01
7.155112028121948242e-01,2.844887673854827881e-01
4.497411549091339111e-01,5.502588152885437012e-01
5.563555955886840820e-01,4.436443746089935303e-01
6.611659526824951172e-01,3.388340473175048828e-01
5.773828029632568359e-01,4.226171374320983887e-01
7.875698804855346680e-01,2.124300450086593628e-01
8.290228247642517090e-01,1.709771305322647095e-01
7.501037120819091797e-01,2.498963028192520142e-01
4.090282917022705078e-01,5.909717082977294922e-01
1.680662781000137329e-01,8.319337368011474609e-01
6.858164072036743164e-02,9.314182996749877930e-01
1.313426643610000610e-01,8.686572909355163574e-01
2.780010402202606201e-01,7.219989895820617676e-01
5.068705081939697266e-01,4.931294620037078857e-01
6.459017992019653320e-01,3.540982306003570557e-01
7.901394963264465332e-01,2.098604440689086914e-01
8.047097325325012207e-01,1.952902972698211670e-01
6.405683755874633789e-01,3.594316840171813965e-01
2.070157825946807861e-01,7.929841876029968262e-01
2.695342302322387695e-01,7.304657101631164551e-01
4.410305023193359375e-01,5.589694380760192871e-01
5.805608034133911133e-01,4.194392263889312744e-01
5.836593508720397949e-01,4.163406491279602051e-01
7.068769335746765137e-01,2.931230068206787109e-01
4.235358536243438721e-01,5.764641761779785156e-01
2.328145317733287811e-02,9.767185449600219727e-01
3.392944578081369400e-03,9.966070652008056641e-01
4.710086621344089508e-03,9.952898621559143066e-01
2.782828174531459808e-02,9.721716642379760742e-01
8.931583166122436523e-02,9.106841683387756348e-01
1.259642839431762695e-01,8.740357756614685059e-01
1.190830618143081665e-01,8.809168338775634766e-01
2.051877826452255249e-01,7.948121428489685059e-01
2.026558071374893188e-01,7.973442077636718750e-01
1.343532502651214600e-01,8.656466603279113770e-01
2.720904648303985596e-01,7.279095053672790527e-01
3.663164973258972168e-01,6.336835026741027832e-01
3.631331622600555420e-01,6.368668079376220703e-01
2.587952017784118652e-01,7.412047982215881348e-01
1.647201627492904663e-01,8.352797627449035645e-01
4.667264968156814575e-02,9.533274173736572266e-01
1.565137505531311035e-02,9.843485355377197266e-01
2.295781159773468971e-03,9.977041482925415039e-01
3.995704930275678635e-03,9.960042834281921387e-01
4.442314617335796356e-03,9.955576658248901367e-01
6.295202299952507019e-03,9.937046766281127930e-01
2.113686315715312958e-02,9.788630604743957520e-01
4.390236735343933105e-02,9.560975432395935059e-01
7.341434061527252197e-02,9.265856146812438965e-01
1.622611731290817261e-01,8.377388119697570801e-01
3.872655928134918213e-01,6.127343773841857910e-01
5.637270808219909668e-01,4.362728893756866455e-01
6.177734732627868652e-01,3.822265565395355225e-01
6.704314947128295898e-01,3.295685052871704102e-01
7.180283665657043457e-01,2.819716930389404297e-01
7.769595980644226074e-01,2.230403572320938110e-01
4.263188242912292480e-01,5.736812353134155273e-01
3.361045420169830322e-01,6.638954281806945801e-01
2.179447263479232788e-01,7.820552587509155273e-01
2.795790135860443115e-01,7.204210162162780762e-01
5.076735615730285645e-01,4.923264086246490479e-01
4.986646473407745361e-01,5.013354420661926270e-01
4.132663905620574951e-01,5.867335796356201172e-01
4.822345376014709473e-01,5.177654623985290527e-01
8.377614617347717285e-01,1.622385382652282715e-01
9.062185287475585938e-01,9.378144890069961548e-02
9.195436239242553711e-01,8.045628666877746582e-02
9.019720554351806641e-01,9.802797436714172363e-02
9.707049131393432617e-01,2.929508127272129059e-02
9.860903024673461914e-01,1.390974503010511398e-02
9.955674409866333008e-01,4.432532470673322678e-03
9.968497753143310547e-01,3.150188364088535309e-03
9.845914840698242188e-01,1.540850847959518433e-02
9.831994771957397461e-01,1.680048368871212006e-02
9.844952821731567383e-01,1.550464611500501633e-02
9.861374497413635254e-01,1.386249437928199768e-02
9.881522059440612793e-01,1.184781547635793686e-02
9.918221235275268555e-01,8.177745155990123749e-03
9.950591325759887695e-01,4.940904676914215088e-03
9.938426613807678223e-01,6.157252471894025803e-03
9.926726222038269043e-01,7.327380124479532242e-03
9.859099388122558594e-01,1.409004535526037216e-02
9.922043681144714355e-01,7.795579731464385986e-03
9.879839420318603516e-01,1.201601419597864151e-02
9.918542504310607910e-01,8.145708590745925903e-03
9.891683459281921387e-01,1.083157211542129517e-02
9.826946854591369629e-01,1.730530336499214172e-02
9.799595475196838379e-01,2.004035562276840210e-02
9.784035086631774902e-01,2.159643545746803284e-02
9.883886575698852539e-01,1.161128096282482147e-02
9.934065341949462891e-01,6.593507248908281326e-03
9.907627105712890625e-01,9.237253107130527496e-03
9.868742823600769043e-01,1.312570460140705109e-02
9.530618786811828613e-01,4.693810641765594482e-02
9.365269541740417480e-01,6.347303092479705811e-02
8.764195442199707031e-01,1.235805526375770569e-01
7.321131825447082520e-01,2.678867876529693604e-01
3.729753792285919189e-01,6.270246505737304688e-01
2.390427738428115845e-01,7.609571814537048340e-01
3.650096952915191650e-01,6.349902153015136719e-01
5.615944862365722656e-01,4.384055137634277344e-01
5.098145604133605957e-01,4.901854395866394043e-01
6.656922698020935059e-01,3.343077301979064941e-01
6.904372572898864746e-01,3.095628023147583008e-01
8.118730187416076660e-01,1.881269663572311401e-01
9.863777160644531250e-01,1.362227927893400192e-02
9.569646120071411133e-01,4.303538426756858826e-02
9.377993345260620117e-01,6.220059469342231750e-02
9.297983646392822266e-01,7.020163536071777344e-02
8.714711666107177734e-01,1.285288184881210327e-01
8.164506554603576660e-01,1.835493296384811401e-01
8.980661630630493164e-01,1.019337847828865051e-01
8.652269840240478516e-01,1.347730755805969238e-01
8.072034716606140137e-01,1.927965134382247925e-01
8.041736483573913574e-01,1.958263367414474487e-01
7.061976790428161621e-01,2.938023507595062256e-01
6.124953627586364746e-01,3.875046074390411377e-01
7.868788838386535645e-01,2.131211757659912109e-01
8.750832676887512207e-01,1.249166727066040039e-01
8.731087446212768555e-01,1.268912255764007568e-01
9.097620844841003418e-01,9.023790806531906128e-02
8.944133520126342773e-01,1.055867001414299011e-01
9.258414506912231445e-01,7.415851950645446777e-02
9.578425288200378418e-01,4.215739667415618896e-02
9.678137898445129395e-01,3.218627348542213440e-02
9.708521366119384766e-01,2.914788946509361267e-02
9.706202149391174316e-01,2.937970682978630066e-02
9.774339199066162109e-01,2.256601303815841675e-02
9.841103553771972656e-01,1.588966324925422668e-02
9.906343817710876465e-01,9.365567937493324280e-03
9.882856011390686035e-01,1.171441935002803802e-02
9.838425517082214355e-01,1.615739986300468445e-02
9.379306435585021973e-01,6.206936761736869812e-02
8.476276397705078125e-01,1.523723900318145752e-01
7.491258382797241211e-01,2.508741617202758789e-01
8.604864478111267090e-01,1.395135819911956787e-01
8.963026404380798340e-01,1.036972999572753906e-01
7.296370863914489746e-01,2.703629136085510254e-01
8.336426019668579102e-01,1.663573980331420898e-01
8.555099368095397949e-01,1.444900631904602051e-01
7.267834544181823730e-01,2.732165157794952393e-01
4.147132933139801025e-01,5.852866172790527344e-01
4.611736834049224854e-01,5.388262867927551270e-01
5.267238020896911621e-01,4.732762277126312256e-01
4.681412279605865479e-01,5.318588018417358398e-01
8.668617606163024902e-01,1.331382840871810913e-01
8.744133710861206055e-01,1.255865991115570068e-01
8.291110992431640625e-01,1.708888858556747437e-01
8.165096640586853027e-01,1.834903657436370850e-01
8.975796103477478027e-01,1.024203747510910034e-01
8.857439756393432617e-01,1.142560094594955444e-01
8.831877708435058594e-01,1.168121472001075745e-01
8.813784122467041016e-01,1.186216101050376892e-01
9.323267340660095215e-01,6.767323613166809082e-02
9.663984179496765137e-01,3.360153734683990479e-02
9.597278237342834473e-01,4.027215391397476196e-02
4.727040827274322510e-01,5.272958874702453613e-01
1.058273091912269592e-01,8.941726684570312500e-01
3.439393639564514160e-02,9.656060338020324707e-01
7.623936235904693604e-02,9.237605333328247070e-01
3.129074573516845703e-01,6.870925426483154297e-01
3.466083109378814697e-01,6.533917188644409180e-01
2.213694751262664795e-01,7.786304950714111328e-01
2.652514278888702393e-01,7.347485423088073730e-01
8.301685750484466553e-02,9.169831275939941406e-01
8.009175211191177368e-02,9.199081659317016602e-01
1.483049392700195312e-01,8.516950607299804688e-01
1.027194485068321228e-01,8.972805738449096680e-01
9.967588819563388824e-03,9.900324344635009766e-01
2.446047402918338776e-02,9.755395650863647461e-01
1.751437038183212280e-01,8.248563408851623535e-01
1.489272117614746094e-01,8.510727882385253906e-01
1.151021420955657959e-01,8.848978281021118164e-01
1.154667958617210388e-01,8.845331668853759766e-01
1.535632163286209106e-01,8.464366793632507324e-01
2.245124131441116333e-01,7.754876017570495605e-01
1.903062164783477783e-01,8.096937537193298340e-01
2.145422995090484619e-01,7.854576706886291504e-01
2.644281685352325439e-01,7.355719208717346191e-01
2.228018939495086670e-01,7.771980166435241699e-01
1.849936693906784058e-01,8.150063157081604004e-01
1.383837610483169556e-01,8.616161942481994629e-01
4.873761534690856934e-02,9.512622952461242676e-01
8.625774830579757690e-02,9.137422442436218262e-01
1.824132353067398071e-01,8.175866603851318359e-01
3.160305321216583252e-01,6.839694380760192871e-01
5.778200626373291016e-01,4.221798479557037354e-01
6.792134046554565430e-01,3.207865357398986816e-01
7.844827175140380859e-01,2.155172675848007202e-01
7.913607954978942871e-01,2.086391896009445190e-01
7.868381738662719727e-01,2.131617516279220581e-01
3.867314755916595459e-01,6.132684946060180664e-01
1.776309162378311157e-01,8.223690390586853027e-01
1.067262366414070129e-01,8.932737112045288086e-01
7.364445924758911133e-02,9.263554811477661133e-01
5.672812461853027344e-02,9.432718753814697266e-01
8.183190971612930298e-02,9.181681275367736816e-01
1.245737746357917786e-01,8.754262328147888184e-01
1.311370134353637695e-01,8.688629865646362305e-01
1.135675087571144104e-01,8.864325284957885742e-01
8.741684257984161377e-02,9.125831127166748047e-01
2.093223184347152710e-01,7.906776666641235352e-01
2.770754992961883545e-01,7.229244709014892578e-01
2.366434037685394287e-01,7.633566260337829590e-01
2.286135852336883545e-01,7.713863849639892578e-01
1.512624472379684448e-01,8.487375378608703613e-01
6.005501002073287964e-02,9.399450421333312988e-01
2.507414482533931732e-02,9.749258160591125488e-01
6.758784502744674683e-02,9.324120879173278809e-01
1.416360139846801758e-01,8.583639264106750488e-01
2.959361374378204346e-01,7.040638327598571777e-01
4.665629863739013672e-01,5.334370732307434082e-01
6.012043952941894531e-01,3.987956643104553223e-01
7.443229556083679199e-01,2.556771337985992432e-01
6.934180855751037598e-01,3.065819144248962402e-01
8.435824513435363770e-01,1.564175486564636230e-01
9.588051438331604004e-01,4.119493067264556885e-02
9.908856749534606934e-01,9.114207699894905090e-03
9.959912896156311035e-01,4.008735064417123795e-03
9.941525459289550781e-01,5.847364664077758789e-03
9.986696243286132812e-01,1.330400235019624233e-03
9.994701743125915527e-01,5.298822652548551559e-04
9.996393918991088867e-01,3.605711681302636862e-04
9.997329115867614746e-01,2.671207184903323650e-04
9.998590946197509766e-01,1.408834650646895170e-04
9.998877644538879395e-01,1.122600733651779592e-04
9.998982548713684082e-01,1.017905160551890731e-04
9.999018907546997070e-01,9.814206714509055018e-05
9.999168515205383301e-01,8.319292828673496842e-05
9.997545480728149414e-01,2.453393826726824045e-04
9.996131658554077148e-01,3.867469786200672388e-04
9.998107552528381348e-01,1.892625587061047554e-04
9.999033808708190918e-01,9.661341755418106914e-05
9.999544024467468262e-01,4.556653584586456418e-05
9.999688267707824707e-01,3.117465894320048392e-05
9.999595284461975098e-01,4.045778041472658515e-05
9.999423027038574219e-01,5.774246528744697571e-05
9.999315142631530762e-01,6.838214903837069869e-05
9.999417662620544434e-01,5.811320806969888508e-05
9.999181032180786133e-01,8.184583566617220640e-05
9.998916387557983398e-01,1.083911047317087650e-04
9.998543858528137207e-01,1.456683676224201918e-04
9.998065233230590820e-01,1.933849125634878874e-04
9.999201297760009766e-01,7.981548696989193559e-05
9.999382495880126953e-01,6.175402813823893666e-05
9.998570680618286133e-01,1.428523828508332372e-04
9.994872212409973145e-01,5.127604817971587181e-04
9.992423653602600098e-01,7.575604831799864769e-04
9.995374083518981934e-01,4.625365836545825005e-04
9.998562932014465332e-01,1.437133905710652471e-04
9.996784925460815430e-01,3.214736643712967634e-04
9.995716214179992676e-01,4.283961607143282890e-04
9.992151260375976562e-01,7.848999812267720699e-04
9.995144605636596680e-01,4.855598381254822016e-04
9.995722174644470215e-01,4.277442058082669973e-04
9.981555342674255371e-01,1.844400539994239807e-03
9.992837905883789062e-01,7.161847315728664398e-04
9.989824891090393066e-01,1.017476315610110760e-03
9.998390078544616699e-01,1.610084582353010774e-04
9.997596144676208496e-01,2.403337857685983181e-04
9.994064569473266602e-01,5.935313529334962368e-04
9.971737861633300781e-01,2.826163778081536293e-03
9.779989719390869141e-01,2.200101129710674286e-02
9.946786761283874512e-01,5.321301985532045364e-03
9.974739551544189453e-01,2.526138676330447197e-03
9.982265830039978027e-01,1.773469615727663040e-03
9.967723488807678223e-01,3.227625042200088501e-03
9.995934367179870605e-01,4.065631655976176262e-04
9.993144273757934570e-01,6.855197716504335403e-04
9.970351457595825195e-01,2.964809769764542580e-03
9.995643496513366699e-01,4.356276185717433691e-04
9.984712600708007812e-01,1.528750406578183174e-03
9.986100196838378906e-01,1.389974611811339855e-03
9.986860752105712891e-01,1.313852146267890930e-03
9.980613589286804199e-01,1.938588102348148823e-03
9.970018863677978516e-01,2.998192096129059792e-03
9.960100650787353516e-01,3.989969845861196518e-03
9.853967428207397461e-01,1.460326556116342545e-02
9.929054975509643555e-01,7.094460539519786835e-03
9.974086880683898926e-01,2.591344527900218964e-03
9.990481138229370117e-01,9.519642335362732410e-04
9.961632490158081055e-01,3.836794290691614151e-03
9.959911108016967773e-01,4.008878488093614578e-03
9.917481541633605957e-01,8.251749910414218903e-03
9.980673193931579590e-01,1.932700630277395248e-03
9.977400898933410645e-01,2.259868429973721504e-03
9.977039098739624023e-01,2.296017715707421303e-03
9.963760972023010254e-01,3.623839467763900757e-03
9.935684204101562500e-01,6.431580055505037308e-03
9.793081879615783691e-01,2.069176919758319855e-02
9.714713692665100098e-01,2.852861769497394562e-02
9.904612898826599121e-01,9.538663551211357117e-03
9.899604320526123047e-01,1.003961171954870224e-02
9.775217175483703613e-01,2.247826941311359406e-02
9.930940866470336914e-01,6.905937567353248596e-03
9.926152825355529785e-01,7.384705357253551483e-03
9.775166511535644531e-01,2.248333208262920380e-02
9.705401659011840820e-01,2.945981174707412720e-02
9.855757355690002441e-01,1.442421693354845047e-02
9.885905385017395020e-01,1.140946056693792343e-02
9.822242259979248047e-01,1.777574233710765839e-02
9.776329398155212402e-01,2.236706204712390900e-02
9.671036601066589355e-01,3.289630636572837830e-02
9.735537767410278320e-01,2.644620090723037720e-02
9.876263141632080078e-01,1.237363088876008987e-02
9.903987646102905273e-01,9.601202793419361115e-03
9.929968118667602539e-01,7.003186270594596863e-03
9.864772558212280273e-01,1.352277398109436035e-02
9.829849004745483398e-01,1.701497659087181091e-02
9.893813133239746094e-01,1.061870343983173370e-02
9.909106492996215820e-01,9.089299477636814117e-03
9.897882938385009766e-01,1.021167356520891190e-02
9.931778311729431152e-01,6.822067312896251678e-03
9.971746802330017090e-01,2.825230127200484276e-03
9.907659292221069336e-01,9.234117344021797180e-03
9.938104748725891113e-01,6.189492065459489822e-03
9.891583323478698730e-01,1.084163878113031387e-02
9.854068160057067871e-01,1.459311041980981827e-02
9.841306805610656738e-01,1.586927846074104309e-02
9.823312163352966309e-01,1.766878180205821991e-02
9.590802192687988281e-01,4.091968014836311340e-02
9.649866223335266113e-01,3.501344472169876099e-02
9.711033701896667480e-01,2.889659814536571503e-02
9.829815030097961426e-01,1.701844856142997742e-02
9.577302932739257812e-01,4.226957634091377258e-02
9.269042611122131348e-01,7.309572398662567139e-02
8.002862334251403809e-01,1.997137814760208130e-01
2.716326117515563965e-01,7.283673882484436035e-01
4.423950612545013428e-02,9.557604789733886719e-01
3.537560105323791504e-01,6.462438702583312988e-01
8.897393941879272461e-01,1.102605983614921570e-01
9.457647204399108887e-01,5.423528701066970825e-02
8.387162089347839355e-01,1.612838059663772583e-01
9.120742678642272949e-01,8.792569488286972046e-02
9.198484420776367188e-01,8.015148341655731201e-02
9.397722482681274414e-01,6.022780761122703552e-02
9.353120923042297363e-01,6.468785554170608521e-02
9.515582323074340820e-01,4.844182357192039490e-02
9.724100232124328613e-01,2.758991159498691559e-02
9.903125762939453125e-01,9.687475860118865967e-03
9.938800930976867676e-01,6.119823548942804337e-03
9.924062490463256836e-01,7.593731395900249481e-03
9.951323866844177246e-01,4.867546726018190384e-03
9.948697090148925781e-01,5.130256060510873795e-03
9.693209528923034668e-01,3.067907318472862244e-02
9.396438598632812500e-01,6.035608798265457153e-02
9.084599018096923828e-01,9.154003858566284180e-02
9.441556930541992188e-01,5.584428459405899048e-02
9.713487029075622559e-01,2.865121513605117798e-02
9.907795786857604980e-01,9.220368228852748871e-03
9.883971810340881348e-01,1.160279661417007446e-02
9.802923202514648438e-01,1.970763690769672394e-02
9.881343245506286621e-01,1.186570432037115097e-02
9.863952994346618652e-01,1.360460929572582245e-02
9.833597540855407715e-01,1.664022170007228851e-02
9.876939058303833008e-01,1.230604108422994614e-02
9.486380815505981445e-01,5.136178433895111084e-02
5.929471254348754883e-01,4.070528447628021240e-01
8.266586661338806152e-01,1.733413636684417725e-01
9.109632372856140137e-01,8.903678506612777710e-02
9.175477027893066406e-01,8.245235681533813477e-02
8.577287793159484863e-01,1.422712355852127075e-01
8.781912922859191895e-01,1.218087002635002136e-01
9.280345439910888672e-01,7.196532934904098511e-02
9.654735326766967773e-01,3.452656045556068420e-02
9.597235321998596191e-01,4.027637094259262085e-02
9.683715105056762695e-01,3.162853419780731201e-02
9.545219540596008301e-01,4.547803476452827454e-02
9.744029045104980469e-01,2.559699304401874542e-02
9.846833944320678711e-01,1.531653106212615967e-02
9.884822964668273926e-01,1.151762623339891434e-02
9.894378185272216797e-01,1.056214515119791031e-02
9.869138598442077637e-01,1.308612059801816940e-02
9.814749956130981445e-01,1.852505281567573547e-02
9.897285699844360352e-01,1.027140393853187561e-02
9.950207471847534180e-01,4.979198332875967026e-03
9.938254952430725098e-01,6.174446549266576767e-03
9.917809963226318359e-01,8.218905888497829437e-03
9.923748970031738281e-01,7.625037804245948792e-03
9.896253943443298340e-01,1.037464570254087448e-02
9.826948642730712891e-01,1.730512268841266632e-02
9.894661903381347656e-01,1.053378731012344360e-02
9.930327534675598145e-01,6.967230699956417084e-03
9.905247688293457031e-01,9.475215338170528412e-03
9.961274266242980957e-01,3.872558940201997757e-03
9.974346160888671875e-01,2.565395785495638847e-03
9.980097413063049316e-01,1.990324351936578751e-03
9.987666606903076172e-01,1.233309158124029636e-03
9.981378316879272461e-01,1.862203120253980160e-03
9.965087771415710449e-01,3.491253126412630081e-03
9.971729516983032227e-01,2.826979150995612144e-03
9.980803132057189941e-01,1.919571193866431713e-03
9.981971383094787598e-01,1.802865415811538696e-03
9.959554076194763184e-01,4.044518806040287018e-03
9.939514398574829102e-01,6.048453971743583679e-03
9.906449317932128906e-01,9.355060756206512451e-03
9.954019784927368164e-01,4.597999621182680130e-03
9.955346584320068359e-01,4.465357400476932526e-03
9.967959523200988770e-01,3.204022999852895737e-03
9.940072298049926758e-01,5.992711056023836136e-03
9.964835643768310547e-01,3.516453318297863007e-03
9.971864819526672363e-01,2.813516650348901749e-03
9.960914254188537598e-01,3.908528480678796768e-03
9.950879216194152832e-01,4.912130068987607956e-03
9.940363764762878418e-01,5.963603965938091278e-03
9.503248929977416992e-01,4.967514052987098694e-02
9.885789155960083008e-01,1.142108719795942307e-02
9.968538284301757812e-01,3.146156203001737595e-03
9.973416328430175781e-01,2.658311044797301292e-03
9.982092380523681641e-01,1.790820504538714886e-03
9.987855553627014160e-01,1.214446732774376869e-03
9.982748031616210938e-01,1.725215348415076733e-03
9.973333477973937988e-01,2.666657557711005211e-03
9.973094463348388672e-01,2.690618857741355896e-03
9.977416992187500000e-01,2.258256776258349419e-03
9.968783855438232422e-01,3.121647285297513008e-03
9.971746206283569336e-01,2.825346076861023903e-03
9.976890087127685547e-01,2.310973359271883965e-03
9.963888525962829590e-01,3.611129941418766975e-03
9.916650652885437012e-01,8.334878832101821899e-03
9.953510165214538574e-01,4.648952744901180267e-03
9.976912140846252441e-01,2.308779163286089897e-03
9.973297119140625000e-01,2.670341171324253082e-03
9.975359439849853516e-01,2.464065095409750938e-03
9.980881810188293457e-01,1.911822357214987278e-03
9.983870983123779297e-01,1.612924039363861084e-03
9.983662962913513184e-01,1.633737585507333279e-03
9.977427721023559570e-01,2.257268643006682396e-03
9.985222220420837402e-01,1.477828598581254482e-03
9.981759786605834961e-01,1.824054401367902756e-03
9.983522891998291016e-01,1.647776458412408829e-03
9.997971057891845703e-01,2.028872549999505281e-04
9.997175931930541992e-01,2.824374823831021786e-04
9.993384480476379395e-01,6.614823359996080399e-04
9.990638494491577148e-01,9.361513075418770313e-04
9.991671442985534668e-01,8.328660624101758003e-04
9.989867806434631348e-01,1.013239379972219467e-03
9.984154105186462402e-01,1.584659446962177753e-03
9.969040751457214355e-01,3.095919499173760414e-03
9.941505789756774902e-01,5.849386565387248993e-03
9.916111230850219727e-01,8.388806134462356567e-03
9.904940128326416016e-01,9.505911730229854584e-03
8.891595005989074707e-01,1.108405366539955139e-01
9.577371478080749512e-01,4.226282611489295959e-02
9.931995868682861328e-01,6.800381932407617569e-03
9.977837800979614258e-01,2.216194523498415947e-03
9.976867437362670898e-01,2.313218079507350922e-03
9.978699088096618652e-01,2.130187116563320160e-03
9.981220364570617676e-01,1.877932110801339149e-03
9.980570673942565918e-01,1.942957169376313686e-03
9.973345994949340820e-01,2.665381180122494698e-03
9.982141256332397461e-01,1.785935019142925739e-03
9.983391761779785156e-01,1.660754671320319176e-03
9.985141158103942871e-01,1.485857064835727215e-03
9.975323081016540527e-01,2.467727754265069962e-03
9.974647760391235352e-01,2.535208128392696381e-03
9.923771619796752930e-01,7.622823584824800491e-03
9.917298555374145508e-01,8.270107209682464600e-03
9.963563680648803711e-01,3.643682459369301796e-03
9.974901676177978516e-01,2.509837038815021515e-03
9.952266812324523926e-01,4.773306660354137421e-03
9.954266548156738281e-01,4.573360551148653030e-03
9.678550362586975098e-01,3.214493021368980408e-02
9.891683459281921387e-01,1.083162426948547363e-02
9.861614108085632324e-01,1.383854728192090988e-02
9.978516697883605957e-01,2.148331841453909874e-03
9.988192319869995117e-01,1.180787803605198860e-03
9.994851350784301758e-01,5.147953634150326252e-04
9.997116327285766602e-01,2.883727720472961664e-04
9.997183680534362793e-01,2.815661136992275715e-04
9.996823072433471680e-01,3.177447360940277576e-04
9.992241859436035156e-01,7.757795974612236023e-04
9.986701607704162598e-01,1.329823164269328117e-03
9.965560436248779297e-01,3.444005036726593971e-03
9.990775585174560547e-01,9.224659879691898823e-04
9.998474121093750000e-01,1.525901461718603969e-04
9.998269677162170410e-01,1.730442018015310168e-04
9.994495511054992676e-01,5.504677537828683853e-04
9.998778104782104492e-01,1.222123537445440888e-04
9.999104738235473633e-01,8.949342736741527915e-05
9.997337460517883301e-01,2.662046754267066717e-04
9.997736811637878418e-01,2.262935158796608448e-04
9.997127056121826172e-01,2.873550984077155590e-04
9.996998310089111328e-01,3.001838340424001217e-04
9.993965029716491699e-01,6.034611142240464687e-04
9.997153878211975098e-01,2.845682611223310232e-04
9.995390772819519043e-01,4.609021125361323357e-04
9.984502196311950684e-01,1.549763255752623081e-03
9.984096884727478027e-01,1.590392785146832466e-03
9.988583326339721680e-01,1.141695422120392323e-03
9.996656179428100586e-01,3.343785647302865982e-04
9.998334646224975586e-01,1.664779993006959558e-04
9.996957778930664062e-01,3.041895688511431217e-04
9.994763731956481934e-01,5.236682482063770294e-04
9.991818666458129883e-01,8.181465673260390759e-04
9.989160299301147461e-01,1.084016519598662853e-03
9.990103840827941895e-01,9.896478150039911270e-04
9.994236826896667480e-01,5.762631190009415150e-04
9.992156028747558594e-01,7.843312341719865799e-04
9.992931485176086426e-01,7.068880950100719929e-04
9.989142417907714844e-01,1.085719442926347256e-03
9.971164464950561523e-01,2.883569570258259773e-03
9.958305954933166504e-01,4.169379360973834991e-03
9.989883899688720703e-01,1.011521788313984871e-03
9.989250302314758301e-01,1.074924832209944725e-03
9.991446733474731445e-01,8.553378866054117680e-04
9.985393285751342773e-01,1.460640691220760345e-03
9.974744915962219238e-01,2.525529125705361366e-03
9.982597231864929199e-01,1.740270061418414116e-03
9.952383041381835938e-01,4.761641845107078552e-03
9.953606724739074707e-01,4.639381542801856995e-03
9.971452355384826660e-01,2.854801947250962257e-03
9.980375170707702637e-01,1.962517620995640755e-03
9.969149231910705566e-01,3.084974596276879311e-03
9.920735955238342285e-01,7.926323451101779938e-03
9.945631027221679688e-01,5.436845589429140091e-03
9.984079599380493164e-01,1.592017244547605515e-03
9.987703561782836914e-01,1.229663728736341000e-03
9.942874908447265625e-01,5.712460726499557495e-03
9.646156430244445801e-01,3.538433462381362915e-02
9.605866074562072754e-01,3.941340371966362000e-02
9.156115055084228516e-01,8.438836038112640381e-02
9.721834659576416016e-01,2.781652100384235382e-02
9.962326884269714355e-01,3.767309477552771568e-03
9.990373849868774414e-01,9.626842802390456200e-04
9.990935325622558594e-01,9.064511978067457676e-04
9.981055855751037598e-01,1.894480199553072453e-03
9.987987279891967773e-01,1.201213570311665535e-03
9.989482164382934570e-01,1.051736413501203060e-03
9.950944781303405762e-01,4.905519541352987289e-03
9.972427487373352051e-01,2.757231937721371651e-03
9.951288700103759766e-01,4.871082492172718048e-03
9.853758811950683594e-01,1.462398935109376907e-02
8.983678221702575684e-01,1.016321554780006409e-01
9.794952869415283203e-01,2.050473354756832123e-02
9.774906039237976074e-01,2.250936254858970642e-02
9.858026504516601562e-01,1.419737283140420914e-02
9.897348880767822266e-01,1.026512216776609421e-02
9.939095973968505859e-01,6.090363487601280212e-03
9.968841671943664551e-01,3.115828149020671844e-03
9.883491396903991699e-01,1.165078673511743546e-02
9.979401230812072754e-01,2.059865975752472878e-03
9.937003254890441895e-01,6.299661938101053238e-03
9.693535566329956055e-01,3.064649738371372223e-02
9.607196450233459473e-01,3.928039968013763428e-02
9.699701070785522461e-01,3.002991899847984314e-02
8.968828320503234863e-01,1.031171828508377075e-01
9.073792099952697754e-01,9.262078255414962769e-02
9.432182312011718750e-01,5.678173527121543884e-02
9.441724419593811035e-01,5.582753568887710571e-02
9.332613945007324219e-01,6.673860549926757812e-02
9.251599907875061035e-01,7.483997195959091187e-02
9.462828636169433594e-01,5.371708795428276062e-02
9.387510418891906738e-01,6.124896556138992310e-02
9.374749064445495605e-01,6.252504140138626099e-02
8.677825331687927246e-01,1.322174817323684692e-01
9.393543004989624023e-01,6.064563244581222534e-02
9.855445027351379395e-01,1.445544883608818054e-02
9.901162981986999512e-01,9.883712045848369598e-03
9.919583797454833984e-01,8.041610941290855408e-03
9.760840535163879395e-01,2.391594089567661285e-02
8.432646989822387695e-01,1.567353755235671997e-01
8.372960686683654785e-01,1.627039611339569092e-01
9.423252940177917480e-01,5.767469108104705811e-02
9.241635799407958984e-01,7.583644986152648926e-02
9.407980442047119141e-01,5.920198559761047363e-02
7.482754588127136230e-01,2.517245113849639893e-01
4.766120910644531250e-01,5.233879089355468750e-01
1.483898013830184937e-01,8.516101837158203125e-01
3.799574971199035645e-01,6.200425028800964355e-01
6.608462333679199219e-01,3.391537666320800781e-01
8.008193969726562500e-01,1.991806179285049438e-01
9.198039174079895020e-01,8.019604533910751343e-02
9.474816918373107910e-01,5.251825228333473206e-02
8.923739790916442871e-01,1.076260954141616821e-01
6.250708103179931641e-01,3.749291598796844482e-01
5.133691430091857910e-01,4.866308271884918213e-01
6.747199296951293945e-01,3.252801001071929932e-01
7.851379513740539551e-01,2.148620635271072388e-01
8.741761445999145508e-01,1.258238703012466431e-01
8.760315775871276855e-01,1.239684373140335083e-01
8.464110493659973145e-01,1.535889804363250732e-01
8.624898195266723633e-01,1.375101804733276367e-01
9.284778833389282227e-01,7.152203470468521118e-02
9.507773518562316895e-01,4.922265931963920593e-02
9.743521213531494141e-01,2.564782463014125824e-02
9.612613916397094727e-01,3.873863071203231812e-02
9.226032495498657227e-01,7.739672809839248657e-02
8.673775196075439453e-01,1.326225548982620239e-01
8.027682900428771973e-01,1.972316503524780273e-01
7.559652924537658691e-01,2.440346330404281616e-01
7.063133716583251953e-01,2.936866283416748047e-01
7.300321459770202637e-01,2.699679136276245117e-01
6.081593632698059082e-01,3.918406069278717041e-01
2.507821321487426758e-01,7.492178082466125488e-01
3.280052542686462402e-02,9.671995043754577637e-01
1.041904557496309280e-02,9.895808696746826172e-01
1.890523172914981842e-02,9.810946583747863770e-01
5.226071923971176147e-02,9.477391839027404785e-01
1.040215790271759033e-01,8.959783911705017090e-01
1.986186057329177856e-01,8.013814091682434082e-01
3.751921057701110840e-01,6.248078346252441406e-01
5.928986072540283203e-01,4.071013331413269043e-01
5.428844690322875977e-01,4.571156203746795654e-01
3.381915986537933350e-01,6.618083715438842773e-01
2.685902416706085205e-01,7.314097285270690918e-01
3.863923251628875732e-01,6.136076450347900391e-01
5.479311347007751465e-01,4.520688951015472412e-01
5.033367276191711426e-01,4.966632127761840820e-01
4.007716774940490723e-01,5.992282629013061523e-01
4.168666005134582520e-01,5.831334590911865234e-01
4.091271758079528809e-01,5.908727645874023438e-01
3.115058839321136475e-01,6.884940862655639648e-01
4.227986037731170654e-01,5.772014260292053223e-01
5.532377362251281738e-01,4.467621743679046631e-01
3.446066677570343018e-01,6.553933024406433105e-01
1.043936610221862793e-01,8.956063389778137207e-01
9.427256137132644653e-02,9.057273864746093750e-01
4.511084780097007751e-02,9.548891782760620117e-01
1.677883602678775787e-02,9.832211732864379883e-01
2.964416518807411194e-03,9.970356225967407227e-01
2.048052381724119186e-03,9.979519248008728027e-01
1.802987419068813324e-03,9.981970191001892090e-01
1.674314960837364197e-03,9.983256459236145020e-01
1.373367733322083950e-03,9.986267089843750000e-01
1.427383278496563435e-03,9.985725283622741699e-01
1.715339953079819679e-03,9.982846379280090332e-01
2.560225315392017365e-03,9.974397420883178711e-01
7.957217283546924591e-03,9.920427799224853516e-01
1.601824350655078888e-02,9.839817285537719727e-01
3.431459143757820129e-02,9.656854271888732910e-01
6.498594582080841064e-02,9.350140690803527832e-01
9.545588493347167969e-02,9.045440554618835449e-01
5.491776391863822937e-02,9.450822472572326660e-01
6.783708930015563965e-03,9.932161569595336914e-01
1.689762459136545658e-03,9.983102083206176758e-01
8.062578272074460983e-04,9.991937279701232910e-01
6.223329692147672176e-04,9.993776082992553711e-01
3.808635519817471504e-04,9.996191859245300293e-01
7.066417601890861988e-04,9.992933273315429688e-01
1.740636886097490788e-03,9.982593655586242676e-01
7.475787773728370667e-03,9.925241470336914062e-01
2.319286204874515533e-02,9.768071770668029785e-01
6.717102229595184326e-02,9.328289628028869629e-01
1.738757193088531494e-01,8.261242508888244629e-01
3.828464746475219727e-01,6.171535253524780273e-01
5.935987234115600586e-01,4.064012467861175537e-01
6.794732809066772461e-01,3.205267190933227539e-01
5.072692036628723145e-01,4.927307367324829102e-01
1.369425952434539795e-01,8.630573749542236328e-01
1.017718911170959473e-01,8.982280492782592773e-01
4.909626394510269165e-02,9.509036540985107422e-01
4.470579326152801514e-02,9.552942514419555664e-01
1.339910775423049927e-01,8.660089373588562012e-01
2.588926553726196289e-01,7.411073446273803711e-01
3.698274493217468262e-01,6.301725506782531738e-01
1.758242398500442505e-01,8.241757750511169434e-01
1.105076447129249573e-01,8.894922733306884766e-01
9.481355547904968262e-02,9.051864147186279297e-01
2.074081450700759888e-02,9.792591333389282227e-01
1.070201769471168518e-02,9.892980456352233887e-01
1.701714284718036652e-02,9.829828739166259766e-01
6.026150286197662354e-02,9.397385120391845703e-01
1.283187121152877808e-01,8.716813921928405762e-01
2.363919019699096680e-01,7.636080980300903320e-01
4.111186265945434570e-01,5.888813734054565430e-01
7.451955080032348633e-01,2.548044919967651367e-01
6.623603105545043945e-01,3.376396298408508301e-01
5.380619764328002930e-01,4.619380235671997070e-01
5.877237319946289062e-01,4.122762978076934814e-01
6.841194033622741699e-01,3.158805668354034424e-01
7.827135324478149414e-01,2.172864824533462524e-01
7.183163166046142578e-01,2.816836535930633545e-01
8.283178806304931641e-01,1.716821193695068359e-01
9.218522906303405762e-01,7.814772427082061768e-02
9.144884347915649414e-01,8.551151305437088013e-02
9.300560355186462402e-01,6.994394212961196899e-02
8.994557857513427734e-01,1.005441844463348389e-01
8.845460414886474609e-01,1.154538542032241821e-01
9.259754419326782227e-01,7.402455061674118042e-02
9.075100421905517578e-01,9.248996526002883911e-02
8.979643583297729492e-01,1.020356416702270508e-01
8.679249882698059082e-01,1.320749521255493164e-01
8.433728218078613281e-01,1.566271036863327026e-01
9.132549762725830078e-01,8.674493432044982910e-02
7.577117681503295898e-01,2.422881424427032471e-01
7.427160739898681641e-01,2.572839856147766113e-01
6.696707010269165039e-01,3.303292989730834961e-01
7.898333668708801270e-01,2.101665884256362915e-01
8.422852754592895508e-01,1.577147245407104492e-01
9.133435487747192383e-01,8.665651082992553711e-02
6.237360239028930664e-01,3.762639760971069336e-01
3.996643126010894775e-01,6.003356575965881348e-01
2.265397310256958008e-01,7.734602093696594238e-01
2.196454405784606934e-01,7.803544998168945312e-01
5.433382093906402588e-02,9.456662535667419434e-01
1.258262619376182556e-02,9.874173402786254883e-01
1.538833952508866787e-03,9.984610676765441895e-01
7.489806739613413811e-04,9.992509484291076660e-01
2.065207343548536301e-03,9.979347586631774902e-01
1.966253155842423439e-03,9.980337619781494141e-01
4.214567597955465317e-04,9.995785355567932129e-01
9.524545021122321486e-05,9.999047517776489258e-01
1.195933800772763789e-04,9.998804926872253418e-01
5.086423479951918125e-04,9.994913339614868164e-01
2.151083201169967651e-03,9.978489279747009277e-01
5.923122633248567581e-03,9.940767884254455566e-01
9.537348523736000061e-03,9.904626607894897461e-01
4.470798652619123459e-03,9.955292344093322754e-01
4.204964730888605118e-03,9.957950115203857422e-01
7.000057958066463470e-03,9.929998517036437988e-01
1.096902322024106979e-02,9.890309572219848633e-01
7.325983140617609024e-03,9.926739931106567383e-01
5.503769963979721069e-03,9.944962263107299805e-01
3.170765237882733345e-03,9.968292117118835449e-01
2.510550664737820625e-03,9.974894523620605469e-01
2.082088729366660118e-03,9.979179501533508301e-01
1.180338091216981411e-03,9.988197088241577148e-01
1.041869181790389121e-04,9.998958706855773926e-01
1.471660016250098124e-05,9.999853372573852539e-01
5.918401711824117228e-06,9.999939799308776855e-01
4.196070676698582247e-06,9.999958276748657227e-01
5.528902420337544754e-06,9.999945163726806641e-01
2.332492658752016723e-05,9.999766349792480469e-01
1.404527138220146298e-04,9.998595714569091797e-01
5.624490440823137760e-04,9.994375109672546387e-01
1.544649829156696796e-03,9.984552860260009766e-01
4.957650788128376007e-03,9.950423240661621094e-01
4.969868808984756470e-03,9.950299859046936035e-01
2.617595950141549110e-03,9.973823428153991699e-01
1.664359355345368385e-03,9.983355998992919922e-01
1.185930101200938225e-03,9.988141059875488281e-01
1.354466308839619160e-03,9.986454844474792480e-01
3.529515815898776054e-03,9.964703917503356934e-01
1.444567088037729263e-02,9.855542778968811035e-01
8.251003175973892212e-02,9.174900054931640625e-01
1.699111610651016235e-01,8.300887942314147949e-01
2.242031693458557129e-01,7.757967114448547363e-01
5.043838620185852051e-01,4.956161379814147949e-01
7.353909611701965332e-01,2.646089792251586914e-01
7.879743576049804688e-01,2.120256423950195312e-01
9.316830635070800781e-01,6.831693649291992188e-02
9.734191298484802246e-01,2.658081240952014923e-02
9.904912114143371582e-01,9.508758783340454102e-03
9.969035983085632324e-01,3.096381435170769691e-03
9.984996318817138672e-01,1.500394660979509354e-03
9.991194009780883789e-01,8.805375546216964722e-04
9.991595745086669922e-01,8.404572727158665657e-04
9.995093345642089844e-01,4.906328977085649967e-04
9.906166195869445801e-01,9.383426047861576080e-03
7.396429181098937988e-01,2.603570222854614258e-01
6.583775877952575684e-01,3.416223824024200439e-01
8.721380829811096191e-01,1.278618872165679932e-01
9.580209255218505859e-01,4.197905585169792175e-02
9.600303173065185547e-01,3.996961563825607300e-02
9.819260239601135254e-01,1.807398162782192230e-02
9.834938645362854004e-01,1.650607399642467499e-02
9.904012680053710938e-01,9.598639793694019318e-03
9.896968603134155273e-01,1.030314154922962189e-02
9.943206310272216797e-01,5.679363850504159927e-03
9.920411705970764160e-01,7.958769798278808594e-03
9.921925067901611328e-01,7.807483430951833725e-03
9.963036775588989258e-01,3.696275409311056137e-03
9.939744472503662109e-01,6.025499198585748672e-03
9.842605590820312500e-01,1.573935151100158691e-02
9.810417294502258301e-01,1.895827613770961761e-02
9.871743321418762207e-01,1.282560359686613083e-02
9.743514657020568848e-01,2.564851567149162292e-02
9.590446352958679199e-01,4.095542058348655701e-02
9.293034672737121582e-01,7.069646567106246948e-02
9.035853147506713867e-01,9.641465544700622559e-02
9.211315512657165527e-01,7.886842638254165649e-02
9.353051781654357910e-01,6.469485908746719360e-02
8.624690771102905273e-01,1.375308930873870850e-01
8.166984915733337402e-01,1.833014935255050659e-01
7.805867791175842285e-01,2.194132059812545776e-01
7.799798846244812012e-01,2.200201153755187988e-01
7.315564751625061035e-01,2.684434652328491211e-01
3.821378052234649658e-01,6.178621649742126465e-01
3.360426425933837891e-01,6.639573574066162109e-01
4.323477447032928467e-01,5.676522254943847656e-01
4.431062936782836914e-01,5.568937063217163086e-01
4.332489073276519775e-01,5.667510628700256348e-01
5.435712933540344238e-01,4.564287364482879639e-01
3.078537583351135254e-01,6.921461820602416992e-01
1.133825629949569702e-01,8.866173624992370605e-01
4.355555400252342224e-02,9.564444422721862793e-01
3.723767027258872986e-02,9.627623558044433594e-01
6.540244817733764648e-02,9.345974922180175781e-01
1.049669384956359863e-01,8.950330615043640137e-01
9.781486541032791138e-02,9.021851420402526855e-01
8.423462510108947754e-03,9.915765523910522461e-01
4.568473901599645615e-03,9.954314827919006348e-01
6.948494701646268368e-04,9.993051290512084961e-01
2.683811180759221315e-04,9.997316002845764160e-01
2.263109781779348850e-04,9.997736811637878418e-01
1.416199025698006153e-03,9.985837936401367188e-01
7.672437001019716263e-03,9.923275113105773926e-01
1.422873232513666153e-02,9.857712984085083008e-01
4.135126620531082153e-02,9.586487412452697754e-01
3.544725850224494934e-02,9.645527601242065430e-01
1.237407419830560684e-02,9.876258373260498047e-01
7.411653175950050354e-03,9.925882816314697266e-01
9.878204204142093658e-03,9.901217818260192871e-01
1.147864386439323425e-02,9.885213375091552734e-01
8.721048012375831604e-03,9.912789463996887207e-01
6.902829278260469437e-03,9.930971264839172363e-01
8.800137788057327271e-03,9.911999106407165527e-01
1.278265751898288727e-02,9.872173070907592773e-01
1.408508792519569397e-02,9.859148859977722168e-01
2.433085814118385315e-02,9.756690859794616699e-01
2.318710461258888245e-02,9.768127799034118652e-01
1.723067276179790497e-02,9.827691912651062012e-01
1.756815426051616669e-02,9.824317693710327148e-01
1.372583396732807159e-02,9.862741231918334961e-01
1.073339115828275681e-02,9.892666339874267578e-01
2.428523078560829163e-02,9.757147431373596191e-01
4.155618324875831604e-02,9.584438204765319824e-01
5.372780933976173401e-02,9.462721347808837891e-01
5.311985313892364502e-02,9.468801021575927734e-01
1.149382889270782471e-01,8.850616812705993652e-01
1.536419391632080078e-01,8.463580608367919922e-01
1.936355829238891602e-01,8.063644766807556152e-01
5.442762747406959534e-02,9.455723166465759277e-01
3.989061713218688965e-02,9.601093530654907227e-01
5.250892415642738342e-02,9.474909901618957520e-01
2.283128537237644196e-02,9.771686196327209473e-01
2.528900979086756706e-03,9.974710345268249512e-01
1.938958070240914822e-03,9.980610013008117676e-01
7.020006887614727020e-03,9.929800033569335938e-01
2.604953758418560028e-02,9.739504456520080566e-01
6.224372237920761108e-02,9.377562403678894043e-01
2.077993303537368774e-01,7.922006249427795410e-01
1.490545459091663361e-02,9.850945472717285156e-01
2.158590359613299370e-03,9.978413581848144531e-01
4.066263791173696518e-03,9.959336519241333008e-01
2.361091785132884979e-02,9.763890504837036133e-01
8.242226392030715942e-02,9.175777435302734375e-01
2.092233598232269287e-01,7.907766103744506836e-01
3.361872732639312744e-01,6.638126969337463379e-01
4.647150337696075439e-01,5.352848768234252930e-01
3.590010404586791992e-01,6.409989595413208008e-01
4.185875952243804932e-01,5.814123749732971191e-01
1.635016947984695435e-01,8.364983201026916504e-01
1.972400397062301636e-01,8.027599453926086426e-01
2.745048999786376953e-01,7.254951000213623047e-01
2.533864378929138184e-01,7.466135025024414062e-01
7.771039754152297974e-02,9.222896099090576172e-01
5.996884778141975403e-03,9.940031170845031738e-01
1.705884584225714207e-03,9.982941746711730957e-01
7.349411025643348694e-04,9.992649555206298828e-01
3.874990215990692377e-04,9.996125102043151855e-01
1.445525413146242499e-04,9.998554587364196777e-01
3.697417560033500195e-05,9.999630451202392578e-01
2.531334212108049542e-05,9.999747276306152344e-01
7.033235306153073907e-05,9.999296665191650391e-01
9.685179247753694654e-05,9.999030828475952148e-01
9.213510929839685559e-05,9.999078512191772461e-01
1.024252196657471359e-04,9.998975992202758789e-01
4.131562600377947092e-04,9.995868802070617676e-01
1.780682476237416267e-03,9.982193112373352051e-01
1.958186738193035126e-03,9.980417490005493164e-01
1.503798412159085274e-03,9.984961748123168945e-01
5.068209720775485039e-04,9.994931817054748535e-01
5.863455589860677719e-04,9.994136095046997070e-01
1.548641826957464218e-03,9.984513521194458008e-01
4.190904553979635239e-03,9.958090186119079590e-01
5.619305651634931564e-03,9.943805932998657227e-01
1.550952671095728874e-03,9.984489679336547852e-01
1.246249303221702576e-03,9.987537860870361328e-01
3.331858199089765549e-03,9.966681003570556641e-01
7.668958511203527451e-03,9.923310279846191406e-01
1.313234586268663406e-02,9.868676066398620605e-01
3.599371388554573059e-02,9.640062451362609863e-01
2.161282002925872803e-01,7.838718295097351074e-01
9.020128101110458374e-02,9.097986817359924316e-01
1.024599187076091766e-02,9.897540211677551270e-01
1.056369580328464508e-02,9.894362688064575195e-01
7.850478403270244598e-03,9.921494722366333008e-01
5.210591480135917664e-03,9.947893023490905762e-01
8.310520090162754059e-03,9.916895031929016113e-01
3.268415480852127075e-02,9.673157930374145508e-01
4.727183878421783447e-01,5.272816419601440430e-01
9.102138876914978027e-01,8.978606015443801880e-02
9.882084727287292480e-01,1.179158501327037811e-02
9.972410202026367188e-01,2.758973278105258942e-03
9.985363483428955078e-01,1.463592518121004105e-03
9.983145594596862793e-01,1.685410737991333008e-03
9.991984367370605469e-01,8.015516796149313450e-04
9.994924068450927734e-01,5.075269145891070366e-04
9.998497962951660156e-01,1.501660153735429049e-04
9.998872280120849609e-01,1.127866489696316421e-04
9.998744726181030273e-01,1.255694369319826365e-04
9.999144077301025391e-01,8.563924347981810570e-05
9.998641014099121094e-01,1.358380832243710756e-04
9.998193383216857910e-01,1.806613872759044170e-04
9.997749924659729004e-01,2.249776589451357722e-04
9.991282820701599121e-01,8.717438904568552971e-04
9.988247752189636230e-01,1.175193232484161854e-03
9.986261725425720215e-01,1.373766572214663029e-03
9.987561702728271484e-01,1.243874547071754932e-03
9.993696808815002441e-01,6.303570698946714401e-04
9.967166781425476074e-01,3.283274360001087189e-03
9.650740623474121094e-01,3.492599353194236755e-02
9.292814135551452637e-01,7.071856409311294556e-02
9.518887996673583984e-01,4.811118915677070618e-02
9.921254515647888184e-01,7.874574512243270874e-03
9.960799217224121094e-01,3.919996321201324463e-03
9.975317716598510742e-01,2.468151273205876350e-03
9.987441897392272949e-01,1.255796058103442192e-03
9.974550604820251465e-01,2.544896677136421204e-03
9.954298138618469238e-01,4.570088349282741547e-03
9.976072311401367188e-01,2.392700407654047012e-03
9.967226386070251465e-01,3.277321113273501396e-03
9.946682453155517578e-01,5.331817083060741425e-03
9.839935302734375000e-01,1.600646972656250000e-02
9.950274825096130371e-01,4.972464405000209808e-03
9.929924607276916504e-01,7.007455453276634216e-03
9.828379750251770020e-01,1.716203056275844574e-02
9.772775173187255859e-01,2.272248640656471252e-02
9.826324582099914551e-01,1.736749522387981415e-02
9.882013201713562012e-01,1.179861556738615036e-02
9.949374198913574219e-01,5.062535870820283890e-03
9.958598017692565918e-01,4.140159580856561661e-03
9.114102125167846680e-01,8.858975768089294434e-02
5.227865576744079590e-01,4.772134721279144287e-01
3.010712563991546631e-01,6.989286541938781738e-01
5.434074401855468750e-01,4.565925598144531250e-01
8.890298008918762207e-01,1.109701320528984070e-01
9.771558046340942383e-01,2.284420095384120941e-02
9.922379255294799805e-01,7.762066554278135300e-03
9.945322275161743164e-01,5.467810202389955521e-03
9.894236922264099121e-01,1.057632640004158020e-02
9.962693452835083008e-01,3.730687778443098068e-03
9.979558587074279785e-01,2.044052351266145706e-03
9.958220720291137695e-01,4.177888855338096619e-03
9.727890491485595703e-01,2.721098437905311584e-02
9.628955721855163574e-01,3.710452467203140259e-02
9.871389269828796387e-01,1.286101434379816055e-02
9.935859441757202148e-01,6.414003670215606689e-03
9.886683821678161621e-01,1.133165694773197174e-02
9.961321949958801270e-01,3.867733525112271309e-03
9.942167997360229492e-01,5.783235188573598862e-03
9.915332198143005371e-01,8.466809056699275970e-03
9.926102161407470703e-01,7.389731705188751221e-03
9.821705818176269531e-01,1.782936602830886841e-02
9.594848155975341797e-01,4.051516950130462646e-02
9.786455035209655762e-01,2.135441266000270844e-02
7.272399067878723145e-01,2.727600038051605225e-01
5.896779894828796387e-01,4.103219807147979736e-01
8.420183658599853516e-01,1.579816192388534546e-01
8.804735541343688965e-01,1.195264607667922974e-01
5.133724212646484375e-01,4.866275489330291748e-01
3.890103399753570557e-01,6.109896302223205566e-01
6.264920234680175781e-01,3.735079467296600342e-01
8.762453794479370117e-01,1.237546056509017944e-01
9.802025556564331055e-01,1.979739405214786530e-02
9.863226413726806641e-01,1.367732323706150055e-02
7.909647226333618164e-01,2.090353071689605713e-01
4.373936355113983154e-02,9.562606215476989746e-01
7.112688571214675903e-02,9.288730025291442871e-01
4.620933234691619873e-01,5.379065871238708496e-01
9.018864035606384277e-01,9.811357408761978149e-02
7.274188995361328125e-01,2.725811302661895752e-01
5.264583826065063477e-01,4.735416173934936523e-01
7.599252462387084961e-01,2.400747686624526978e-01
5.341016054153442383e-01,4.658983647823333740e-01
4.058782160282135010e-01,5.941218137741088867e-01
4.349655807018280029e-01,5.650343894958496094e-01
4.354932308197021484e-01,5.645067095756530762e-01
2.582711279392242432e-01,7.417288422584533691e-01
9.555584937334060669e-02,9.044441580772399902e-01
2.399058341979980469e-01,7.600941061973571777e-01
5.458896160125732422e-01,4.541104137897491455e-01
5.512608289718627930e-01,4.487391412258148193e-01
4.051643610000610352e-02,9.594835638999938965e-01
2.160855382680892944e-01,7.839144468307495117e-01
5.626627206802368164e-01,4.373372197151184082e-01
8.529655933380126953e-01,1.470343470573425293e-01
7.606659531593322754e-01,2.393340319395065308e-01
5.987337231636047363e-01,4.012662172317504883e-01
2.197668105363845825e-01,7.802331447601318359e-01
1.276702582836151123e-01,8.723297119140625000e-01
1.386189460754394531e-01,8.613811135292053223e-01
1.487430483102798462e-01,8.512569665908813477e-01
1.805342882871627808e-01,8.194656372070312500e-01
1.359971165657043457e-01,8.640028834342956543e-01
1.509535759687423706e-01,8.490463495254516602e-01
6.108879297971725464e-02,9.389111399650573730e-01
5.162353441119194031e-02,9.483764171600341797e-01
2.060123533010482788e-02,9.793987274169921875e-01
7.092854008078575134e-03,9.929071664810180664e-01
6.804306060075759888e-03,9.931956529617309570e-01
1.023388747125864029e-02,9.897660613059997559e-01
1.454172842204570770e-02,9.854581952095031738e-01
2.351624891161918640e-02,9.764837622642517090e-01
1.477829366922378540e-02,9.852216839790344238e-01
9.380012750625610352e-03,9.906199574470520020e-01
3.358779707923531532e-03,9.966412782669067383e-01
1.165234716609120369e-03,9.988347887992858887e-01
7.135837804526090622e-04,9.992864727973937988e-01
2.100403886288404465e-03,9.978995919227600098e-01
1.214947272092103958e-02,9.878504276275634766e-01
2.833240292966365814e-02,9.716676473617553711e-01
1.366869807243347168e-01,8.633129596710205078e-01
1.141644343733787537e-01,8.858355283737182617e-01
7.994853705167770386e-02,9.200513958930969238e-01
2.840458750724792480e-01,7.159541249275207520e-01
3.219456970691680908e-01,6.780542135238647461e-01
4.383209049701690674e-01,5.616791248321533203e-01
3.443636298179626465e-01,6.556363701820373535e-01
2.751379907131195068e-01,7.248619794845581055e-01
2.955863177776336670e-01,7.044137120246887207e-01
2.162509411573410034e-01,7.837489843368530273e-01
7.500802725553512573e-02,9.249919652938842773e-01
6.756536662578582764e-02,9.324346184730529785e-01
1.219598203897476196e-02,9.878039956092834473e-01
3.922290052287280560e-04,9.996076822280883789e-01
2.181149029638618231e-04,9.997819066047668457e-01
3.975837898906320333e-04,9.996023178100585938e-01
2.431550528854131699e-03,9.975684881210327148e-01
2.740966901183128357e-02,9.725902676582336426e-01
4.844875633716583252e-02,9.515511989593505859e-01
4.599753022193908691e-02,9.540024995803833008e-01
8.786829560995101929e-02,9.121316671371459961e-01
8.152664452791213989e-02,9.184733033180236816e-01
1.827012896537780762e-01,8.172986507415771484e-01
2.358380556106567383e-01,7.641619443893432617e-01
3.799088597297668457e-01,6.200911402702331543e-01
3.182760477066040039e-01,6.817239522933959961e-01
1.644172817468643188e-01,8.355827331542968750e-01
1.640248894691467285e-01,8.359751105308532715e-01
2.519557066261768341e-02,9.748043417930603027e-01
2.341474592685699463e-02,9.765852689743041992e-01
5.456585809588432312e-02,9.454340934753417969e-01
1.059068441390991211e-01,8.940930962562561035e-01
1.225002110004425049e-01,8.774996995925903320e-01
1.765565723180770874e-01,8.234434723854064941e-01
2.062930911779403687e-01,7.937069535255432129e-01
2.378170341253280640e-01,7.621830105781555176e-01
2.430633306503295898e-01,7.569366097450256348e-01
4.524378105998039246e-02,9.547561407089233398e-01
3.755865851417183876e-03,9.962441325187683105e-01
3.051795810461044312e-02,9.694820046424865723e-01
2.624271810054779053e-01,7.375727891921997070e-01
7.130118012428283691e-01,2.869881391525268555e-01
2.994550466537475586e-01,7.005448937416076660e-01
3.455040752887725830e-01,6.544959545135498047e-01
6.190795078873634338e-02,9.380920529365539551e-01
3.360613435506820679e-02,9.663938283920288086e-01
2.835601866245269775e-01,7.164397835731506348e-01
5.252584815025329590e-01,4.747414588928222656e-01
7.837619185447692871e-01,2.162380218505859375e-01
7.682176232337951660e-01,2.317823469638824463e-01
7.789675593376159668e-01,2.210324555635452271e-01
8.307437300682067871e-01,1.692562103271484375e-01
7.678549885749816895e-01,2.321450859308242798e-01
7.762820720672607422e-01,2.237179726362228394e-01
6.770817637443542480e-01,3.229182362556457520e-01
7.190989255905151367e-01,2.809011340141296387e-01
7.555633187294006348e-01,2.444366961717605591e-01
7.752858996391296387e-01,2.247140854597091675e-01
4.202206432819366455e-01,5.797793865203857422e-01
1.091476380825042725e-01,8.908523321151733398e-01
1.352600902318954468e-01,8.647399544715881348e-01
1.146661415696144104e-01,8.853337764739990234e-01
2.135035693645477295e-01,7.864964008331298828e-01
3.429195582866668701e-01,6.570804119110107422e-01
3.513078689575195312e-01,6.486921310424804688e-01
3.419009149074554443e-01,6.580990552902221680e-01
1.508880257606506348e-01,8.491119742393493652e-01
2.146832197904586792e-01,7.853167653083801270e-01
4.232226908206939697e-01,5.767772793769836426e-01
7.988941669464111328e-01,2.011057883501052856e-01
7.909881472587585449e-01,2.090118378400802612e-01
8.677048683166503906e-01,1.322951912879943848e-01
8.970392346382141113e-01,1.029606983065605164e-01
9.724622964859008789e-01,2.753767929971218109e-02
9.884181618690490723e-01,1.158182509243488312e-02
9.657964706420898438e-01,3.420346230268478394e-02
9.414188861846923828e-01,5.858116596937179565e-02
8.746575713157653809e-01,1.253423839807510376e-01
8.705481290817260742e-01,1.294518262147903442e-01
9.186367392539978027e-01,8.136327564716339111e-02
9.756752848625183105e-01,2.432465739548206329e-02
9.802322387695312500e-01,1.976779289543628693e-02
9.871414899826049805e-01,1.285852957516908646e-02
9.856337904930114746e-01,1.436620019376277924e-02
9.745749235153198242e-01,2.542500011622905731e-02
9.390411972999572754e-01,6.095879524946212769e-02
9.375686645507812500e-01,6.243126466870307922e-02
9.734768867492675781e-01,2.652313560247421265e-02
9.944117665290832520e-01,5.588293075561523438e-03
9.961775541305541992e-01,3.822455881163477898e-03
6.674367785453796387e-01,3.325632512569427490e-01
1.238491758704185486e-01,8.761508464813232422e-01
1.242983937263488770e-01,8.757015466690063477e-01
2.895758152008056641e-01,7.104241847991943359e-01
5.412340164184570312e-01,4.587659239768981934e-01
7.084210515022277832e-01,2.915788888931274414e-01
8.190467357635498047e-01,1.809532940387725830e-01
8.831360936164855957e-01,1.168638765811920166e-01
8.117788434028625488e-01,1.882212013006210327e-01
6.290604472160339355e-01,3.709395825862884521e-01
6.808073520660400391e-01,3.191926777362823486e-01
7.315723299980163574e-01,2.684276998043060303e-01
7.597155570983886719e-01,2.402843832969665527e-01
8.560453653335571289e-01,1.439545899629592896e-01
7.840118408203125000e-01,2.159881889820098877e-01
7.608497142791748047e-01,2.391502857208251953e-01
8.498059511184692383e-01,1.501940637826919556e-01
8.794532418251037598e-01,1.205466911196708679e-01
9.643216133117675781e-01,3.567845374345779419e-02
9.792412519454956055e-01,2.075865678489208221e-02
9.696589112281799316e-01,3.034100309014320374e-02
9.124894738197326660e-01,8.751047402620315552e-02
8.928324580192565918e-01,1.071675568819046021e-01
8.651807308197021484e-01,1.348192840814590454e-01
9.696486592292785645e-01,3.035130351781845093e-02
9.824117422103881836e-01,1.758819632232189178e-02
9.904694557189941406e-01,9.530502371490001678e-03
9.972321987152099609e-01,2.767759375274181366e-03
9.849257469177246094e-01,1.507422607392072678e-02
9.756115674972534180e-01,2.438835985958576202e-02
9.765569567680358887e-01,2.344298735260963440e-02
9.815763235092163086e-01,1.842364482581615448e-02
9.803662896156311035e-01,1.963368989527225494e-02
9.944758415222167969e-01,5.524064414203166962e-03
9.216870665550231934e-01,7.831288874149322510e-02
6.853841543197631836e-01,3.146158158779144287e-01
5.467368960380554199e-01,4.532630741596221924e-01
7.835575938224792480e-01,2.164423912763595581e-01
8.175522089004516602e-01,1.824477612972259521e-01
8.674435019493103027e-01,1.325564533472061157e-01
8.992143273353576660e-01,1.007856056094169617e-01
8.930045962333679199e-01,1.069954857230186462e-01
8.029492497444152832e-01,1.970507800579071045e-01
7.299777865409851074e-01,2.700222134590148926e-01
6.858417391777038574e-01,3.141582608222961426e-01
8.700599074363708496e-01,1.299400776624679565e-01
8.760662674903869629e-01,1.239337176084518433e-01
8.907006978988647461e-01,1.092992797493934631e-01
9.876102805137634277e-01,1.238967850804328918e-02
9.446926712989807129e-01,5.530741065740585327e-02
8.530588746070861816e-01,1.469410508871078491e-01
7.554077506065368652e-01,2.445922195911407471e-01
1.913971900939941406e-01,8.086028099060058594e-01
6.785574555397033691e-01,3.214425444602966309e-01
