9.587447643280029297e-01,4.125527292490005493e-02
9.877964854240417480e-01,1.220354437828063965e-02
9.755953550338745117e-01,2.440458908677101135e-02
9.948624372482299805e-01,5.137507338076829910e-03
9.980880022048950195e-01,1.911985571496188641e-03
9.990336298942565918e-01,9.663641103543341160e-04
9.996783137321472168e-01,3.216705517843365669e-04
9.997181296348571777e-01,2.818178618326783180e-04
9.974134564399719238e-01,2.586581977084279060e-03
9.977546334266662598e-01,2.245428739115595818e-03
9.994128942489624023e-01,5.870782770216464996e-04
9.996157288551330566e-01,3.843406739179044962e-04
9.997388124465942383e-01,2.612879616208374500e-04
9.997377991676330566e-01,2.622075844556093216e-04
9.992396235466003418e-01,7.603695848956704140e-04
9.938330650329589844e-01,6.166948936879634857e-03
9.853453040122985840e-01,1.465474721044301987e-02
9.854652881622314453e-01,1.453465037047863007e-02
8.380156755447387695e-01,1.619842201471328735e-01
8.180975914001464844e-01,1.819024085998535156e-01
8.486876487731933594e-01,1.513123065233230591e-01
9.413936138153076172e-01,5.860632285475730896e-02
9.865027666091918945e-01,1.349721290171146393e-02
9.888257980346679688e-01,1.117422617971897125e-02
9.879536628723144531e-01,1.204634457826614380e-02
9.471759200096130371e-01,5.282399430871009827e-02
9.559364914894104004e-01,4.406355321407318115e-02
5.031270384788513184e-01,4.968729615211486816e-01
6.240032315254211426e-01,3.759967386722564697e-01
8.276918530464172363e-01,1.723082065582275391e-01
9.247191548347473145e-01,7.528086751699447632e-02
9.634531736373901367e-01,3.654675558209419250e-02
9.767889976501464844e-01,2.321098186075687408e-02
9.781813621520996094e-01,2.181860059499740601e-02
9.736184477806091309e-01,2.638153731822967529e-02
9.663932919502258301e-01,3.360674530267715454e-02
9.674398303031921387e-01,3.256015107035636902e-02
9.331138730049133301e-01,6.688617914915084839e-02
8.651075959205627441e-01,1.348924189805984497e-01
7.340809702873229980e-01,2.659190893173217773e-01
9.513126611709594727e-01,4.868730157613754272e-02
9.787709712982177734e-01,2.122907340526580811e-02
9.657653570175170898e-01,3.423458337783813477e-02
9.933937788009643555e-01,6.606161594390869141e-03
9.959444403648376465e-01,4.055520985275506973e-03
9.963786602020263672e-01,3.621255280449986458e-03
9.684808850288391113e-01,3.151900693774223328e-02
9.425802230834960938e-01,5.741970241069793701e-02
7.487714290618896484e-01,2.512285411357879639e-01
8.466957807540893555e-01,1.533042639493942261e-01
9.380000829696655273e-01,6.199994310736656189e-02
9.726884961128234863e-01,2.731150574982166290e-02
9.790595173835754395e-01,2.094045467674732208e-02
7.171100378036499023e-01,2.828899621963500977e-01
5.193673968315124512e-01,4.806325733661651611e-01
7.742714881896972656e-01,2.257285267114639282e-01
9.665465354919433594e-01,3.345347940921783447e-02
9.747893810272216797e-01,2.521059289574623108e-02
9.631741642951965332e-01,3.682586178183555603e-02
9.016252160072326660e-01,9.837473928928375244e-02
8.392639756202697754e-01,1.607359647750854492e-01
9.118723869323730469e-01,8.812762796878814697e-02
9.228146672248840332e-01,7.718531042337417603e-02
9.407500624656677246e-01,5.924995616078376770e-02
9.370789527893066406e-01,6.292107701301574707e-02
9.363728761672973633e-01,6.362713128328323364e-02
9.439164996147155762e-01,5.608344823122024536e-02
8.459009528160095215e-01,1.540990173816680908e-01
8.474884033203125000e-01,1.525116115808486938e-01
9.468144178390502930e-01,5.318562313914299011e-02
9.477084875106811523e-01,5.229151993989944458e-02
9.742376208305358887e-01,2.576232515275478363e-02
9.906991124153137207e-01,9.300924837589263916e-03
9.955441951751708984e-01,4.455828573554754257e-03
9.958817362785339355e-01,4.118168260902166367e-03
9.883638620376586914e-01,1.163607928901910782e-02
9.865823388099670410e-01,1.341765467077493668e-02
9.915924072265625000e-01,8.407639339566230774e-03
9.943215250968933105e-01,5.678469780832529068e-03
9.970010519027709961e-01,2.998949959874153137e-03
9.980710744857788086e-01,1.928844838403165340e-03
9.992495775222778320e-01,7.504535606130957603e-04
9.995320439338684082e-01,4.679083067458122969e-04
9.998302459716796875e-01,1.697456027613952756e-04
9.998499155044555664e-01,1.500990038039162755e-04
9.998721480369567871e-01,1.278510753763839602e-04
9.998936653137207031e-01,1.062900628312490880e-04
9.996558427810668945e-01,3.441306471358984709e-04
9.992207288742065430e-01,7.793029653839766979e-04
9.990082979202270508e-01,9.916567942127585411e-04
9.989290833473205566e-01,1.070857164449989796e-03
9.990619421005249023e-01,9.380249539390206337e-04
9.993858933448791504e-01,6.141588091850280762e-04
9.987677335739135742e-01,1.232259208336472511e-03
9.975957870483398438e-01,2.404246944934129715e-03
9.954524040222167969e-01,4.547505173832178116e-03
9.935212135314941406e-01,6.478785071521997452e-03
9.889978766441345215e-01,1.100206095725297928e-02
9.836176037788391113e-01,1.638235710561275482e-02
9.869174361228942871e-01,1.308255176991224289e-02
9.897817969322204590e-01,1.021809782832860947e-02
9.973173737525939941e-01,2.682615770027041435e-03
9.839859008789062500e-01,1.601411215960979462e-02
9.726232290267944336e-01,2.737671323120594025e-02
9.651572704315185547e-01,3.484272956848144531e-02
9.764365553855895996e-01,2.356342598795890808e-02
9.902603030204772949e-01,9.739708155393600464e-03
9.959785938262939453e-01,4.021442029625177383e-03
9.986930489540100098e-01,1.307019963860511780e-03
9.993064403533935547e-01,6.935726851224899292e-04
9.993638992309570312e-01,6.360361003316938877e-04
9.990172386169433594e-01,9.827390313148498535e-04
9.588903784751892090e-01,4.110957309603691101e-02
2.812529504299163818e-01,7.187470793724060059e-01
1.719892323017120361e-01,8.280107378959655762e-01
2.993149161338806152e-01,7.006850242614746094e-01
6.710267066955566406e-01,3.289732635021209717e-01
7.074147462844848633e-01,2.925851643085479736e-01
6.846354007720947266e-01,3.153646290302276611e-01
5.531705021858215332e-01,4.468294382095336914e-01
5.373779535293579102e-01,4.626220762729644775e-01
7.887268066406250000e-01,2.112731486558914185e-01
8.073894381523132324e-01,1.926104724407196045e-01
8.029341697692871094e-01,1.970658451318740845e-01
9.713143706321716309e-01,2.868565171957015991e-02
9.975374937057495117e-01,2.462490927428007126e-03
9.992757439613342285e-01,7.242970168590545654e-04
9.997953772544860840e-01,2.046328299911692739e-04
9.997336864471435547e-01,2.664025523699820042e-04
9.998744726181030273e-01,1.255650131497532129e-04
9.999544024467468262e-01,4.556979911285452545e-05
9.999017715454101562e-01,9.821715502766892314e-05
9.996601343154907227e-01,3.398684784770011902e-04
9.983778595924377441e-01,1.622234587557613850e-03
9.978209733963012695e-01,2.179051050916314125e-03
9.589124917984008789e-01,4.108743742108345032e-02
8.885781764984130859e-01,1.114218011498451233e-01
9.496330022811889648e-01,5.036697536706924438e-02
9.786984920501708984e-01,2.130149491131305695e-02
8.260784745216369629e-01,1.739214658737182617e-01
3.786640167236328125e-01,6.213359832763671875e-01
4.977863132953643799e-01,5.022136569023132324e-01
7.333536744117736816e-01,2.666463255882263184e-01
7.688437104225158691e-01,2.311562895774841309e-01
9.072306752204895020e-01,9.276934713125228882e-02
9.668285846710205078e-01,3.317138552665710449e-02
8.666969537734985352e-01,1.333031058311462402e-01
6.536654829978942871e-01,3.463344871997833252e-01
8.147384524345397949e-01,1.852614581584930420e-01
9.517530798912048340e-01,4.824688285589218140e-02
8.223419785499572754e-01,1.776581257581710815e-01
2.589495480060577393e-01,7.410504817962646484e-01
2.998120710253715515e-02,9.700187444686889648e-01
4.105037450790405273e-02,9.589495658874511719e-01
3.008438944816589355e-01,6.991561055183410645e-01
4.462513029575347900e-01,5.537488460540771484e-01
1.334340423345565796e-01,8.665660023689270020e-01
1.037945300340652466e-01,8.962054252624511719e-01
2.679649889469146729e-01,7.320349812507629395e-01
7.963903546333312988e-01,2.036095261573791504e-01
9.563668370246887207e-01,4.363319277763366699e-02
9.877378940582275391e-01,1.226205658167600632e-02
9.979635477066040039e-01,2.036432968452572823e-03
9.996590614318847656e-01,3.409945347812026739e-04
9.998670816421508789e-01,1.329371152678504586e-04
9.996507167816162109e-01,3.492943069431930780e-04
9.998831748962402344e-01,1.167844602605327964e-04
9.999612569808959961e-01,3.872196975862607360e-05
9.994537830352783203e-01,5.463269772008061409e-04
9.986445307731628418e-01,1.355435466393828392e-03
9.992722272872924805e-01,7.277166587300598621e-04
9.988909363746643066e-01,1.109141274355351925e-03
9.960572123527526855e-01,3.942707087844610214e-03
9.974381923675537109e-01,2.561777597293257713e-03
9.983026981353759766e-01,1.697288709692656994e-03
9.993603825569152832e-01,6.396737298928201199e-04
9.995373487472534180e-01,4.626998561434447765e-04
9.998666048049926758e-01,1.334355183644220233e-04
9.999357461929321289e-01,6.423687591450288892e-05
9.998197555541992188e-01,1.802091865101829171e-04
9.997233748435974121e-01,2.766430843621492386e-04
9.992771148681640625e-01,7.228206959553062916e-04
9.980751276016235352e-01,1.924884854815900326e-03
9.893102645874023438e-01,1.068975124508142471e-02
9.514109492301940918e-01,4.858902841806411743e-02
9.568672180175781250e-01,4.313281551003456116e-02
9.851851463317871094e-01,1.481489092111587524e-02
9.823464155197143555e-01,1.765360683202743530e-02
9.651653170585632324e-01,3.483469784259796143e-02
8.909918069839477539e-01,1.090082004666328430e-01
8.985270261764526367e-01,1.014729589223861694e-01
9.362542033195495605e-01,6.374572217464447021e-02
9.460167288780212402e-01,5.398318544030189514e-02
9.661698341369628906e-01,3.383015841245651245e-02
9.732859134674072266e-01,2.671403996646404266e-02
9.372327327728271484e-01,6.276728957891464233e-02
8.918097615242004395e-01,1.081901937723159790e-01
8.755907416343688965e-01,1.244093403220176697e-01
9.029495120048522949e-01,9.705047309398651123e-02
9.518757462501525879e-01,4.812417551875114441e-02
9.423762559890747070e-01,5.762364715337753296e-02
7.945258021354675293e-01,2.054741829633712769e-01
8.859008550643920898e-01,1.140991523861885071e-01
9.383240938186645508e-01,6.167585775256156921e-02
9.534575939178466797e-01,4.654236137866973877e-02
7.862337231636047363e-01,2.137662321329116821e-01
3.300060629844665527e-01,6.699939370155334473e-01
6.665973067283630371e-01,3.334026634693145752e-01
9.411519169807434082e-01,5.884810537099838257e-02
9.610552191734313965e-01,3.894481062889099121e-02
9.606013298034667969e-01,3.939864411950111389e-02
9.467674493789672852e-01,5.323254689574241638e-02
9.860747456550598145e-01,1.392520125955343246e-02
9.936772584915161133e-01,6.322686560451984406e-03
9.888277649879455566e-01,1.117221266031265259e-02
9.649598002433776855e-01,3.504013642668724060e-02
9.988408088684082031e-01,1.159149338491261005e-03
9.998972415924072266e-01,1.027601319947279990e-04
9.998102784156799316e-01,1.897427428048104048e-04
9.990754127502441406e-01,9.245907422155141830e-04
9.995314478874206543e-01,4.685689345933496952e-04
9.996163845062255859e-01,3.836053365375846624e-04
9.992700815200805664e-01,7.298249402083456516e-04
9.971162080764770508e-01,2.883771667256951332e-03
9.950463771820068359e-01,4.953669384121894836e-03
9.614331722259521484e-01,3.856689855456352234e-02
3.748385608196258545e-01,6.251613497734069824e-01
3.546229004859924316e-01,6.453770995140075684e-01
7.075855731964111328e-01,2.924143671989440918e-01
8.973712325096130371e-01,1.026286557316780090e-01
9.629949927330017090e-01,3.700502216815948486e-02
9.837808012962341309e-01,1.621908321976661682e-02
9.584430456161499023e-01,4.155695810914039612e-02
8.014339804649353027e-01,1.985659450292587280e-01
2.515248954296112061e-01,7.484750747680664062e-01
6.273878216743469238e-01,3.726121485233306885e-01
8.611407876014709473e-01,1.388592123985290527e-01
8.110378384590148926e-01,1.889622211456298828e-01
1.172049939632415771e-01,8.827950358390808105e-01
1.948865130543708801e-02,9.805113077163696289e-01
3.704957431182265282e-03,9.962950348854064941e-01
2.672026306390762329e-02,9.732797145843505859e-01
3.740814328193664551e-01,6.259185075759887695e-01
7.833945155143737793e-01,2.166054248809814453e-01
9.131799340248107910e-01,8.682003617286682129e-02
8.212199807167053223e-01,1.787800192832946777e-01
4.029775857925415039e-01,5.970224142074584961e-01
6.102926731109619141e-01,3.897073864936828613e-01
8.475806117057800293e-01,1.524194031953811646e-01
9.122624397277832031e-01,8.773752301931381226e-02
9.143481254577636719e-01,8.565194904804229736e-02
9.213718175888061523e-01,7.862810790538787842e-02
4.359434843063354492e-01,5.640565156936645508e-01
1.111673563718795776e-01,8.888325095176696777e-01
2.159550487995147705e-01,7.840448617935180664e-01
5.742007493972778320e-01,4.257991909980773926e-01
8.190876245498657227e-01,1.809124052524566650e-01
8.547737002372741699e-01,1.452263146638870239e-01
9.014692306518554688e-01,9.853070229291915894e-02
6.020507812500000000e-01,3.979492187500000000e-01
4.060636162757873535e-01,5.939363837242126465e-01
5.567229390144348145e-01,4.432770609855651855e-01
7.812306284904479980e-01,2.187693715095520020e-01
6.685632467269897461e-01,3.314367234706878662e-01
5.837814807891845703e-01,4.162185192108154297e-01
2.279541641473770142e-01,7.720457911491394043e-01
1.772167384624481201e-01,8.227832913398742676e-01
1.981931179761886597e-01,8.018068671226501465e-01
1.401414722204208374e-01,8.598585128784179688e-01
2.057313024997711182e-01,7.942686676979064941e-01
5.323715209960937500e-01,4.676284193992614746e-01
7.281875014305114746e-01,2.718124091625213623e-01
7.901339530944824219e-01,2.098660618066787720e-01
8.877750635147094727e-01,1.122249290347099304e-01
7.752475142478942871e-01,2.247524857521057129e-01
5.925158262252807617e-01,4.074841141700744629e-01
3.761815726757049561e-01,6.238184571266174316e-01
5.336530804634094238e-01,4.663468301296234131e-01
8.139870762825012207e-01,1.860128343105316162e-01
9.372515678405761719e-01,6.274838745594024658e-02
8.233349919319152832e-01,1.766649782657623291e-01
7.962871789932250977e-01,2.037127614021301270e-01
9.237350225448608398e-01,7.626497745513916016e-02
9.747056365013122559e-01,2.529440261423587799e-02
9.920150637626647949e-01,7.984887808561325073e-03
9.870798587799072266e-01,1.292010769248008728e-02
8.368000984191894531e-01,1.631999611854553223e-01
1.344070732593536377e-01,8.655929565429687500e-01
3.716777637600898743e-02,9.628322124481201172e-01
4.019935429096221924e-02,9.598006606101989746e-01
5.623660609126091003e-02,9.437634348869323730e-01
2.783424034714698792e-02,9.721656441688537598e-01
5.835295654833316803e-03,9.941647052764892578e-01
7.719051791355013847e-04,9.992280602455139160e-01
2.368678571656346321e-03,9.976313114166259766e-01
5.784741137176752090e-03,9.942151904106140137e-01
1.699891313910484314e-02,9.830011129379272461e-01
1.473197061568498611e-02,9.852679371833801270e-01
9.550601243972778320e-03,9.904493093490600586e-01
8.059852756559848785e-03,9.919402003288269043e-01
8.182367309927940369e-03,9.918175339698791504e-01
4.086411092430353165e-03,9.959136247634887695e-01
6.689067464321851730e-03,9.933108687400817871e-01
2.933394396677613258e-03,9.970666170120239258e-01
1.138612278737127781e-03,9.988613724708557129e-01
4.856158513575792313e-03,9.951438307762145996e-01
4.595161601901054382e-02,9.540483355522155762e-01
1.695066839456558228e-01,8.304933309555053711e-01
4.769802466034889221e-02,9.523019194602966309e-01
1.761033385992050171e-02,9.823896288871765137e-01
1.533192116767168045e-02,9.846680164337158203e-01
4.897048696875572205e-02,9.510294198989868164e-01
1.082383394241333008e-01,8.917617201805114746e-01
1.137233078479766846e-01,8.862766623497009277e-01
1.400869190692901611e-01,8.599130511283874512e-01
2.641201913356781006e-01,7.358797788619995117e-01
1.655720025300979614e-01,8.344279527664184570e-01
8.613660186529159546e-02,9.138633608818054199e-01
1.303563117980957031e-01,8.696436882019042969e-01
3.358545899391174316e-01,6.641453504562377930e-01
7.286390066146850586e-01,2.713610231876373291e-01
7.152318358421325684e-01,2.847682237625122070e-01
9.597861766815185547e-01,4.021384567022323608e-02
9.579153060913085938e-01,4.208473116159439087e-02
9.404712319374084473e-01,5.952881649136543274e-02
9.018132090568542480e-01,9.818674623966217041e-02
9.019915461540222168e-01,9.800850600004196167e-02
9.166828989982604980e-01,8.331706374883651733e-02
9.368009567260742188e-01,6.319902092218399048e-02
9.343057274818420410e-01,6.569431722164154053e-02
9.207370281219482422e-01,7.926291972398757935e-02
9.052411317825317383e-01,9.475889056921005249e-02
7.891677021980285645e-01,2.108323127031326294e-01
5.684021711349487305e-01,4.315978288650512695e-01
7.176404595375061035e-01,2.823595106601715088e-01
9.329811334609985352e-01,6.701882183551788330e-02
9.275010228157043457e-01,7.249893993139266968e-02
6.844869256019592285e-01,3.155130743980407715e-01
1.187161803245544434e-01,8.812838792800903320e-01
3.022983483970165253e-02,9.697701334953308105e-01
1.004989072680473328e-02,9.899501204490661621e-01
4.795252811163663864e-03,9.952047467231750488e-01
6.503438949584960938e-02,9.349656105041503906e-01
1.591723263263702393e-01,8.408276438713073730e-01
2.164692729711532593e-01,7.835307121276855469e-01
2.745439708232879639e-01,7.254559993743896484e-01
5.852472186088562012e-01,4.147527515888214111e-01
5.704602599143981934e-01,4.295396804809570312e-01
7.334992289543151855e-01,2.665008008480072021e-01
8.485563993453979492e-01,1.514436304569244385e-01
9.108411073684692383e-01,8.915892988443374634e-02
9.384728074073791504e-01,6.152712181210517883e-02
6.787863969802856445e-01,3.212136030197143555e-01
5.232734680175781250e-01,4.767264723777770996e-01
8.884226083755493164e-01,1.115774214267730713e-01
9.093351960182189941e-01,9.066477417945861816e-02
9.465226531028747559e-01,5.347732454538345337e-02
9.829319715499877930e-01,1.706805638968944550e-02
9.887449145317077637e-01,1.125507522374391556e-02
9.939628243446350098e-01,6.037132814526557922e-03
9.890910983085632324e-01,1.090884488075971603e-02
9.856931567192077637e-01,1.430679392069578171e-02
9.702872633934020996e-01,2.971271052956581116e-02
9.514214992523193359e-01,4.857854545116424561e-02
8.910207748413085938e-01,1.089792251586914062e-01
7.642050385475158691e-01,2.357950210571289062e-01
7.968500256538391113e-01,2.031499594449996948e-01
7.900487184524536133e-01,2.099512666463851929e-01
9.536123871803283691e-01,4.638763517141342163e-02
9.795277118682861328e-01,2.047231234610080719e-02
8.752106428146362305e-01,1.247894167900085449e-01
2.740266919136047363e-01,7.259732484817504883e-01
6.601709127426147461e-02,9.339829087257385254e-01
4.066006094217300415e-02,9.593399763107299805e-01
4.988772049546241760e-02,9.501122832298278809e-01
1.426867544651031494e-01,8.573132157325744629e-01
3.206892311573028564e-01,6.793106794357299805e-01
4.183991849422454834e-01,5.816007852554321289e-01
6.282989978790283203e-01,3.717010915279388428e-01
1.873620152473449707e-01,8.126379847526550293e-01
2.898794598877429962e-02,9.710119962692260742e-01
9.539431892335414886e-03,9.904606342315673828e-01
2.556212060153484344e-02,9.744377732276916504e-01
1.109406352043151855e-01,8.890593051910400391e-01
2.191673777997493744e-02,9.780831933021545410e-01
4.594803787767887115e-03,9.954051971435546875e-01
1.561553915962576866e-03,9.984384179115295410e-01
4.651446943171322346e-04,9.995348453521728516e-01
5.712275742553174496e-04,9.994287490844726562e-01
1.385797368129715323e-04,9.998614192008972168e-01
5.233963383943773806e-05,9.999476671218872070e-01
5.328716360963881016e-05,9.999467134475708008e-01
1.184596185339614749e-04,9.998815655708312988e-01
3.532984410412609577e-04,9.996466636657714844e-01
1.446384587325155735e-03,9.985535740852355957e-01
3.528578672558069229e-03,9.964713454246520996e-01
8.032186888158321381e-03,9.919677972793579102e-01
5.303893610835075378e-02,9.469609856605529785e-01
6.723932176828384399e-02,9.327606558799743652e-01
2.522241324186325073e-02,9.747775197029113770e-01
3.106241822242736816e-01,6.893757581710815430e-01
7.629123926162719727e-01,2.370875924825668335e-01
9.168701767921447754e-01,8.312979340553283691e-02
9.626623392105102539e-01,3.733763098716735840e-02
9.774516820907592773e-01,2.254832535982131958e-02
9.845274090766906738e-01,1.547260116785764694e-02
9.711508154869079590e-01,2.884912677109241486e-02
9.609410762786865234e-01,3.905892372131347656e-02
2.523066997528076172e-01,7.476933598518371582e-01
5.334932804107666016e-01,4.665067493915557861e-01
8.761281371116638184e-01,1.238718777894973755e-01
9.254494905471801758e-01,7.455049455165863037e-02
6.314542293548583984e-01,3.685458004474639893e-01
1.952498257160186768e-01,8.047501444816589355e-01
5.774881690740585327e-02,9.422512054443359375e-01
7.518612593412399292e-02,9.248138666152954102e-01
1.592333777807652950e-03,9.984076023101806641e-01
2.263657050207257271e-03,9.977363348007202148e-01
4.717209842056035995e-03,9.952827692031860352e-01
7.072208914905786514e-03,9.929276704788208008e-01
1.735159195959568024e-03,9.982648491859436035e-01
3.034594119526445866e-04,9.996966123580932617e-01
3.941045360988937318e-05,9.999605417251586914e-01
1.113423240894917399e-05,9.999888539314270020e-01
6.914045661687850952e-05,9.999308586120605469e-01
1.458356506191194057e-03,9.985417127609252930e-01
2.160333469510078430e-02,9.783967137336730957e-01
1.111609488725662231e-01,8.888390660285949707e-01
2.112714499235153198e-01,7.887285351753234863e-01
3.260236084461212158e-01,6.739763617515563965e-01
4.713884890079498291e-01,5.286115407943725586e-01
5.763193964958190918e-01,4.236806035041809082e-01
6.300101280212402344e-01,3.699899017810821533e-01
6.980734467506408691e-01,3.019265532493591309e-01
5.187541842460632324e-01,4.812457263469696045e-01
3.528113365173339844e-01,6.471886634826660156e-01
7.797334790229797363e-01,2.202664911746978760e-01
9.575345516204833984e-01,4.246540367603302002e-02
9.883589744567871094e-01,1.164095662534236908e-02
9.945235252380371094e-01,5.476483609527349472e-03
9.957575201988220215e-01,4.242461174726486206e-03
9.964010715484619141e-01,3.598979907110333443e-03
9.962852001190185547e-01,3.714727470651268959e-03
9.953424334526062012e-01,4.657568410038948059e-03
9.946385025978088379e-01,5.361477844417095184e-03
9.941453337669372559e-01,5.854671820998191833e-03
9.926542639732360840e-01,7.345644757151603699e-03
9.914888739585876465e-01,8.511132560670375824e-03
9.116554260253906250e-01,8.834458142518997192e-02
5.983235836029052734e-01,4.016764461994171143e-01
4.756954908370971680e-01,5.243045091629028320e-01
9.578159451484680176e-02,9.042183756828308105e-01
2.889716997742652893e-02,9.711028337478637695e-01
3.259705007076263428e-02,9.674028754234313965e-01
2.477053180336952209e-02,9.752294421195983887e-01
9.496523998677730560e-03,9.905034899711608887e-01
3.370008198544383049e-03,9.966299533843994141e-01
1.271619694307446480e-03,9.987283349037170410e-01
3.062472096644341946e-04,9.996936917304992676e-01
8.736939344089478254e-05,9.999126195907592773e-01
1.106750642065890133e-05,9.999888539314270020e-01
2.163008957722922787e-06,9.999978542327880859e-01
3.792388724832562730e-06,9.999961256980895996e-01
9.452790436625946313e-06,9.999905824661254883e-01
5.556005271500907838e-05,9.999444484710693359e-01
2.052290947176516056e-04,9.997947216033935547e-01
1.602773205377161503e-03,9.983971714973449707e-01
6.058084592223167419e-02,9.394191503524780273e-01
6.178622245788574219e-01,3.821377754211425781e-01
8.902347087860107422e-01,1.097653135657310486e-01
9.737600684165954590e-01,2.623990550637245178e-02
9.892923235893249512e-01,1.070774905383586884e-02
9.602597951889038086e-01,3.974018618464469910e-02
9.835358858108520508e-01,1.646413095295429230e-02
9.939557313919067383e-01,6.044229958206415176e-03
9.961963295936584473e-01,3.803581465035676956e-03
8.102101683616638184e-01,1.897898316383361816e-01
3.304326832294464111e-01,6.695673465728759766e-01
8.856327533721923828e-01,1.143672838807106018e-01
9.635486006736755371e-01,3.645143285393714905e-02
5.801835060119628906e-01,4.198164641857147217e-01
2.759203910827636719e-01,7.240796089172363281e-01
3.046548366546630859e-01,6.953451037406921387e-01
2.264869213104248047e-01,7.735130190849304199e-01
1.514146029949188232e-01,8.485854268074035645e-01
1.914769061841070652e-03,9.980852007865905762e-01
1.245269086211919785e-04,9.998754262924194336e-01
4.477999027585610747e-05,9.999551773071289062e-01
3.062418181798420846e-05,9.999693632125854492e-01
6.056202255422249436e-05,9.999394416809082031e-01
2.597565180622041225e-04,9.997401833534240723e-01
4.802043549716472626e-03,9.951978921890258789e-01
8.578722178936004639e-02,9.142127633094787598e-01
3.482741713523864746e-01,6.517258286476135254e-01
3.019611537456512451e-01,6.980387568473815918e-01
1.292424947023391724e-01,8.707575201988220215e-01
2.191276103258132935e-02,9.780871868133544922e-01
6.451011449098587036e-02,9.354898929595947266e-01
4.193499386310577393e-01,5.806500315666198730e-01
8.230027556419372559e-01,1.769972443580627441e-01
9.292773604393005371e-01,7.072264701128005981e-02
9.319832324981689453e-01,6.801667809486389160e-02
9.595669507980346680e-01,4.043310135602951050e-02
9.745815396308898926e-01,2.541844733059406281e-02
9.843406081199645996e-01,1.565940678119659424e-02
9.891054034233093262e-01,1.089452859014272690e-02
9.901729822158813477e-01,9.826967492699623108e-03
9.879557490348815918e-01,1.204424910247325897e-02
9.899498820304870605e-01,1.005003415048122406e-02
9.921532273292541504e-01,7.846705615520477295e-03
9.932365417480468750e-01,6.763409357517957687e-03
9.901830554008483887e-01,9.816926904022693634e-03
9.801611900329589844e-01,1.983871869742870331e-02
9.809262752532958984e-01,1.907370612025260925e-02
9.893663525581359863e-01,1.063360460102558136e-02
9.942593574523925781e-01,5.740624852478504181e-03
9.956318736076354980e-01,4.368145018815994263e-03
9.881409406661987305e-01,1.185901276767253876e-02
9.876673817634582520e-01,1.233254000544548035e-02
9.931437969207763672e-01,6.856204941868782043e-03
9.935554862022399902e-01,6.444489117711782455e-03
9.296637177467346191e-01,7.033620774745941162e-02
9.336469769477844238e-01,6.635299324989318848e-02
9.671684503555297852e-01,3.283156454563140869e-02
9.841139912605285645e-01,1.588587462902069092e-02
9.881977438926696777e-01,1.180222257971763611e-02
8.979532122611999512e-01,1.020468175411224365e-01
9.177032113075256348e-01,8.229684829711914062e-02
9.466261267662048340e-01,5.337385460734367371e-02
7.734817266464233398e-01,2.265182286500930786e-01
3.785482645034790039e-01,6.214516758918762207e-01
2.744953036308288574e-01,7.255046367645263672e-01
5.987786650657653809e-01,4.012213051319122314e-01
9.054432511329650879e-01,9.455670416355133057e-02
9.180191159248352051e-01,8.198094367980957031e-02
9.285991787910461426e-01,7.140076160430908203e-02
9.603708982467651367e-01,3.962909057736396790e-02
8.391204476356506348e-02,9.160879254341125488e-01
5.393566098064184189e-03,9.946064352989196777e-01
1.855845446698367596e-03,9.981441497802734375e-01
3.274086397141218185e-03,9.967259168624877930e-01
1.950484141707420349e-02,9.804951548576354980e-01
1.198670342564582825e-01,8.801329731941223145e-01
3.582494556903839111e-01,6.417505145072937012e-01
5.279034972190856934e-01,4.720965027809143066e-01
5.815590023994445801e-01,4.184410572052001953e-01
5.583340525627136230e-01,4.416659176349639893e-01
2.057669758796691895e-01,7.942330241203308105e-01
2.001071572303771973e-01,7.998929023742675781e-01
3.208292722702026367e-01,6.791707277297973633e-01
5.066650509834289551e-01,4.933348894119262695e-01
5.865210294723510742e-01,4.134790003299713135e-01
4.708735346794128418e-01,5.291264057159423828e-01
2.852815389633178711e-01,7.147184014320373535e-01
4.917664229869842529e-01,5.082334876060485840e-01
7.799670100212097168e-01,2.200329899787902832e-01
9.083672761917114258e-01,9.163279831409454346e-02
9.560558199882507324e-01,4.394414275884628296e-02
9.749097824096679688e-01,2.509011700749397278e-02
9.828721284866333008e-01,1.712790690362453461e-02
9.882478117942810059e-01,1.175218541175127029e-02
9.921619892120361328e-01,7.837996818125247955e-03
9.948334693908691406e-01,5.166463553905487061e-03
9.962280988693237305e-01,3.771876916289329529e-03
9.963920712471008301e-01,3.607945982366800308e-03
9.961810111999511719e-01,3.819054458290338516e-03
9.961215257644653320e-01,3.878491232171654701e-03
9.966117143630981445e-01,3.388343378901481628e-03
9.960828423500061035e-01,3.917223308235406876e-03
9.952943921089172363e-01,4.705547355115413666e-03
9.233984947204589844e-01,7.660154253244400024e-02
8.843492269515991211e-01,1.156507283449172974e-01
9.503795504570007324e-01,4.962045326828956604e-02
9.838006496429443359e-01,1.619931124150753021e-02
9.812786579132080078e-01,1.872133463621139526e-02
9.525339007377624512e-01,4.746612161397933960e-02
9.320086240768432617e-01,6.799140572547912598e-02
9.543443322181701660e-01,4.565557092428207397e-02
9.592599868774414062e-01,4.074002802371978760e-02
9.533598423004150391e-01,4.664013534784317017e-02
9.376979470252990723e-01,6.230212748050689697e-02
9.590464830398559570e-01,4.095350950956344604e-02
9.773942828178405762e-01,2.260568551719188690e-02
9.912639856338500977e-01,8.736069314181804657e-03
9.983417987823486328e-01,1.658146618865430355e-03
9.993228912353515625e-01,6.770855979993939400e-04
9.995328187942504883e-01,4.672273935284465551e-04
9.996004104614257812e-01,3.995904407929629087e-04
9.985967278480529785e-01,1.403303234837949276e-03
9.971210956573486328e-01,2.878912258893251419e-03
9.959905743598937988e-01,4.009417723864316940e-03
9.985924363136291504e-01,1.407567528076469898e-03
9.986027479171752930e-01,1.397217274643480778e-03
9.992063641548156738e-01,7.936024339869618416e-04
9.996432065963745117e-01,3.567913954611867666e-04
9.999015331268310547e-01,9.842690633377060294e-05
9.998678565025329590e-01,1.322178286500275135e-04
9.997876882553100586e-01,2.123107697116211057e-04
9.999079704284667969e-01,9.206756658386439085e-05
9.999600648880004883e-01,3.994047074229456484e-05
9.999594092369079590e-01,4.065631583216600120e-05
9.999544024467468262e-01,4.557318607112392783e-05
9.999677538871765137e-01,3.228714922443032265e-05
9.999511837959289551e-01,4.874590740655548871e-05
9.998766183853149414e-01,1.233068614965304732e-04
9.999478459358215332e-01,5.221394894761033356e-05
9.998781681060791016e-01,1.217586541315540671e-04
9.997868537902832031e-01,2.131459914380684495e-04
9.997825622558593750e-01,2.173430984839797020e-04
9.997789263725280762e-01,2.210912498412653804e-04
9.999095797538757324e-01,9.048067295225337148e-05
9.999059438705444336e-01,9.409119957126677036e-05
9.998417496681213379e-01,1.583401608513668180e-04
9.996626377105712891e-01,3.373966610524803400e-04
9.996547698974609375e-01,3.452383971307426691e-04
9.997690320014953613e-01,2.309502597199752927e-04
9.995762109756469727e-01,4.236950189806520939e-04
9.996368885040283203e-01,3.631518047768622637e-04
9.996750950813293457e-01,3.249043948017060757e-04
9.997041821479797363e-01,2.957994875032454729e-04
9.997742176055908203e-01,2.257694723084568977e-04
9.997231960296630859e-01,2.768080157693475485e-04
9.997518658638000488e-01,2.481586707290261984e-04
9.998351335525512695e-01,1.648675388423725963e-04
9.998996257781982422e-01,1.003378711175173521e-04
9.999028444290161133e-01,9.710334416013211012e-05
9.999137520790100098e-01,8.615261322120204568e-05
9.999277591705322266e-01,7.218710379675030708e-05
9.999470114707946777e-01,5.298792166286148131e-05
9.999242424964904785e-01,7.564948464278131723e-05
9.998756647109985352e-01,1.242603466380387545e-04
9.998559951782226562e-01,1.440337655367329717e-04
9.995448589324951172e-01,4.552258178591728210e-04
9.990292787551879883e-01,9.707511053420603275e-04
9.988205432891845703e-01,1.179473940283060074e-03
9.994696974754333496e-01,5.302662029862403870e-04
9.998289346694946289e-01,1.710128417471423745e-04
9.999051094055175781e-01,9.484499605605378747e-05
9.998719692230224609e-01,1.279941789107397199e-04
9.996534585952758789e-01,3.464967594482004642e-04
9.994323849678039551e-01,5.675730062648653984e-04
9.995318055152893066e-01,4.681430873461067677e-04
9.997505545616149902e-01,2.494573418516665697e-04
9.998955726623535156e-01,1.044069358613342047e-04
