9.849982261657714844e-01,1.500167977064847946e-02
9.999238252639770508e-01,7.619563984917476773e-05
9.999992847442626953e-01,6.734971407240664121e-07
1.000000000000000000e+00,4.562016542308811040e-08
1.000000000000000000e+00,4.546632581536869111e-08
9.999997615814208984e-01,2.867236901238356950e-07
9.999744892120361328e-01,2.553300328145269305e-05
9.987969398498535156e-01,1.203094259835779667e-03
9.987484216690063477e-01,1.251567970030009747e-03
9.997199773788452148e-01,2.800084475893527269e-04
9.998797178268432617e-01,1.202774801640771329e-04
9.999333620071411133e-01,6.668872083537280560e-05
9.999455213546752930e-01,5.447144576464779675e-05
9.999645948410034180e-01,3.540913166943937540e-05
9.999750852584838867e-01,2.487876918166875839e-05
9.999568462371826172e-01,4.316482227295637131e-05
9.999866485595703125e-01,1.336216337222140282e-05
9.999974966049194336e-01,2.560170287324581295e-06
9.999978542327880859e-01,2.092617023663478903e-06
9.999979734420776367e-01,1.971667188627179712e-06
9.999986886978149414e-01,1.325817038377863355e-06
9.999992847442626953e-01,7.657983474018692505e-07
9.999997615814208984e-01,2.647686869750032201e-07
9.999997615814208984e-01,1.938358735742440331e-07
9.999997615814208984e-01,1.903419786231097532e-07
9.999998807907104492e-01,8.475697654830582906e-08
9.999998807907104492e-01,1.355871717123591225e-07
9.999998807907104492e-01,7.693989090284958365e-08
1.000000000000000000e+00,5.224366006473246671e-08
1.000000000000000000e+00,3.938694703720102552e-08
9.999997615814208984e-01,1.843538655066367937e-07
1.000000000000000000e+00,5.332287145165537368e-08
9.999998807907104492e-01,6.014332143422507215e-08
1.000000000000000000e+00,3.216146993167967594e-08
1.000000000000000000e+00,2.891994910214634729e-08
1.000000000000000000e+00,4.899261085711259511e-08
9.999996423721313477e-01,3.223207727387489285e-07
9.999997615814208984e-01,2.543576158586802194e-07
9.999998807907104492e-01,1.358072978518976015e-07
9.999998807907104492e-01,1.085699139480311715e-07
9.999998807907104492e-01,1.193525491771652014e-07
9.999997615814208984e-01,2.043212958824369707e-07
9.999996423721313477e-01,3.037041835796117084e-07
9.999996423721313477e-01,3.005463042882183800e-07
9.999996423721313477e-01,3.204062295480980538e-07
9.999995231628417969e-01,4.540888767223805189e-07
9.999993443489074707e-01,6.313942435554054100e-07
9.999982714653015137e-01,1.630857582313183229e-06
9.999984502792358398e-01,1.540874222882848699e-06
9.999982714653015137e-01,1.665127683736500330e-06
9.999982714653015137e-01,1.611362563380680513e-06
9.999985694885253906e-01,1.462369482396752574e-06
9.999984502792358398e-01,1.592334456290700473e-06
9.999992847442626953e-01,7.484582624783797655e-07
9.999955892562866211e-01,4.452964731171960011e-06
9.999991059303283691e-01,8.624895713182922918e-07
9.999998807907104492e-01,1.589472304885930498e-07
9.999998807907104492e-01,8.051289768218339304e-08
9.999998807907104492e-01,6.894650539379654219e-08
9.999993443489074707e-01,5.573161274696758483e-07
9.999998807907104492e-01,9.102222975343465805e-08
1.000000000000000000e+00,1.592053422427852638e-08
1.000000000000000000e+00,9.679138379681262450e-09
1.000000000000000000e+00,1.194102150492426517e-08
1.000000000000000000e+00,1.792190396088244597e-08
1.000000000000000000e+00,2.738117288458852272e-08
9.999998807907104492e-01,7.389844114413790521e-08
9.999997615814208984e-01,1.848270727577983052e-07
9.999995231628417969e-01,4.639069004497287096e-07
9.999984502792358398e-01,1.579632453285739757e-06
9.999967813491821289e-01,3.212799583707237616e-06
9.999954700469970703e-01,4.584958787745563313e-06
9.999979734420776367e-01,1.976513203771901317e-06
9.999985694885253906e-01,1.454903781450411770e-06
9.999952316284179688e-01,4.794531832885695621e-06
9.999912977218627930e-01,8.753006113693118095e-06
9.999941587448120117e-01,5.854623850609641522e-06
9.999985694885253906e-01,1.430173142580315471e-06
9.999997615814208984e-01,2.590858798612316605e-07
9.999997615814208984e-01,2.123142905929853441e-07
9.999996423721313477e-01,3.159590278301038779e-07
9.999998807907104492e-01,9.362649677768786205e-08
9.999998807907104492e-01,6.996496182409828180e-08
9.999997615814208984e-01,1.892873626729851821e-07
9.999991059303283691e-01,8.893300105228263419e-07
8.434334397315979004e-01,1.565665006637573242e-01
8.956795930862426758e-02,9.104320406913757324e-01
1.666572839021682739e-01,8.333426713943481445e-01
2.101066410541534424e-01,7.898933291435241699e-01
2.413727045059204102e-01,7.586272954940795898e-01
4.092905521392822266e-01,5.907094478607177734e-01
6.549313068389892578e-01,3.450686335563659668e-01
7.915096282958984375e-01,2.084903568029403687e-01
8.377406001091003418e-01,1.622593849897384644e-01
8.665325641632080078e-01,1.334674805402755737e-01
8.591556549072265625e-01,1.408443450927734375e-01
8.143921494483947754e-01,1.856078058481216431e-01
7.088803052902221680e-01,2.911196351051330566e-01
6.329318881034851074e-01,3.670681118965148926e-01
5.561069846153259277e-01,4.438929557800292969e-01
6.443569064140319824e-01,3.556430339813232422e-01
7.678003311157226562e-01,2.321996539831161499e-01
8.859674930572509766e-01,1.140325292944908142e-01
9.563998579978942871e-01,4.360010474920272827e-02
9.729956984519958496e-01,2.700426056981086731e-02
9.790711402893066406e-01,2.092883735895156860e-02
9.719164967536926270e-01,2.808342874050140381e-02
9.302625656127929688e-01,6.973733007907867432e-02
7.803171873092651367e-01,2.196827977895736694e-01
5.197283029556274414e-01,4.802717566490173340e-01
2.630665898323059082e-01,7.369334101676940918e-01
1.083979085087776184e-01,8.916020989418029785e-01
3.840196505188941956e-02,9.615980386734008789e-01
1.453747879713773727e-02,9.854625463485717773e-01
7.312998641282320023e-03,9.926869869232177734e-01
4.527629818767309189e-03,9.954723715782165527e-01
3.613064298406243324e-03,9.963870048522949219e-01
3.973029553890228271e-03,9.960269927978515625e-01
5.069053266197443008e-03,9.949309229850769043e-01
6.882005371153354645e-03,9.931178689002990723e-01
9.093991480767726898e-03,9.909060001373291016e-01
1.148719061166048050e-02,9.885128140449523926e-01
1.324890833348035812e-02,9.867510795593261719e-01
1.387511380016803741e-02,9.861248731613159180e-01
1.380902994424104691e-02,9.861909151077270508e-01
1.201882772147655487e-02,9.879811406135559082e-01
1.061581727117300034e-02,9.893842339515686035e-01
1.137560047209262848e-02,9.886243939399719238e-01
1.875306963920593262e-01,8.124693632125854492e-01
9.149844050407409668e-01,8.501565456390380859e-02
9.838531017303466797e-01,1.614690944552421570e-02
9.846570491790771484e-01,1.534284651279449463e-02
9.810042381286621094e-01,1.899568550288677216e-02
9.566286802291870117e-01,4.337134212255477905e-02
9.981204271316528320e-01,1.879585790447890759e-03
9.998779296875000000e-01,1.220933045260608196e-04
9.999184608459472656e-01,8.155917748808860779e-05
9.938648343086242676e-01,6.135137286037206650e-03
6.557933241128921509e-02,9.344205856323242188e-01
6.292246398515999317e-04,9.993707537651062012e-01
9.692571620689705014e-05,9.999030828475952148e-01
4.285865725250914693e-05,9.999570846557617188e-01
4.215328954160213470e-05,9.999577999114990234e-01
4.826174335903488100e-05,9.999517202377319336e-01
7.474832091247662902e-05,9.999252557754516602e-01
4.382220504339784384e-05,9.999561309814453125e-01
4.299580177757889032e-05,9.999569654464721680e-01
3.650302824098616838e-04,9.996349811553955078e-01
7.651526480913162231e-02,9.234846234321594238e-01
9.873648285865783691e-01,1.263518724590539932e-02
9.998148083686828613e-01,1.852171117207035422e-04
9.999672174453735352e-01,3.274653136031702161e-05
9.999595284461975098e-01,4.039994746563024819e-05
9.999320507049560547e-01,6.794595537940040231e-05
9.998009204864501953e-01,1.990408636629581451e-04
9.990643858909606934e-01,9.356657392345368862e-04
9.659313559532165527e-01,3.406865149736404419e-02
1.139631867408752441e-02,9.886036515235900879e-01
5.996469990350306034e-04,9.994004368782043457e-01
1.444686204195022583e-04,9.998555183410644531e-01
1.077179840649478137e-04,9.998922348022460938e-01
1.181503685074858367e-04,9.998818635940551758e-01
1.219695914187468588e-04,9.998781085014343262e-01
1.421950728399679065e-04,9.998577833175659180e-01
2.988655760418623686e-04,9.997011423110961914e-01
2.520260168239474297e-04,9.997479915618896484e-01
4.010188276879489422e-04,9.995990395545959473e-01
1.735897501930594444e-03,9.982640743255615234e-01
1.324879229068756104e-01,8.675121068954467773e-01
9.566478729248046875e-01,4.335206747055053711e-02
9.985660314559936523e-01,1.433946774341166019e-03
9.995728731155395508e-01,4.271329380571842194e-04
9.994117021560668945e-01,5.883552948944270611e-04
9.993150234222412109e-01,6.849482888355851173e-04
9.992390871047973633e-01,7.609695312567055225e-04
9.927185773849487305e-01,7.281376980245113373e-03
7.335968613624572754e-01,2.664031684398651123e-01
3.073253668844699860e-03,9.969267249107360840e-01
2.776315668597817421e-04,9.997222423553466797e-01
6.297712388914078474e-05,9.999370574951171875e-01
4.008593532489612699e-05,9.999599456787109375e-01
4.736846676678396761e-05,9.999526739120483398e-01
7.529550202889367938e-05,9.999246597290039062e-01
1.187667367048561573e-04,9.998813271522521973e-01
7.589306915178894997e-05,9.999241232872009277e-01
6.456644769059494138e-05,9.999354481697082520e-01
2.424785343464463949e-04,9.997574687004089355e-01
2.682272717356681824e-02,9.731771945953369141e-01
9.168590307235717773e-01,8.314086496829986572e-02
9.990193843841552734e-01,9.805996669456362724e-04
9.999185800552368164e-01,8.141199214151129127e-05
9.998776912689208984e-01,1.222638966282829642e-04
9.985750913619995117e-01,1.424924237653613091e-03
9.915490150451660156e-01,8.450928144156932831e-03
9.779602289199829102e-01,2.203964628279209137e-02
7.825980782508850098e-01,2.174019366502761841e-01
1.427747588604688644e-02,9.857224822044372559e-01
1.651555183343589306e-03,9.983484745025634766e-01
3.672289894893765450e-04,9.996327161788940430e-01
2.194179978687316179e-04,9.997805953025817871e-01
2.462221018504351377e-04,9.997537732124328613e-01
2.197044377680867910e-04,9.997803568840026855e-01
2.694297290872782469e-04,9.997305274009704590e-01
1.355092972517013550e-04,9.998644590377807617e-01
1.024648881866596639e-04,9.998974800109863281e-01
3.136403393000364304e-04,9.996863603591918945e-01
2.463321387767791748e-02,9.753667712211608887e-01
8.812723755836486816e-01,1.187276169657707214e-01
9.971805810928344727e-01,2.819419139996170998e-03
9.986786842346191406e-01,1.321386545896530151e-03
9.994834661483764648e-01,5.165222100913524628e-04
9.995145201683044434e-01,4.854149010498076677e-04
9.989327788352966309e-01,1.067212899215519428e-03
9.889642000198364258e-01,1.103579811751842499e-02
7.203233893960714340e-03,9.927966594696044922e-01
1.983569964068010449e-04,9.998016357421875000e-01
9.733662591315805912e-05,9.999026060104370117e-01
4.394298230181448162e-05,9.999560117721557617e-01
1.852385867096018046e-05,9.999815225601196289e-01
2.881046202674042434e-05,9.999710917472839355e-01
5.945524753769859672e-05,9.999405741691589355e-01
5.479270112118683755e-05,9.999451637268066406e-01
1.088034987333230674e-04,9.998911619186401367e-01
4.096456104889512062e-04,9.995903372764587402e-01
1.754300552420318127e-03,9.982457160949707031e-01
1.272830646485090256e-02,9.872717261314392090e-01
3.072749078273773193e-01,6.927251219749450684e-01
9.066941738128662109e-01,9.330575913190841675e-02
9.897323250770568848e-01,1.026761904358863831e-02
9.988515377044677734e-01,1.148405252024531364e-03
9.997246861457824707e-01,2.752908621914684772e-04
9.998030066490173340e-01,1.970054727280512452e-04
9.986654520034790039e-01,1.334551256150007248e-03
1.467137187719345093e-01,8.532862663269042969e-01
2.703146674321033061e-05,9.999729394912719727e-01
1.100079043681034818e-05,9.999890327453613281e-01
8.653439181216526777e-06,9.999912977218627930e-01
5.545510248339269310e-06,9.999943971633911133e-01
7.909876330813858658e-06,9.999921321868896484e-01
8.704773790668696165e-06,9.999912977218627930e-01
1.651524689805228263e-05,9.999834299087524414e-01
3.498542355373501778e-05,9.999650716781616211e-01
1.141253960668109357e-04,9.998859167098999023e-01
4.624066932592540979e-04,9.995375871658325195e-01
2.119849435985088348e-03,9.978801608085632324e-01
3.037234023213386536e-02,9.696276783943176270e-01
7.089900374412536621e-01,2.910099327564239502e-01
9.953222870826721191e-01,4.677778109908103943e-03
9.997476935386657715e-01,2.522907452657818794e-04
9.999444484710693359e-01,5.549893830902874470e-05
9.999567270278930664e-01,4.332104072091169655e-05
9.994059205055236816e-01,5.940265255048871040e-04
9.530606269836425781e-01,4.693932458758354187e-02
1.087291818112134933e-02,9.891270995140075684e-01
1.369086112390505150e-05,9.999862909317016602e-01
1.352983508695615456e-05,9.999864697456359863e-01
1.647599492571316659e-05,9.999834895133972168e-01
2.662733641045633703e-05,9.999734163284301758e-01
6.038520223228260875e-05,9.999395608901977539e-01
1.133292025770060718e-04,9.998866915702819824e-01
7.690815982641652226e-05,9.999231100082397461e-01
2.212621184298768640e-04,9.997788071632385254e-01
5.914765642955899239e-04,9.994084835052490234e-01
1.371466554701328278e-03,9.986285567283630371e-01
4.968954250216484070e-03,9.950309991836547852e-01
2.975465059280395508e-01,7.024534344673156738e-01
9.956029057502746582e-01,4.396994132548570633e-03
9.998471140861511230e-01,1.529104920336976647e-04
9.999965429306030273e-01,3.438212615947122686e-06
9.999986886978149414e-01,1.265110654458112549e-06
9.999948143959045410e-01,5.161648914508987218e-06
9.999521374702453613e-01,4.787666694028303027e-05
9.994810819625854492e-01,5.189418443478643894e-04
9.783063530921936035e-01,2.169363386929035187e-02
1.906420849263668060e-02,9.809357523918151855e-01
5.885747377760708332e-04,9.994114637374877930e-01
2.812700986396521330e-04,9.997187256813049316e-01
2.147802297258749604e-04,9.997852444648742676e-01
1.287472114199772477e-04,9.998712539672851562e-01
1.031701976899057627e-04,9.998967647552490234e-01
1.109839577111415565e-04,9.998890161514282227e-01
1.412794226780533791e-04,9.998587369918823242e-01
1.996682549361139536e-04,9.998003244400024414e-01
1.599190436536446214e-04,9.998400807380676270e-01
2.219936286564916372e-04,9.997779726982116699e-01
9.986556833609938622e-04,9.990013241767883301e-01
1.296329945325851440e-01,8.703669905662536621e-01
9.839588999748229980e-01,1.604105904698371887e-02
9.993824958801269531e-01,6.175002199597656727e-04
9.999802708625793457e-01,1.964399234566371888e-05
9.999971985816955566e-01,2.732751454459503293e-06
9.999935626983642578e-01,6.454837148339720443e-06
9.999608397483825684e-01,3.914685294148512185e-05
9.996785521507263184e-01,3.214025346096605062e-04
9.953401088714599609e-01,4.659899044781923294e-03
4.619165956974029541e-01,5.380833148956298828e-01
5.932950880378484726e-04,9.994066953659057617e-01
1.909757556859403849e-04,9.998090863227844238e-01
2.303712826687842607e-04,9.997696280479431152e-01
2.066910528810694814e-04,9.997932910919189453e-01
5.118785775266587734e-04,9.994881153106689453e-01
6.719895172864198685e-04,9.993280172348022461e-01
8.192479144781827927e-04,9.991807937622070312e-01
9.983038762584328651e-04,9.990016222000122070e-01
1.118821674026548862e-03,9.988812208175659180e-01
1.222421997226774693e-03,9.987775087356567383e-01
6.690467707812786102e-03,9.933094978332519531e-01
1.529328376054763794e-01,8.470671772956848145e-01
9.278362393379211426e-01,7.216381281614303589e-02
9.992458224296569824e-01,7.541750092059373856e-04
9.999850988388061523e-01,1.493665240559494123e-05
9.999976158142089844e-01,2.330159077246207744e-06
9.999976158142089844e-01,2.351453531446168199e-06
9.999917745590209961e-01,8.267586053989361972e-06
9.995765089988708496e-01,4.234409134369343519e-04
9.990725517272949219e-01,9.274109033867716789e-04
9.997084140777587891e-01,2.915970690082758665e-04
9.990895986557006836e-01,9.103955817408859730e-04
9.997928142547607422e-01,2.071016497211530805e-04
9.999800920486450195e-01,1.996506580326240510e-05
9.999971985816955566e-01,2.769379079836653545e-06
9.999990463256835938e-01,1.011256927085923962e-06
9.999949932098388672e-01,4.963156698067905381e-06
9.999955892562866211e-01,4.415051535033853725e-06
9.999899268150329590e-01,9.970720384444575757e-06
9.999979734420776367e-01,2.004489715545787476e-06
9.999996423721313477e-01,3.992298900357127422e-07
9.999998807907104492e-01,1.339762292218438233e-07
9.999998807907104492e-01,8.014411179146918585e-08
9.999998807907104492e-01,6.816547681864904007e-08
1.000000000000000000e+00,3.959468486414152721e-08
1.000000000000000000e+00,1.594846565922125592e-08
1.000000000000000000e+00,6.640312744110588028e-09
1.000000000000000000e+00,4.541248266320963012e-09
1.000000000000000000e+00,9.617454388433088752e-09
1.000000000000000000e+00,1.342618993760424928e-08
1.000000000000000000e+00,3.568318263091896370e-08
