9.370673298835754395e-01,6.293269991874694824e-02
9.985074400901794434e-01,1.492550363764166832e-03
9.999459385871887207e-01,5.413152393884956837e-05
9.999728202819824219e-01,2.712127570703160018e-05
9.999444484710693359e-01,5.550910282181575894e-05
9.999610185623168945e-01,3.892586755682714283e-05
9.999600648880004883e-01,3.996058512711897492e-05
9.998514652252197266e-01,1.484795211581513286e-04
9.999347329139709473e-01,6.524572381749749184e-05
9.999921321868896484e-01,7.894141162978485227e-06
9.999929070472717285e-01,7.069443199725355953e-06
9.999886155128479004e-01,1.128516851167660207e-05
9.999922513961791992e-01,7.703497431066352874e-06
9.999957084655761719e-01,4.276578692952170968e-06
9.999980330467224121e-01,1.929843620018800721e-06
9.999980330467224121e-01,1.905784074551775120e-06
9.999971985816955566e-01,2.783765467029297724e-06
9.999945163726806641e-01,5.442930614663055167e-06
9.999383687973022461e-01,6.163712532725185156e-05
9.995618462562561035e-01,4.381455655675381422e-04
9.984498023986816406e-01,1.550216227769851685e-03
9.936460852622985840e-01,6.353835109621286392e-03
9.954631328582763672e-01,4.536863882094621658e-03
9.972946047782897949e-01,2.705434570088982582e-03
9.961813092231750488e-01,3.818641183897852898e-03
9.818656444549560547e-01,1.813429966568946838e-02
7.430898547172546387e-01,2.569101154804229736e-01
2.480203984305262566e-03,9.975198507308959961e-01
7.533925236202776432e-04,9.992465972900390625e-01
3.229266265407204628e-03,9.967707395553588867e-01
2.234717272222042084e-02,9.776527285575866699e-01
8.350429683923721313e-02,9.164956212043762207e-01
1.431361287832260132e-01,8.568638563156127930e-01
1.417880654335021973e-01,8.582119345664978027e-01
1.021770387887954712e-01,8.978229761123657227e-01
6.488655507564544678e-02,9.351134300231933594e-01
4.804690554738044739e-02,9.519530534744262695e-01
4.843689128756523132e-02,9.515630006790161133e-01
1.023409217596054077e-01,8.976590633392333984e-01
8.733792901039123535e-01,1.266207545995712280e-01
9.976825118064880371e-01,2.317489590495824814e-03
9.996376037597656250e-01,3.623720258474349976e-04
9.994795322418212891e-01,5.204281769692897797e-04
9.989365935325622559e-01,1.063355943188071251e-03
9.948003292083740234e-01,5.199717357754707336e-03
9.848753809928894043e-01,1.512466836720705032e-02
9.368963837623596191e-01,6.310360878705978394e-02
8.918490409851074219e-01,1.081509664654731750e-01
9.577490687370300293e-01,4.225095734000205994e-02
9.922957420349121094e-01,7.704243529587984085e-03
9.994108080863952637e-01,5.891029140911996365e-04
9.998745918273925781e-01,1.253523805644363165e-04
9.995544552803039551e-01,4.454738518688827753e-04
9.891154170036315918e-01,1.088452804833650589e-02
9.920145273208618164e-01,7.985494099557399750e-03
9.962373375892639160e-01,3.762713633477687836e-03
9.973439574241638184e-01,2.656110329553484917e-03
9.980888962745666504e-01,1.911056577228009701e-03
9.983293414115905762e-01,1.670704688876867294e-03
9.959702491760253906e-01,4.029776901006698608e-03
9.768705964088439941e-01,2.312940731644630432e-02
9.322947263717651367e-01,6.770531833171844482e-02
4.344932436943054199e-01,5.655068159103393555e-01
5.759106716141104698e-04,9.994240999221801758e-01
7.154212216846644878e-04,9.992845654487609863e-01
3.706970252096652985e-03,9.962930679321289062e-01
1.940320990979671478e-02,9.805967211723327637e-01
3.861721232533454895e-02,9.613828063011169434e-01
3.102400898933410645e-02,9.689759612083435059e-01
1.730112172663211823e-02,9.826989173889160156e-01
8.315713144838809967e-03,9.916843175888061523e-01
3.922703675925731659e-03,9.960772395133972168e-01
2.240871079266071320e-03,9.977591633796691895e-01
1.890863990411162376e-03,9.981091022491455078e-01
7.554606534540653229e-03,9.924453496932983398e-01
8.680661022663116455e-02,9.131933450698852539e-01
7.885375022888183594e-01,2.114624828100204468e-01
9.941654205322265625e-01,5.834511481225490570e-03
9.995626211166381836e-01,4.374819400254637003e-04
9.998824596405029297e-01,1.175476354546844959e-04
9.995160102844238281e-01,4.839544999413192272e-04
9.971568584442138672e-01,2.843091962859034538e-03
9.840529561042785645e-01,1.594704762101173401e-02
9.835465550422668457e-01,1.645343378186225891e-02
9.849227070808410645e-01,1.507722306996583939e-02
9.981299042701721191e-01,1.870117499493062496e-03
9.998220801353454590e-01,1.779500889824703336e-04
9.999470114707946777e-01,5.301192868500947952e-05
9.999656677246093750e-01,3.437099803704768419e-05
9.999474287033081055e-01,5.259637691779062152e-05
9.999739527702331543e-01,2.610556839499622583e-05
9.999110698699951172e-01,8.892902405932545662e-05
9.997658729553222656e-01,2.340495557291433215e-04
9.984829425811767578e-01,1.516987453214824200e-03
9.998805522918701172e-01,1.194415526697412133e-04
9.999750852584838867e-01,2.486007906554732472e-05
9.999667406082153320e-01,3.330674735479988158e-05
9.996975064277648926e-01,3.024954930879175663e-04
9.995877742767333984e-01,4.121728125028312206e-04
9.995107650756835938e-01,4.892078577540814877e-04
9.996699690818786621e-01,3.300020180176943541e-04
9.997784495353698730e-01,2.215184504166245461e-04
9.995819926261901855e-01,4.180092946626245975e-04
9.976065754890441895e-01,2.393503906205296516e-03
9.947116374969482422e-01,5.288428161293268204e-03
9.936661720275878906e-01,6.333698052912950516e-03
9.962345957756042480e-01,3.765452420338988304e-03
9.980015158653259277e-01,1.998435473069548607e-03
9.957940578460693359e-01,4.205987323075532913e-03
9.942069053649902344e-01,5.793099757283926010e-03
9.954186677932739258e-01,4.581403918564319611e-03
9.966806769371032715e-01,3.319330979138612747e-03
9.987900853157043457e-01,1.209913985803723335e-03
9.994864463806152344e-01,5.135686951689422131e-04
9.993985891342163086e-01,6.014172104187309742e-04
9.986758828163146973e-01,1.324065262451767921e-03
9.953783750534057617e-01,4.621673375368118286e-03
9.951893091201782227e-01,4.810707177966833115e-03
9.928452968597412109e-01,7.154676131904125214e-03
9.889885783195495605e-01,1.101147755980491638e-02
9.935327768325805664e-01,6.467204540967941284e-03
9.928395748138427734e-01,7.160375826060771942e-03
9.925671219825744629e-01,7.432828191667795181e-03
9.908250570297241211e-01,9.174983948469161987e-03
9.839706420898437500e-01,1.602924615144729614e-02
9.566618800163269043e-01,4.333821311593055725e-02
7.847026586532592773e-01,2.152972817420959473e-01
7.167397737503051758e-01,2.832602560520172119e-01
7.404786348342895508e-01,2.595213353633880615e-01
6.650014519691467285e-01,3.349985480308532715e-01
6.164518594741821289e-01,3.835481107234954834e-01
7.912186980247497559e-01,2.087813168764114380e-01
9.544108510017395020e-01,4.558911174535751343e-02
9.940147399902343750e-01,5.985277704894542694e-03
9.936115741729736328e-01,6.388308946043252945e-03
9.637067914009094238e-01,3.629314899444580078e-02
8.918163180351257324e-01,1.081837490200996399e-01
8.553958535194396973e-01,1.446041762828826904e-01
9.035022258758544922e-01,9.649772197008132935e-02
9.863983392715454102e-01,1.360161323100328445e-02
9.950485825538635254e-01,4.951399751007556915e-03
9.958240985870361328e-01,4.175956826657056808e-03
9.968331456184387207e-01,3.166812704876065254e-03
9.984693527221679688e-01,1.530687208287417889e-03
9.988754391670227051e-01,1.124526374042034149e-03
9.992318153381347656e-01,7.682137656956911087e-04
9.985495209693908691e-01,1.450480194762349129e-03
9.993653893470764160e-01,6.346282316371798515e-04
9.995011091232299805e-01,4.989125300198793411e-04
9.995436072349548340e-01,4.563964321278035641e-04
9.997076392173767090e-01,2.923352003563195467e-04
9.998285770416259766e-01,1.713399833533912897e-04
9.998537302017211914e-01,1.463030785089358687e-04
9.998053908348083496e-01,1.946874544955790043e-04
9.997502565383911133e-01,2.496958186384290457e-04
9.996783137321472168e-01,3.215883334632962942e-04
9.976468682289123535e-01,2.353077754378318787e-03
9.800555706024169922e-01,1.994438096880912781e-02
9.148325920104980469e-01,8.516734838485717773e-02
5.933987498283386230e-01,4.066011905670166016e-01
7.209976315498352051e-01,2.790023684501647949e-01
8.181051611900329590e-01,1.818948686122894287e-01
9.303851723670959473e-01,6.961479038000106812e-02
9.491148591041564941e-01,5.088509619235992432e-02
9.293245673179626465e-01,7.067538052797317505e-02
8.815975785255432129e-01,1.184024736285209656e-01
8.574806451797485352e-01,1.425193697214126587e-01
9.065176844596862793e-01,9.348231554031372070e-02
9.769393801689147949e-01,2.306067198514938354e-02
9.935865402221679688e-01,6.413392256945371628e-03
9.978084564208984375e-01,2.191522158682346344e-03
9.743794202804565430e-01,2.562055550515651703e-02
8.139981627464294434e-01,1.860018819570541382e-01
5.576277375221252441e-01,4.423722624778747559e-01
7.207843661308288574e-01,2.792156934738159180e-01
9.375845789909362793e-01,6.241537258028984070e-02
9.920881986618041992e-01,7.911733351647853851e-03
9.992048740386962891e-01,7.951440638862550259e-04
9.995815753936767578e-01,4.183384880889207125e-04
9.998909831047058105e-01,1.090130972443148494e-04
9.998481869697570801e-01,1.518993231002241373e-04
9.991275072097778320e-01,8.724250947125256062e-04
9.411293268203735352e-01,5.887061730027198792e-02
3.201681375503540039e-01,6.798318624496459961e-01
4.086989760398864746e-01,5.913009047508239746e-01
4.293564558029174805e-01,5.706436038017272949e-01
3.121324777603149414e-01,6.878674626350402832e-01
1.784549355506896973e-01,8.215450644493103027e-01
1.214123964309692383e-01,8.785876631736755371e-01
1.500274688005447388e-01,8.499724864959716797e-01
2.514190077781677246e-01,7.485809326171875000e-01
1.259264647960662842e-01,8.740735650062561035e-01
4.445630311965942383e-02,9.555436372756958008e-01
1.006413102149963379e-01,8.993586301803588867e-01
7.922375947237014771e-02,9.207763075828552246e-01
5.336690694093704224e-02,9.466330409049987793e-01
4.502662643790245056e-02,9.549732804298400879e-01
5.437859520316123962e-02,9.456213116645812988e-01
6.834390014410018921e-02,9.316560626029968262e-01
9.252109378576278687e-02,9.074789285659790039e-01
2.717419862747192383e-01,7.282580137252807617e-01
4.369890093803405762e-01,5.630109310150146484e-01
5.727871060371398926e-01,4.272128641605377197e-01
6.462727785110473633e-01,3.537271320819854736e-01
6.949074864387512207e-01,3.050924837589263916e-01
6.940066218376159668e-01,3.059933483600616455e-01
6.557138562202453613e-01,3.442862033843994141e-01
6.419146060943603516e-01,3.580853641033172607e-01
8.075478672981262207e-01,1.924520581960678101e-01
9.744361042976379395e-01,2.556383423507213593e-02
9.855673909187316895e-01,1.443252805620431900e-02
9.948914647102355957e-01,5.108481273055076599e-03
9.995032548904418945e-01,4.967452259734272957e-04
9.993866682052612305e-01,6.132720736786723137e-04
9.998383522033691406e-01,1.616192021174356341e-04
9.999819993972778320e-01,1.801372673071455210e-05
9.999984502792358398e-01,1.507497131569834892e-06
9.999997615814208984e-01,1.901826749417523388e-07
9.999998807907104492e-01,7.232259946476915502e-08
9.999998807907104492e-01,9.338733519825836993e-08
9.999997615814208984e-01,2.446758742280508159e-07
9.999974966049194336e-01,2.503691803212859668e-06
9.996485710144042969e-01,3.514372801873832941e-04
8.203307390213012695e-01,1.796692013740539551e-01
5.004281997680664062e-01,4.995717704296112061e-01
8.664359450340270996e-01,1.335639953613281250e-01
9.949158430099487305e-01,5.084211938083171844e-03
9.988664984703063965e-01,1.133470912463963032e-03
9.978042840957641602e-01,2.195792039856314659e-03
9.908626675605773926e-01,9.137261658906936646e-03
9.896315932273864746e-01,1.036845892667770386e-02
9.968380331993103027e-01,3.162032226100564003e-03
9.964929223060607910e-01,3.507040441036224365e-03
9.788596630096435547e-01,2.114030160009860992e-02
7.037382721900939941e-01,2.962616980075836182e-01
4.304494261741638184e-01,5.695505738258361816e-01
7.310377955436706543e-01,2.689621746540069580e-01
6.865135431289672852e-01,3.134864568710327148e-01
8.264333009719848633e-01,1.735666841268539429e-01
6.564363837242126465e-01,3.435635566711425781e-01
8.127226680517196655e-02,9.187277555465698242e-01
4.524208977818489075e-02,9.547578692436218262e-01
4.891932755708694458e-02,9.510806798934936523e-01
4.394081979990005493e-02,9.560592174530029297e-01
5.967425554990768433e-02,9.403256773948669434e-01
4.033191129565238953e-02,9.596680998802185059e-01
4.515880718827247620e-02,9.548411369323730469e-01
1.008033379912376404e-01,8.991965651512145996e-01
2.858360111713409424e-01,7.141639590263366699e-01
6.286253929138183594e-01,3.713745772838592529e-01
8.094202727079391479e-02,9.190579652786254883e-01
4.984385147690773010e-02,9.501560330390930176e-01
3.361910954117774963e-02,9.663808345794677734e-01
3.262915834784507751e-02,9.673708677291870117e-01
2.784649282693862915e-02,9.721535444259643555e-01
1.346873026341199875e-02,9.865312576293945312e-01
2.016529254615306854e-02,9.798346757888793945e-01
2.565321326255798340e-02,9.743466973304748535e-01
1.910633593797683716e-02,9.808936715126037598e-01
4.576953873038291931e-02,9.542304873466491699e-01
3.943848889321088791e-03,9.960561394691467285e-01
1.952797174453735352e-03,9.980472326278686523e-01
1.596005400642752647e-03,9.984039068222045898e-01
1.396632404066622257e-03,9.986034035682678223e-01
1.784869120456278324e-03,9.982151985168457031e-01
1.351754530332982540e-03,9.986482262611389160e-01
6.373478681780397892e-04,9.993626475334167480e-01
7.033295114524662495e-04,9.992966651916503906e-01
9.447393240407109261e-04,9.990552067756652832e-01
2.279351698234677315e-03,9.977206587791442871e-01
1.384763047099113464e-02,9.861522912979125977e-01
3.823293745517730713e-02,9.617670178413391113e-01
6.569050252437591553e-02,9.343094229698181152e-01
6.116635203361511230e-01,3.883365094661712646e-01
9.853249192237854004e-01,1.467505376785993576e-02
9.974370002746582031e-01,2.563007874414324760e-03
9.992339611053466797e-01,7.660705014131963253e-04
9.996973872184753418e-01,3.026198828592896461e-04
9.998441934585571289e-01,1.557452051201835275e-04
9.932981729507446289e-01,6.701847538352012634e-03
3.525959909893572330e-04,9.996473789215087891e-01
3.351180566824041307e-05,9.999665021896362305e-01
1.219629630213603377e-04,9.998781085014343262e-01
2.129935892298817635e-04,9.997870326042175293e-01
1.348969672108069062e-04,9.998650550842285156e-01
1.172547345049679279e-04,9.998826980590820312e-01
1.535976916784420609e-04,9.998463392257690430e-01
2.589247596915811300e-04,9.997410178184509277e-01
3.460505977272987366e-04,9.996539354324340820e-01
1.596302899997681379e-04,9.998403787612915039e-01
1.795596908777952194e-04,9.998204112052917480e-01
1.339008158538490534e-04,9.998661279678344727e-01
4.941559163853526115e-04,9.995058774948120117e-01
1.285434328019618988e-02,9.871456027030944824e-01
8.824804425239562988e-02,9.117519855499267578e-01
1.497205793857574463e-01,8.502793312072753906e-01
1.360114663839340210e-01,8.639885187149047852e-01
1.145999729633331299e-01,8.853999376296997070e-01
5.814384222030639648e-01,4.185615479946136475e-01
8.060310482978820801e-01,1.939688920974731445e-01
7.133138775825500488e-01,2.866861522197723389e-01
4.276911020278930664e-01,5.723088979721069336e-01
9.952926635742187500e-01,4.707320593297481537e-03
9.981158971786499023e-01,1.884073368273675442e-03
9.999015331268310547e-01,9.847789624473080039e-05
9.999977350234985352e-01,2.295153763043344952e-06
9.999990463256835938e-01,9.884332712317700498e-07
9.999945163726806641e-01,5.484134817379526794e-06
9.992057085037231445e-01,7.942593074403703213e-04
9.007439075503498316e-05,9.999098777770996094e-01
1.870790765678975731e-05,9.999812841415405273e-01
4.105756670469418168e-05,9.999589920043945312e-01
8.354323654202744365e-05,9.999164342880249023e-01
1.825543877203017473e-04,9.998173713684082031e-01
3.677653730846941471e-04,9.996322393417358398e-01
9.374744840897619724e-04,9.990625381469726562e-01
2.340845996513962746e-03,9.976590871810913086e-01
3.302916884422302246e-03,9.966970086097717285e-01
2.232710598036646843e-03,9.977673292160034180e-01
1.290246844291687012e-03,9.987097978591918945e-01
6.444301106967031956e-04,9.993555545806884766e-01
2.444080600980669260e-04,9.997555613517761230e-01
4.402679405757226050e-05,9.999560117721557617e-01
2.217244036728516221e-05,9.999778270721435547e-01
2.471097650413867086e-05,9.999753236770629883e-01
1.642706047277897596e-05,9.999834895133972168e-01
3.294437192380428314e-05,9.999670386314392090e-01
1.150153402704745531e-04,9.998849630355834961e-01
2.676077128853648901e-04,9.997324347496032715e-01
5.833796458318829536e-04,9.994165897369384766e-01
3.662171948235481977e-04,9.996337890625000000e-01
2.258084423374384642e-04,9.997741580009460449e-01
4.807528748642653227e-04,9.995192289352416992e-01
9.994984604418277740e-03,9.900049567222595215e-01
5.438408255577087402e-01,4.561591148376464844e-01
9.888339042663574219e-01,1.116615626960992813e-02
9.996770024299621582e-01,3.229440189898014069e-04
9.999467134475708008e-01,5.332691580406390131e-05
9.999553561210632324e-01,4.470199201023206115e-05
9.994713664054870605e-01,5.286996020004153252e-04
1.341675668954849243e-01,8.658324480056762695e-01
5.503774737007915974e-04,9.994497299194335938e-01
5.917245289310812950e-04,9.994082450866699219e-01
1.214150805026292801e-03,9.987858533859252930e-01
1.231638365425169468e-03,9.987683892250061035e-01
3.960514906793832779e-03,9.960395097732543945e-01
1.687179878354072571e-02,9.831281304359436035e-01
5.594032257795333862e-02,9.440596699714660645e-01
1.077205911278724670e-01,8.922794461250305176e-01
3.534667938947677612e-02,9.646533727645874023e-01
2.018437720835208893e-02,9.798156023025512695e-01
1.087089627981185913e-02,9.891290664672851562e-01
8.082034438848495483e-02,9.191796183586120605e-01
6.383890509605407715e-01,3.616109490394592285e-01
9.654252529144287109e-01,3.457477316260337830e-02
9.942675828933715820e-01,5.732399411499500275e-03
9.974054694175720215e-01,2.594568068161606789e-03
9.972348809242248535e-01,2.765198936685919762e-03
9.947287440299987793e-01,5.271248053759336472e-03
9.790017604827880859e-01,2.099822647869586945e-02
4.043272137641906738e-01,5.956727862358093262e-01
1.083524376153945923e-01,8.916476368904113770e-01
2.778243422508239746e-01,7.221757173538208008e-01
5.250713825225830078e-01,4.749286472797393799e-01
5.218732953071594238e-01,4.781267046928405762e-01
6.462920904159545898e-01,3.537078797817230225e-01
7.845866680145263672e-01,2.154133319854736328e-01
8.108686804771423340e-01,1.891313046216964722e-01
7.020585536956787109e-01,2.979413866996765137e-01
3.947574198246002197e-01,6.052425503730773926e-01
3.441549539566040039e-01,6.558449864387512207e-01
3.975246846675872803e-01,6.024752855300903320e-01
4.623830616474151611e-01,5.376169085502624512e-01
6.285670399665832520e-01,3.714329898357391357e-01
6.969373226165771484e-01,3.030626475811004639e-01
8.205520510673522949e-01,1.794479340314865112e-01
9.913365244865417480e-01,8.663443848490715027e-03
9.996721148490905762e-01,3.277960349805653095e-04
9.999611377716064453e-01,3.885143451043404639e-05
9.999626874923706055e-01,3.728087540366686881e-05
9.772478342056274414e-01,2.275212481617927551e-02
3.561086952686309814e-01,6.438913345336914062e-01
1.259158253669738770e-01,8.740841150283813477e-01
2.745556235313415527e-01,7.254443764686584473e-01
3.912766873836517334e-01,6.087232232093811035e-01
4.788652062416076660e-01,5.211347341537475586e-01
8.586555719375610352e-01,1.413443833589553833e-01
9.732347130775451660e-01,2.676528505980968475e-02
9.825527667999267578e-01,1.744724623858928680e-02
9.627851843833923340e-01,3.721481561660766602e-02
9.318537116050720215e-01,6.814623624086380005e-02
8.990206718444824219e-01,1.009792983531951904e-01
8.534191846847534180e-01,1.465807706117630005e-01
8.263913393020629883e-01,1.736085563898086548e-01
7.731103301048278809e-01,2.268896996974945068e-01
9.198302626609802246e-01,8.016970008611679077e-02
9.245662689208984375e-01,7.543372362852096558e-02
9.252303838729858398e-01,7.476957887411117554e-02
9.964107871055603027e-01,3.589216386899352074e-03
9.999723434448242188e-01,2.760425923042930663e-05
9.999995231628417969e-01,4.522771632764488459e-07
9.999998807907104492e-01,7.063094642489886610e-08
9.999998807907104492e-01,7.186634576328287949e-08
9.999998807907104492e-01,1.186045892609399743e-07
9.999998807907104492e-01,1.297726157645229250e-07
9.999998807907104492e-01,1.408323271334666060e-07
9.999995231628417969e-01,5.127856184117263183e-07
9.999991059303283691e-01,8.089152174761693459e-07
9.999990463256835938e-01,9.633702120481757447e-07
9.999995231628417969e-01,4.778511311087640934e-07
9.999986886978149414e-01,1.325607172475429252e-06
9.999989271163940430e-01,1.024100811264361255e-06
9.999989271163940430e-01,1.110983248509000987e-06
9.999837279319763184e-01,1.619919567019678652e-05
9.999990463256835938e-01,9.819194701776723377e-07
9.999997615814208984e-01,1.943417373695410788e-07
9.999998807907104492e-01,8.640508752932873904e-08
9.999996423721313477e-01,3.201215577064431272e-07
9.999964237213134766e-01,3.557917352736694738e-06
9.999963045120239258e-01,3.659016101664747111e-06
9.999971985816955566e-01,2.701189487197552808e-06
9.999721050262451172e-01,2.793465682771056890e-05
9.999920129776000977e-01,8.029169293877203017e-06
9.999969601631164551e-01,2.927134801211650483e-06
9.999960660934448242e-01,3.974128048866987228e-06
9.999740123748779297e-01,2.601393680379260331e-05
9.998666048049926758e-01,1.333597028860822320e-04
9.999799728393554688e-01,1.997900653805118054e-05
9.999980330467224121e-01,1.947998043760890141e-06
9.999967813491821289e-01,3.214945081708719954e-06
9.999222755432128906e-01,7.776332495268434286e-05
9.999195337295532227e-01,8.046896255109459162e-05
9.999047517776489258e-01,9.529133967589586973e-05
9.998760223388671875e-01,1.239859557244926691e-04
9.996776580810546875e-01,3.223744570277631283e-04
9.999844431877136230e-01,1.562510988151188940e-05
9.999978542327880859e-01,2.144361815226147883e-06
9.999988079071044922e-01,1.150377102021593601e-06
9.999984502792358398e-01,1.526710661892138887e-06
9.999659657478332520e-01,3.392032158444635570e-05
9.984279274940490723e-01,1.572047010995447636e-03
9.437165856361389160e-01,5.628338828682899475e-02
