-1.602025604248046875e+01,-1.538026094436645508e+00,-7.897077083587646484e+00,-8.922196388244628906e+00,-1.166944503784179688e+01
-1.658434867858886719e+01,-1.684953689575195312e+00,-7.044695854187011719e+00,-9.956459999084472656e+00,-1.142704010009765625e+01
-1.733914184570312500e+01,-1.983637928962707520e+00,-6.266222476959228516e+00,-1.117286300659179688e+01,-1.130960178375244141e+01
-1.797939872741699219e+01,-2.403892993927001953e+00,-5.690404891967773438e+00,-1.218390750885009766e+01,-1.133101463317871094e+01
-1.842060470581054688e+01,-2.839470863342285156e+00,-5.345257282257080078e+00,-1.288571643829345703e+01,-1.144057178497314453e+01
-1.880781555175781250e+01,-3.171187877655029297e+00,-5.199825763702392578e+00,-1.333110332489013672e+01,-1.164384746551513672e+01
-1.917743682861328125e+01,-3.429149866104125977e+00,-5.152663707733154297e+00,-1.350172424316406250e+01,-1.190088272094726562e+01
-1.939757728576660156e+01,-3.548341274261474609e+00,-5.194753170013427734e+00,-1.351912021636962891e+01,-1.210336399078369141e+01
-1.951499748229980469e+01,-3.495928287506103516e+00,-5.287171363830566406e+00,-1.346380710601806641e+01,-1.224573898315429688e+01
-1.957830429077148438e+01,-3.380141258239746094e+00,-5.377562522888183594e+00,-1.330914592742919922e+01,-1.233073139190673828e+01
-1.942951965332031250e+01,-3.401150703430175781e+00,-5.384340286254882812e+00,-1.313751125335693359e+01,-1.224810123443603516e+01
-1.900670623779296875e+01,-3.759581565856933594e+00,-5.300909996032714844e+00,-1.303868770599365234e+01,-1.202038860321044922e+01
-1.846095085144042969e+01,-4.391797065734863281e+00,-5.249743938446044922e+00,-1.302555751800537109e+01,-1.174564361572265625e+01
-1.753781318664550781e+01,-5.052175998687744141e+00,-5.307424068450927734e+00,-1.267186737060546875e+01,-1.160143280029296875e+01
-1.717722892761230469e+01,-5.849012374877929688e+00,-5.301630973815917969e+00,-1.269383907318115234e+01,-1.133470535278320312e+01
-1.694898986816406250e+01,-6.604118347167968750e+00,-5.303121566772460938e+00,-1.292857074737548828e+01,-1.105730915069580078e+01
-1.665276718139648438e+01,-7.206648826599121094e+00,-5.320348739624023438e+00,-1.315851306915283203e+01,-1.082714939117431641e+01
-1.637070846557617188e+01,-7.647253990173339844e+00,-5.333269119262695312e+00,-1.331098556518554688e+01,-1.063037014007568359e+01
-1.606235885620117188e+01,-7.854090690612792969e+00,-5.344986915588378906e+00,-1.337617015838623047e+01,-1.049254035949707031e+01
-1.586803913116455078e+01,-7.970771789550781250e+00,-5.359539985656738281e+00,-1.334108257293701172e+01,-1.038214778900146484e+01
-1.553402137756347656e+01,-8.120544433593750000e+00,-5.344429016113281250e+00,-1.335871028900146484e+01,-1.015358924865722656e+01
-1.511298179626464844e+01,-8.249119758605957031e+00,-5.333498001098632812e+00,-1.343121433258056641e+01,-9.887289047241210938e+00
-1.483484172821044922e+01,-8.316389083862304688e+00,-5.319319725036621094e+00,-1.358475208282470703e+01,-9.689228057861328125e+00
-1.457067012786865234e+01,-8.393909454345703125e+00,-5.297565460205078125e+00,-1.379556941986083984e+01,-9.516296386718750000e+00
-1.437794780731201172e+01,-8.481828689575195312e+00,-5.294744491577148438e+00,-1.400801944732666016e+01,-9.408013343811035156e+00
-1.447405338287353516e+01,-8.522713661193847656e+00,-5.302110671997070312e+00,-1.419813537597656250e+01,-9.393725395202636719e+00
-1.474795246124267578e+01,-8.534638404846191406e+00,-5.305184364318847656e+00,-1.423478984832763672e+01,-9.504901885986328125e+00
-1.515322113037109375e+01,-8.532654762268066406e+00,-5.306000709533691406e+00,-1.417801380157470703e+01,-9.708274841308593750e+00
-1.555698776245117188e+01,-8.527587890625000000e+00,-5.310613155364990234e+00,-1.411159610748291016e+01,-9.908699989318847656e+00
-1.594341850280761719e+01,-8.538677215576171875e+00,-5.322955608367919922e+00,-1.401926898956298828e+01,-1.010314369201660156e+01
-1.616387176513671875e+01,-8.595133781433105469e+00,-5.326880455017089844e+00,-1.389022541046142578e+01,-1.021806621551513672e+01
-1.605897140502929688e+01,-8.695254325866699219e+00,-5.310089111328125000e+00,-1.373954868316650391e+01,-1.026527500152587891e+01
-1.583181095123291016e+01,-8.813426971435546875e+00,-5.304704666137695312e+00,-1.365139865875244141e+01,-1.024903869628906250e+01
-1.570481967926025391e+01,-8.927112579345703125e+00,-5.307328701019287109e+00,-1.362101078033447266e+01,-1.021053409576416016e+01
-1.560864448547363281e+01,-9.012281417846679688e+00,-5.306385040283203125e+00,-1.356878852844238281e+01,-1.020785236358642578e+01
-1.549251365661621094e+01,-9.079030036926269531e+00,-5.299966812133789062e+00,-1.352667713165283203e+01,-1.025963115692138672e+01
-1.537955093383789062e+01,-9.131578445434570312e+00,-5.292477607727050781e+00,-1.357103538513183594e+01,-1.031309318542480469e+01
-1.534098148345947266e+01,-9.179491996765136719e+00,-5.277438163757324219e+00,-1.368452548980712891e+01,-1.032696056365966797e+01
-1.554089450836181641e+01,-9.195670127868652344e+00,-5.264594554901123047e+00,-1.372197818756103516e+01,-1.041644287109375000e+01
-1.586512374877929688e+01,-9.175575256347656250e+00,-5.247488498687744141e+00,-1.364140033721923828e+01,-1.058321666717529297e+01
-1.632765769958496094e+01,-9.182674407958984375e+00,-5.238212108612060547e+00,-1.356093311309814453e+01,-1.077158355712890625e+01
-1.660856628417968750e+01,-9.208497047424316406e+00,-5.230199813842773438e+00,-1.348046588897705078e+01,-1.084858989715576172e+01
-1.639342117309570312e+01,-9.276333808898925781e+00,-5.205089569091796875e+00,-1.327225208282470703e+01,-1.084976768493652344e+01
-1.661741828918457031e+01,-9.291691780090332031e+00,-5.209699630737304688e+00,-1.318800449371337891e+01,-1.099630546569824219e+01
-1.706872367858886719e+01,-9.266190528869628906e+00,-5.221969127655029297e+00,-1.320523929595947266e+01,-1.120072460174560547e+01
-1.745001220703125000e+01,-9.233439445495605469e+00,-5.227919578552246094e+00,-1.320526409149169922e+01,-1.137716579437255859e+01
-1.770112228393554688e+01,-9.200799942016601562e+00,-5.225889205932617188e+00,-1.320798969268798828e+01,-1.148132991790771484e+01
-1.794766616821289062e+01,-9.148220062255859375e+00,-5.231629371643066406e+00,-1.314082336425781250e+01,-1.162372779846191406e+01
-1.809525108337402344e+01,-9.103658676147460938e+00,-5.233551025390625000e+00,-1.302092838287353516e+01,-1.174741363525390625e+01
-1.792619514465332031e+01,-9.113893508911132812e+00,-5.245751380920410156e+00,-1.275096035003662109e+01,-1.178144550323486328e+01
-1.743983078002929688e+01,-9.210699081420898438e+00,-5.263154029846191406e+00,-1.251968097686767578e+01,-1.161639785766601562e+01
-1.686618232727050781e+01,-9.295169830322265625e+00,-5.276641845703125000e+00,-1.235446548461914062e+01,-1.136901187896728516e+01
-1.623862457275390625e+01,-9.354885101318359375e+00,-5.280027389526367188e+00,-1.231855869293212891e+01,-1.109591770172119141e+01
-1.517874813079833984e+01,-9.414279937744140625e+00,-5.308451175689697266e+00,-1.223141002655029297e+01,-1.084866809844970703e+01
-1.486926555633544922e+01,-9.416065216064453125e+00,-5.303353309631347656e+00,-1.265607166290283203e+01,-1.055447101593017578e+01
-1.473738670349121094e+01,-9.384017944335937500e+00,-5.302867412567138672e+00,-1.305541133880615234e+01,-1.038382625579833984e+01
-1.464580535888671875e+01,-9.326113700866699219e+00,-5.301953315734863281e+00,-1.328276157379150391e+01,-1.030496311187744141e+01
-1.466989421844482422e+01,-9.235413551330566406e+00,-5.299631118774414062e+00,-1.329996109008789062e+01,-1.031948852539062500e+01
-1.484066009521484375e+01,-9.146352767944335938e+00,-5.292126655578613281e+00,-1.316227626800537109e+01,-1.037958908081054688e+01
-1.512810230255126953e+01,-9.143201828002929688e+00,-5.273221015930175781e+00,-1.308915424346923828e+01,-1.033720588684082031e+01
-1.532364177703857422e+01,-9.130787849426269531e+00,-5.248443603515625000e+00,-1.302889919281005859e+01,-1.030453014373779297e+01
-1.553559684753417969e+01,-9.095921516418457031e+00,-5.237803459167480469e+00,-1.299666309356689453e+01,-1.041529369354248047e+01
-1.586853885650634766e+01,-9.066777229309082031e+00,-5.236227989196777344e+00,-1.302040290832519531e+01,-1.061885643005371094e+01
-1.632494354248046875e+01,-9.028673171997070312e+00,-5.250177860260009766e+00,-1.298981571197509766e+01,-1.090528964996337891e+01
-1.673701095581054688e+01,-9.000568389892578125e+00,-5.254098892211914062e+00,-1.295825862884521484e+01,-1.115902233123779297e+01
-1.689116287231445312e+01,-8.977632522583007812e+00,-5.251353263854980469e+00,-1.296463298797607422e+01,-1.127699375152587891e+01
-1.683483886718750000e+01,-8.969624519348144531e+00,-5.258256912231445312e+00,-1.307614707946777344e+01,-1.122042846679687500e+01
-1.653301048278808594e+01,-9.005655288696289062e+00,-5.267974853515625000e+00,-1.315083980560302734e+01,-1.099481487274169922e+01
-1.621732139587402344e+01,-9.135626792907714844e+00,-5.267798423767089844e+00,-1.327082252502441406e+01,-1.067123603820800781e+01
-1.564041614532470703e+01,-9.250069618225097656e+00,-5.280677318572998047e+00,-1.312818431854248047e+01,-1.052468109130859375e+01
-1.556851863861083984e+01,-9.301012992858886719e+00,-5.284157276153564453e+00,-1.321425819396972656e+01,-1.041877841949462891e+01
-1.571791839599609375e+01,-9.296703338623046875e+00,-5.286984443664550781e+00,-1.319998073577880859e+01,-1.049139118194580078e+01
-1.587135505676269531e+01,-9.249874114990234375e+00,-5.285861015319824219e+00,-1.310766124725341797e+01,-1.063668441772460938e+01
-1.599077510833740234e+01,-9.188558578491210938e+00,-5.285602569580078125e+00,-1.293326091766357422e+01,-1.080490207672119141e+01
-1.606319236755371094e+01,-9.216436386108398438e+00,-5.290105819702148438e+00,-1.280631351470947266e+01,-1.082752704620361328e+01
-1.571332359313964844e+01,-9.276865005493164062e+00,-5.289864540100097656e+00,-1.260027790069580078e+01,-1.074534797668457031e+01
-1.555154895782470703e+01,-9.259392738342285156e+00,-5.283354759216308594e+00,-1.263211441040039062e+01,-1.063834476470947266e+01
-1.546825408935546875e+01,-9.228055000305175781e+00,-5.287338256835937500e+00,-1.263195514678955078e+01,-1.064509487152099609e+01
-1.540390777587890625e+01,-9.181345939636230469e+00,-5.291539192199707031e+00,-1.245105075836181641e+01,-1.076656150817871094e+01
-1.520902824401855469e+01,-9.205090522766113281e+00,-5.303128242492675781e+00,-1.227932071685791016e+01,-1.076673507690429688e+01
-1.475149726867675781e+01,-9.234503746032714844e+00,-5.307659149169921875e+00,-1.212467861175537109e+01,-1.063744640350341797e+01
-1.502858829498291016e+01,-9.183169364929199219e+00,-5.303204059600830078e+00,-1.213913154602050781e+01,-1.069685268402099609e+01
-1.568980693817138672e+01,-9.105290412902832031e+00,-5.301992416381835938e+00,-1.226419734954833984e+01,-1.089787292480468750e+01
-1.618070411682128906e+01,-9.080270767211914062e+00,-5.293654918670654297e+00,-1.243075656890869141e+01,-1.103918170928955078e+01
-1.632765007019042969e+01,-9.116230010986328125e+00,-5.284827232360839844e+00,-1.264762973785400391e+01,-1.100769901275634766e+01
-1.630040359497070312e+01,-9.116455078125000000e+00,-5.289818763732910156e+00,-1.283058261871337891e+01,-1.094211959838867188e+01
-1.612476539611816406e+01,-9.143248558044433594e+00,-5.291520118713378906e+00,-1.293479061126708984e+01,-1.080894470214843750e+01
-1.581766033172607422e+01,-9.212354660034179688e+00,-5.290810108184814453e+00,-1.285681533813476562e+01,-1.064105319976806641e+01
-1.543934249877929688e+01,-9.303466796875000000e+00,-5.287652015686035156e+00,-1.274397563934326172e+01,-1.037241363525390625e+01
-1.504781532287597656e+01,-9.386309623718261719e+00,-5.279513835906982422e+00,-1.280271244049072266e+01,-1.020965194702148438e+01
-1.506172180175781250e+01,-9.436820983886718750e+00,-5.283010482788085938e+00,-1.296040058135986328e+01,-1.018061637878417969e+01
-1.518196010589599609e+01,-9.448138236999511719e+00,-5.274167537689208984e+00,-1.303225231170654297e+01,-1.026878261566162109e+01
-1.528709316253662109e+01,-9.487497329711914062e+00,-5.261194229125976562e+00,-1.305893421173095703e+01,-1.038074302673339844e+01
-1.552712440490722656e+01,-9.457387924194335938e+00,-5.248997688293457031e+00,-1.299356460571289062e+01,-1.053933811187744141e+01
-1.586339378356933594e+01,-9.487505912780761719e+00,-5.231717109680175781e+00,-1.299590969085693359e+01,-1.061608314514160156e+01
-1.607537841796875000e+01,-9.508099555969238281e+00,-5.212176799774169922e+00,-1.290061664581298828e+01,-1.073558712005615234e+01
-1.629239082336425781e+01,-9.509333610534667969e+00,-5.195817947387695312e+00,-1.283963298797607422e+01,-1.089291286468505859e+01
-1.674329757690429688e+01,-9.440924644470214844e+00,-5.205624580383300781e+00,-1.282551479339599609e+01,-1.114123916625976562e+01
-1.707823371887207031e+01,-9.411808967590332031e+00,-5.210697174072265625e+00,-1.283100605010986328e+01,-1.125258445739746094e+01
-1.719942855834960938e+01,-9.404028892517089844e+00,-5.211828231811523438e+00,-1.284144115447998047e+01,-1.122546768188476562e+01
-1.719296836853027344e+01,-9.410049438476562500e+00,-5.219614028930664062e+00,-1.290109825134277344e+01,-1.114472484588623047e+01
-1.688904190063476562e+01,-9.445573806762695312e+00,-5.229203224182128906e+00,-1.295376396179199219e+01,-1.102817535400390625e+01
-1.609266853332519531e+01,-9.543881416320800781e+00,-5.239977836608886719e+00,-1.292509937286376953e+01,-1.082082462310791016e+01
-1.529539203643798828e+01,-9.652662277221679688e+00,-5.263415336608886719e+00,-1.281659221649169922e+01,-1.059533977508544922e+01
-1.434753322601318359e+01,-9.716018676757812500e+00,-5.267185211181640625e+00,-1.259055995941162109e+01,-1.036190509796142578e+01
-1.402287292480468750e+01,-9.717866897583007812e+00,-5.274334907531738281e+00,-1.272140598297119141e+01,-1.008741474151611328e+01
-1.392842197418212891e+01,-9.680746078491210938e+00,-5.271303176879882812e+00,-1.304391002655029297e+01,-9.856224060058593750e+00
-1.392897129058837891e+01,-9.629537582397460938e+00,-5.267189025878906250e+00,-1.336248683929443359e+01,-9.716835975646972656e+00
-1.401931858062744141e+01,-9.599196434020996094e+00,-5.256414890289306641e+00,-1.337661647796630859e+01,-9.733298301696777344e+00
-1.424186325073242188e+01,-9.573471069335937500e+00,-5.233746528625488281e+00,-1.336250400543212891e+01,-9.798174858093261719e+00
-1.439076232910156250e+01,-9.579170227050781250e+00,-5.220103263854980469e+00,-1.334883213043212891e+01,-9.841544151306152344e+00
-1.462991905212402344e+01,-9.610761642456054688e+00,-5.203283309936523438e+00,-1.329715061187744141e+01,-9.930127143859863281e+00
-1.520071697235107422e+01,-9.586210250854492188e+00,-5.203279495239257812e+00,-1.333993148803710938e+01,-1.014419841766357422e+01
-1.583768844604492188e+01,-9.565259933471679688e+00,-5.216604232788085938e+00,-1.338260746002197266e+01,-1.036641693115234375e+01
-1.642203903198242188e+01,-9.517979621887207031e+00,-5.225434303283691406e+00,-1.330979633331298828e+01,-1.067394065856933594e+01
-1.677464294433593750e+01,-9.515216827392578125e+00,-5.230639457702636719e+00,-1.325096797943115234e+01,-1.079682731628417969e+01
-1.689744377136230469e+01,-9.506115913391113281e+00,-5.233845710754394531e+00,-1.318832683563232422e+01,-1.082399845123291016e+01
-1.681206703186035156e+01,-9.490316390991210938e+00,-5.248333930969238281e+00,-1.311077213287353516e+01,-1.084520339965820312e+01
-1.664892196655273438e+01,-9.533910751342773438e+00,-5.264800071716308594e+00,-1.290430164337158203e+01,-1.079760074615478516e+01
-1.631097602844238281e+01,-9.595498085021972656e+00,-5.267971992492675781e+00,-1.268065166473388672e+01,-1.063626480102539062e+01
-1.586248683929443359e+01,-9.665407180786132812e+00,-5.262038230895996094e+00,-1.260189342498779297e+01,-1.039653491973876953e+01
-1.564163494110107422e+01,-9.704992294311523438e+00,-5.266263961791992188e+00,-1.276079463958740234e+01,-1.023150157928466797e+01
-1.556218719482421875e+01,-9.707177162170410156e+00,-5.269481658935546875e+00,-1.295110225677490234e+01,-1.013177108764648438e+01
-1.556159019470214844e+01,-9.692944526672363281e+00,-5.271142005920410156e+00,-1.313733196258544922e+01,-1.009498786926269531e+01
-1.562298297882080078e+01,-9.683180809020996094e+00,-5.262023925781250000e+00,-1.314736270904541016e+01,-1.017257785797119141e+01
-1.579813766479492188e+01,-9.665638923645019531e+00,-5.251951694488525391e+00,-1.296347522735595703e+01,-1.032002067565917969e+01
-1.552552127838134766e+01,-9.690486907958984375e+00,-5.239813804626464844e+00,-1.266303539276123047e+01,-1.030527400970458984e+01
-1.570204925537109375e+01,-9.660856246948242188e+00,-5.238132476806640625e+00,-1.269647312164306641e+01,-1.030358505249023438e+01
-1.616545677185058594e+01,-9.600775718688964844e+00,-5.235836029052734375e+00,-1.277598094940185547e+01,-1.046626758575439453e+01
-1.664572525024414062e+01,-9.552445411682128906e+00,-5.242903709411621094e+00,-1.285948848724365234e+01,-1.067605686187744141e+01
-1.692457199096679688e+01,-9.524848937988281250e+00,-5.242797851562500000e+00,-1.295068454742431641e+01,-1.072998237609863281e+01
-1.698767089843750000e+01,-9.512358665466308594e+00,-5.242341041564941406e+00,-1.303492450714111328e+01,-1.068875694274902344e+01
-1.699999237060546875e+01,-9.499365806579589844e+00,-5.250239849090576172e+00,-1.311515712738037109e+01,-1.068042182922363281e+01
-1.690529060363769531e+01,-9.487671852111816406e+00,-5.263902187347412109e+00,-1.317308139801025391e+01,-1.066257476806640625e+01
-1.671606254577636719e+01,-9.521795272827148438e+00,-5.277728080749511719e+00,-1.312935733795166016e+01,-1.061804580688476562e+01
-1.632836151123046875e+01,-9.603988647460937500e+00,-5.268357276916503906e+00,-1.306455326080322266e+01,-1.046844291687011719e+01
-1.592930507659912109e+01,-9.650138854980468750e+00,-5.259794235229492188e+00,-1.288909244537353516e+01,-1.033288955688476562e+01
-1.572175693511962891e+01,-9.704252243041992188e+00,-5.251750469207763672e+00,-1.299993419647216797e+01,-1.020729255676269531e+01
-1.564685249328613281e+01,-9.692972183227539062e+00,-5.248232841491699219e+00,-1.316840553283691406e+01,-1.019753742218017578e+01
-1.565881824493408203e+01,-9.683282852172851562e+00,-5.241199016571044922e+00,-1.325542354583740234e+01,-1.027125740051269531e+01
-1.573602962493896484e+01,-9.698391914367675781e+00,-5.229827880859375000e+00,-1.325348949432373047e+01,-1.037242889404296875e+01
-1.598918533325195312e+01,-9.685876846313476562e+00,-5.220413684844970703e+00,-1.308036518096923828e+01,-1.057281112670898438e+01
-1.637360382080078125e+01,-9.691547393798828125e+00,-5.216114044189453125e+00,-1.287275791168212891e+01,-1.075804901123046875e+01
-1.665188789367675781e+01,-9.701458930969238281e+00,-5.206985473632812500e+00,-1.270286273956298828e+01,-1.084560775756835938e+01
-1.702058410644531250e+01,-9.671935081481933594e+00,-5.198566436767578125e+00,-1.256228923797607422e+01,-1.100489997863769531e+01
-1.742699813842773438e+01,-9.608345031738281250e+00,-5.200100898742675781e+00,-1.251285076141357422e+01,-1.120632457733154297e+01
-1.761275100708007812e+01,-9.570081710815429688e+00,-5.205121994018554688e+00,-1.252315998077392578e+01,-1.123359870910644531e+01
-1.760603332519531250e+01,-9.540892601013183594e+00,-5.211078643798828125e+00,-1.255823802947998047e+01,-1.118287658691406250e+01
-1.745720863342285156e+01,-9.526392936706542969e+00,-5.219467163085937500e+00,-1.262274360656738281e+01,-1.106337928771972656e+01
-1.727854728698730469e+01,-9.505726814270019531e+00,-5.245214462280273438e+00,-1.265540885925292969e+01,-1.101554393768310547e+01
-1.703857421875000000e+01,-9.516323089599609375e+00,-5.271306037902832031e+00,-1.263254451751708984e+01,-1.094223880767822266e+01
-1.651004409790039062e+01,-9.563862800598144531e+00,-5.278886795043945312e+00,-1.252555751800537109e+01,-1.073207855224609375e+01
-1.554706192016601562e+01,-9.651408195495605469e+00,-5.279442787170410156e+00,-1.228431510925292969e+01,-1.049325847625732422e+01
-1.477050495147705078e+01,-9.672151565551757812e+00,-5.277863502502441406e+00,-1.228962135314941406e+01,-1.020199966430664062e+01
-1.449013614654541016e+01,-9.635158538818359375e+00,-5.283576011657714844e+00,-1.271146583557128906e+01,-9.971938133239746094e+00
-1.458319759368896484e+01,-9.611106872558593750e+00,-5.286881446838378906e+00,-1.306541728973388672e+01,-9.896965026855468750e+00
-1.479242610931396484e+01,-9.599054336547851562e+00,-5.281507492065429688e+00,-1.318850517272949219e+01,-9.912294387817382812e+00
-1.501795673370361328e+01,-9.592426300048828125e+00,-5.273799419403076172e+00,-1.314038276672363281e+01,-9.941720962524414062e+00
-1.518605899810791016e+01,-9.595220565795898438e+00,-5.263338088989257812e+00,-1.306146526336669922e+01,-9.968434333801269531e+00
-1.531579017639160156e+01,-9.584173202514648438e+00,-5.248327732086181641e+00,-1.300606155395507812e+01,-9.980583190917968750e+00
-1.540692043304443359e+01,-9.587379455566406250e+00,-5.236575126647949219e+00,-1.296239757537841797e+01,-9.987488746643066406e+00
-1.562388896942138672e+01,-9.537454605102539062e+00,-5.239660263061523438e+00,-1.291685199737548828e+01,-1.004129505157470703e+01
-1.569067573547363281e+01,-9.513378143310546875e+00,-5.241972446441650391e+00,-1.290091228485107422e+01,-1.007749652862548828e+01
-1.562458896636962891e+01,-9.488780021667480469e+00,-5.247951507568359375e+00,-1.288723087310791016e+01,-1.004327487945556641e+01
-1.548427677154541016e+01,-9.463402748107910156e+00,-5.255485057830810547e+00,-1.290111827850341797e+01,-9.963327407836914062e+00
-1.526568222045898438e+01,-9.439720153808593750e+00,-5.261398315429687500e+00,-1.293665218353271484e+01,-9.840204238891601562e+00
-1.518136978149414062e+01,-9.421164512634277344e+00,-5.271926879882812500e+00,-1.304263401031494141e+01,-9.766532897949218750e+00
-1.512076663970947266e+01,-9.403373718261718750e+00,-5.284034729003906250e+00,-1.306366062164306641e+01,-9.735040664672851562e+00
-1.476205444335937500e+01,-9.432822227478027344e+00,-5.296227455139160156e+00,-1.298001003265380859e+01,-9.634491920471191406e+00
-1.440295124053955078e+01,-9.476561546325683594e+00,-5.295283317565917969e+00,-1.284323596954345703e+01,-9.542532920837402344e+00
-1.365481662750244141e+01,-9.508269309997558594e+00,-5.297641754150390625e+00,-1.262994289398193359e+01,-9.489204406738281250e+00
-1.394346618652343750e+01,-9.476674079895019531e+00,-5.301557540893554688e+00,-1.277944850921630859e+01,-9.546299934387207031e+00
-1.421443748474121094e+01,-9.433796882629394531e+00,-5.302339553833007812e+00,-1.269335746765136719e+01,-9.794469833374023438e+00
-1.450381183624267578e+01,-9.379637718200683594e+00,-5.309055328369140625e+00,-1.229840946197509766e+01,-1.013308906555175781e+01
-1.480663871765136719e+01,-9.295704841613769531e+00,-5.303855895996093750e+00,-1.162767124176025391e+01,-1.040460300445556641e+01
-1.489424896240234375e+01,-9.221647262573242188e+00,-5.296400070190429688e+00,-1.068714046478271484e+01,-1.056068706512451172e+01
-1.530168628692626953e+01,-9.123585700988769531e+00,-5.270547389984130859e+00,-9.851042747497558594e+00,-1.068097782135009766e+01
-1.595538234710693359e+01,-9.010832786560058594e+00,-5.258872032165527344e+00,-9.260408401489257812e+00,-1.082873535156250000e+01
-1.667718505859375000e+01,-8.872135162353515625e+00,-5.258950233459472656e+00,-8.787622451782226562e+00,-1.094595432281494141e+01
-1.721081542968750000e+01,-8.688452720642089844e+00,-5.277058601379394531e+00,-8.223837852478027344e+00,-1.112082672119140625e+01
-1.755122184753417969e+01,-8.405010223388671875e+00,-5.321657180786132812e+00,-7.212621688842773438e+00,-1.139816093444824219e+01
-1.781447029113769531e+01,-7.993927001953125000e+00,-5.443499088287353516e+00,-5.831555366516113281e+00,-1.179672527313232422e+01
-1.825561523437500000e+01,-7.554980278015136719e+00,-5.720004081726074219e+00,-4.636560440063476562e+00,-1.227230358123779297e+01
-1.874071121215820312e+01,-7.231553077697753906e+00,-6.166487216949462891e+00,-3.970348596572875977e+00,-1.270149135589599609e+01
-1.916642379760742188e+01,-7.023058891296386719e+00,-6.689500331878662109e+00,-3.705466508865356445e+00,-1.302162265777587891e+01
-1.946306991577148438e+01,-6.905426025390625000e+00,-7.224124908447265625e+00,-3.601082563400268555e+00,-1.324213504791259766e+01
-1.967968177795410156e+01,-6.860522270202636719e+00,-7.731161117553710938e+00,-3.553430795669555664e+00,-1.334008598327636719e+01
-1.981992530822753906e+01,-6.841633796691894531e+00,-8.083044052124023438e+00,-3.541788339614868164e+00,-1.326198959350585938e+01
-1.994655036926269531e+01,-6.807826995849609375e+00,-8.336695671081542969e+00,-3.545047998428344727e+00,-1.306635761260986328e+01
-1.982899093627929688e+01,-6.817057609558105469e+00,-8.516086578369140625e+00,-3.536864519119262695e+00,-1.283611583709716797e+01
-1.950940322875976562e+01,-6.847851753234863281e+00,-8.667160987854003906e+00,-3.530209779739379883e+00,-1.256250095367431641e+01
-1.908636093139648438e+01,-6.881124496459960938e+00,-8.772781372070312500e+00,-3.526029825210571289e+00,-1.222341728210449219e+01
-1.859195899963378906e+01,-6.902280807495117188e+00,-8.808854103088378906e+00,-3.529334783554077148e+00,-1.179401111602783203e+01
-1.814465141296386719e+01,-6.897129058837890625e+00,-8.732762336730957031e+00,-3.553602457046508789e+00,-1.124438190460205078e+01
-1.782847023010253906e+01,-6.869158744812011719e+00,-8.559842109680175781e+00,-3.609230279922485352e+00,-1.059109973907470703e+01
-1.722949028015136719e+01,-6.864765167236328125e+00,-8.301461219787597656e+00,-3.687643766403198242e+00,-9.773199081420898438e+00
-1.652661705017089844e+01,-6.968304634094238281e+00,-8.071655273437500000e+00,-3.766478776931762695e+00,-8.984324455261230469e+00
-1.629891586303710938e+01,-7.039865493774414062e+00,-7.884614944458007812e+00,-3.846215963363647461e+00,-8.534440994262695312e+00
-1.631404113769531250e+01,-6.990161895751953125e+00,-7.714045524597167969e+00,-4.011574745178222656e+00,-8.392929077148437500e+00
-1.650274276733398438e+01,-7.026082992553710938e+00,-7.381217002868652344e+00,-4.450126647949218750e+00,-8.104748725891113281e+00
-1.673530578613281250e+01,-7.240316390991210938e+00,-7.053808212280273438e+00,-5.276822090148925781e+00,-7.767879486083984375e+00
-1.675355911254882812e+01,-7.673461914062500000e+00,-6.877055168151855469e+00,-6.519824028015136719e+00,-7.368759155273437500e+00
-1.655343437194824219e+01,-8.233036994934082031e+00,-6.862078189849853516e+00,-7.915484428405761719e+00,-6.972691535949707031e+00
-1.634972763061523438e+01,-8.793031692504882812e+00,-6.932796955108642578e+00,-9.213768959045410156e+00,-6.665928840637207031e+00
-1.603626823425292969e+01,-9.266279220581054688e+00,-7.023037910461425781e+00,-1.028636360168457031e+01,-6.346179962158203125e+00
-1.546868610382080078e+01,-9.606075286865234375e+00,-7.102805614471435547e+00,-1.100864601135253906e+01,-6.010421752929687500e+00
-1.474851512908935547e+01,-9.836227416992187500e+00,-7.143404960632324219e+00,-1.134408378601074219e+01,-5.653233528137207031e+00
-1.403556632995605469e+01,-9.996281623840332031e+00,-7.152987957000732422e+00,-1.149849987030029297e+01,-5.339392662048339844e+00
-1.351967906951904297e+01,-1.006309604644775391e+01,-7.138643264770507812e+00,-1.152688026428222656e+01,-5.167594909667968750e+00
-1.309743118286132812e+01,-1.008455276489257812e+01,-7.130305767059326172e+00,-1.140157985687255859e+01,-5.074542045593261719e+00
-1.240277194976806641e+01,-1.006412887573242188e+01,-7.135107994079589844e+00,-1.083755588531494141e+01,-5.024440765380859375e+00
-1.169313335418701172e+01,-9.986279487609863281e+00,-7.163818359375000000e+00,-9.808457374572753906e+00,-5.036107063293457031e+00
-1.176407337188720703e+01,-9.875345230102539062e+00,-7.172348976135253906e+00,-8.576828956604003906e+00,-5.130845069885253906e+00
-1.249040222167968750e+01,-9.759022712707519531e+00,-7.162743568420410156e+00,-7.844214439392089844e+00,-5.226880073547363281e+00
-1.351690959930419922e+01,-9.704944610595703125e+00,-7.121710777282714844e+00,-7.716142654418945312e+00,-5.349079132080078125e+00
-1.442258071899414062e+01,-9.664308547973632812e+00,-7.082981109619140625e+00,-7.683475494384765625e+00,-5.581559181213378906e+00
-1.510660457611083984e+01,-9.616209030151367188e+00,-7.058919906616210938e+00,-7.580367088317871094e+00,-5.890792846679687500e+00
-1.570926952362060547e+01,-9.516871452331542969e+00,-7.042162418365478516e+00,-7.443133354187011719e+00,-6.265727043151855469e+00
-1.623265457153320312e+01,-9.354753494262695312e+00,-7.030408859252929688e+00,-7.147060394287109375e+00,-6.733849525451660156e+00
-1.652105712890625000e+01,-9.114374160766601562e+00,-7.031548976898193359e+00,-6.509613990783691406e+00,-7.265666007995605469e+00
-1.665794563293457031e+01,-8.792371749877929688e+00,-7.058298110961914062e+00,-5.734853744506835938e+00,-7.806925773620605469e+00
-1.691568374633789062e+01,-8.397124290466308594e+00,-7.123213291168212891e+00,-4.966740608215332031e+00,-8.429729461669921875e+00
-1.720007896423339844e+01,-7.975066184997558594e+00,-7.211985588073730469e+00,-4.385643005371093750e+00,-9.035760879516601562e+00
-1.711774253845214844e+01,-7.600123405456542969e+00,-7.395941257476806641e+00,-3.939242601394653320e+00,-9.585813522338867188e+00
-1.716094970703125000e+01,-7.288338661193847656e+00,-7.651344299316406250e+00,-3.662606000900268555e+00,-1.008752918243408203e+01
-1.728655242919921875e+01,-7.052218437194824219e+00,-7.965719223022460938e+00,-3.508311510086059570e+00,-1.058444118499755859e+01
-1.709407806396484375e+01,-6.904049873352050781e+00,-8.384979248046875000e+00,-3.427622079849243164e+00,-1.115079212188720703e+01
-1.671151542663574219e+01,-6.876600265502929688e+00,-8.931609153747558594e+00,-3.385853528976440430e+00,-1.181790637969970703e+01
-1.642071723937988281e+01,-6.882227897644042969e+00,-9.442945480346679688e+00,-3.391599893569946289e+00,-1.239693737030029297e+01
-1.653846359252929688e+01,-6.845285415649414062e+00,-9.663593292236328125e+00,-3.406046152114868164e+00,-1.256777763366699219e+01
-1.677038574218750000e+01,-6.774945259094238281e+00,-9.617372512817382812e+00,-3.419065713882446289e+00,-1.235713386535644531e+01
-1.703992271423339844e+01,-6.639160156250000000e+00,-9.351327896118164062e+00,-3.449309587478637695e+00,-1.179122543334960938e+01
-1.739112091064453125e+01,-6.439045906066894531e+00,-8.882807731628417969e+00,-3.531933546066284180e+00,-1.101357269287109375e+01
-1.763633728027343750e+01,-6.234278678894042969e+00,-8.361120223999023438e+00,-3.671813249588012695e+00,-1.023625278472900391e+01
-1.759994506835937500e+01,-6.110118865966796875e+00,-7.871230125427246094e+00,-3.945913553237915039e+00,-9.342908859252929688e+00
-1.719153594970703125e+01,-6.161876678466796875e+00,-7.498193740844726562e+00,-4.440769672393798828e+00,-8.344251632690429688e+00
-1.619074440002441406e+01,-6.524467468261718750e+00,-7.305606842041015625e+00,-5.206277847290039062e+00,-7.170554161071777344e+00
-1.506911087036132812e+01,-7.149129867553710938e+00,-7.299196243286132812e+00,-6.256804466247558594e+00,-6.130822181701660156e+00
-1.438944530487060547e+01,-7.776404380798339844e+00,-7.409935951232910156e+00,-7.294598579406738281e+00,-5.539901733398437500e+00
-1.402079296112060547e+01,-8.340959548950195312e+00,-7.523387432098388672e+00,-8.083266258239746094e+00,-5.208317756652832031e+00
-1.360779190063476562e+01,-8.767133712768554688e+00,-7.629026889801025391e+00,-8.465047836303710938e+00,-4.981929779052734375e+00
-1.299208736419677734e+01,-9.104259490966796875e+00,-7.684992790222167969e+00,-8.339120864868164062e+00,-4.784558296203613281e+00
-1.267914867401123047e+01,-9.328091621398925781e+00,-7.708560943603515625e+00,-8.147061347961425781e+00,-4.690948486328125000e+00
-1.282713699340820312e+01,-9.493927955627441406e+00,-7.684023380279541016e+00,-8.172606468200683594e+00,-4.693846702575683594e+00
-1.305955600738525391e+01,-9.624429702758789062e+00,-7.643725872039794922e+00,-8.404063224792480469e+00,-4.703229904174804688e+00
-1.326041126251220703e+01,-9.734069824218750000e+00,-7.601521015167236328e+00,-8.785018920898437500e+00,-4.705879211425781250e+00
-1.334567737579345703e+01,-9.817995071411132812e+00,-7.575571060180664062e+00,-9.186188697814941406e+00,-4.713187217712402344e+00
-1.339605522155761719e+01,-9.876426696777343750e+00,-7.559003829956054688e+00,-9.410216331481933594e+00,-4.771177291870117188e+00
-1.341239547729492188e+01,-9.905982017517089844e+00,-7.550340652465820312e+00,-9.451128005981445312e+00,-4.872181892395019531e+00
-1.341198062896728516e+01,-9.882979393005371094e+00,-7.548617362976074219e+00,-9.291357994079589844e+00,-5.030897140502929688e+00
-1.341232681274414062e+01,-9.812542915344238281e+00,-7.551468372344970703e+00,-8.864624023437500000e+00,-5.266180992126464844e+00
-1.336001205444335938e+01,-9.681087493896484375e+00,-7.555036544799804688e+00,-8.288178443908691406e+00,-5.524219512939453125e+00
-1.328700160980224609e+01,-9.486920356750488281e+00,-7.561452865600585938e+00,-7.578330993652343750e+00,-5.819441795349121094e+00
-1.332469844818115234e+01,-9.245503425598144531e+00,-7.561899185180664062e+00,-6.843152046203613281e+00,-6.146915435791015625e+00
-1.338544654846191406e+01,-8.951095581054687500e+00,-7.563334941864013672e+00,-6.123720645904541016e+00,-6.501473426818847656e+00
-1.365205574035644531e+01,-8.667332649230957031e+00,-7.540930747985839844e+00,-5.677155017852783203e+00,-6.752357482910156250e+00
-1.390508174896240234e+01,-8.384165763854980469e+00,-7.520729541778564453e+00,-5.288856506347656250e+00,-6.999790191650390625e+00
-1.395044040679931641e+01,-8.181703567504882812e+00,-7.509622097015380859e+00,-5.063446044921875000e+00,-7.121876716613769531e+00
-1.422814559936523438e+01,-7.981740951538085938e+00,-7.480826377868652344e+00,-4.960388183593750000e+00,-7.195523262023925781e+00
-1.423271751403808594e+01,-7.879535675048828125e+00,-7.472870826721191406e+00,-4.813457489013671875e+00,-7.309997558593750000e+00
-1.380438137054443359e+01,-7.855983734130859375e+00,-7.513110160827636719e+00,-4.579425811767578125e+00,-7.384969711303710938e+00
-1.337707233428955078e+01,-7.854868888854980469e+00,-7.614357948303222656e+00,-4.256309509277343750e+00,-7.495844841003417969e+00
-1.260972404479980469e+01,-7.870929718017578125e+00,-7.779674530029296875e+00,-3.937433481216430664e+00,-7.592369079589843750e+00
-1.185482501983642578e+01,-7.901684761047363281e+00,-7.988563060760498047e+00,-3.686425447463989258e+00,-7.557545661926269531e+00
-1.128205013275146484e+01,-7.845452308654785156e+00,-8.080563545227050781e+00,-3.733741998672485352e+00,-7.371776580810546875e+00
-1.144062137603759766e+01,-7.832378387451171875e+00,-7.832354068756103516e+00,-4.137088775634765625e+00,-6.757477760314941406e+00
-1.197833156585693359e+01,-8.014500617980957031e+00,-7.509198188781738281e+00,-5.099689483642578125e+00,-5.935920715332031250e+00
-1.256154060363769531e+01,-8.471485137939453125e+00,-7.385709285736083984e+00,-6.690249443054199219e+00,-5.303246498107910156e+00
-1.311481285095214844e+01,-9.052295684814453125e+00,-7.436590194702148438e+00,-8.437558174133300781e+00,-4.933568954467773438e+00
-1.346694278717041016e+01,-9.548542022705078125e+00,-7.529000282287597656e+00,-9.874131202697753906e+00,-4.696159362792968750e+00
-1.381031227111816406e+01,-9.898375511169433594e+00,-7.605720520019531250e+00,-1.058477973937988281e+01,-4.721164703369140625e+00
-1.391707611083984375e+01,-1.010337257385253906e+01,-7.632737636566162109e+00,-1.103623199462890625e+01,-4.693044662475585938e+00
-1.381429576873779297e+01,-1.021061706542968750e+01,-7.638907432556152344e+00,-1.131719303131103516e+01,-4.585207939147949219e+00
-1.348292255401611328e+01,-1.028449440002441406e+01,-7.631371498107910156e+00,-1.141631793975830078e+01,-4.416691780090332031e+00
-1.307620525360107422e+01,-1.033942031860351562e+01,-7.612291336059570312e+00,-1.155658912658691406e+01,-4.230136871337890625e+00
-1.264280605316162109e+01,-1.036481571197509766e+01,-7.603598117828369141e+00,-1.168754863739013672e+01,-4.073235511779785156e+00
-1.224983596801757812e+01,-1.036119270324707031e+01,-7.607022762298583984e+00,-1.177784824371337891e+01,-3.965345621109008789e+00
-1.183789920806884766e+01,-1.033703041076660156e+01,-7.625562667846679688e+00,-1.179539299011230469e+01,-3.900469541549682617e+00
-1.142668437957763672e+01,-1.030846977233886719e+01,-7.653526306152343750e+00,-1.171738719940185547e+01,-3.862626791000366211e+00
-1.110048580169677734e+01,-1.029017162322998047e+01,-7.680412292480468750e+00,-1.156646537780761719e+01,-3.842028379440307617e+00
-1.096969127655029297e+01,-1.028372573852539062e+01,-7.688834190368652344e+00,-1.134671401977539062e+01,-3.857659101486206055e+00
-1.097877979278564453e+01,-1.030266380310058594e+01,-7.679475784301757812e+00,-1.108385753631591797e+01,-3.895713567733764648e+00
-1.105811977386474609e+01,-1.034568881988525391e+01,-7.647686958312988281e+00,-1.082061290740966797e+01,-3.956261873245239258e+00
-1.121811389923095703e+01,-1.038766193389892578e+01,-7.606660842895507812e+00,-1.072416591644287109e+01,-4.028315544128417969e+00
-1.142120075225830078e+01,-1.043507289886474609e+01,-7.563084125518798828e+00,-1.071474266052246094e+01,-4.122136116027832031e+00
-1.152748203277587891e+01,-1.048116111755371094e+01,-7.524720191955566406e+00,-1.069691371917724609e+01,-4.232757568359375000e+00
-1.155910968780517578e+01,-1.050956249237060547e+01,-7.500883579254150391e+00,-1.064136791229248047e+01,-4.360820770263671875e+00
-1.158620166778564453e+01,-1.050662231445312500e+01,-7.487384319305419922e+00,-1.054223346710205078e+01,-4.501070022583007812e+00
-1.154097843170166016e+01,-1.049829483032226562e+01,-7.480891704559326172e+00,-1.045021057128906250e+01,-4.621179580688476562e+00
-1.143475246429443359e+01,-1.046877479553222656e+01,-7.485406398773193359e+00,-1.036703777313232422e+01,-4.721262931823730469e+00
-1.128247737884521484e+01,-1.043942832946777344e+01,-7.492357730865478516e+00,-1.028416728973388672e+01,-4.806936264038085938e+00
-1.103017902374267578e+01,-1.039556789398193359e+01,-7.508193016052246094e+00,-1.020611286163330078e+01,-4.866034507751464844e+00
-1.088727664947509766e+01,-1.033868694305419922e+01,-7.530821800231933594e+00,-1.018206024169921875e+01,-4.901781082153320312e+00
-1.069661998748779297e+01,-1.028523731231689453e+01,-7.552526950836181641e+00,-1.019690418243408203e+01,-4.916449546813964844e+00
-9.673321723937988281e+00,-1.031748962402343750e+01,-7.595991611480712891e+00,-9.846027374267578125e+00,-4.923759460449218750e+00
-9.830412864685058594e+00,-1.023792648315429688e+01,-7.613418579101562500e+00,-9.915823936462402344e+00,-4.808074951171875000e+00
-1.022808742523193359e+01,-1.020868110656738281e+01,-7.632159233093261719e+00,-1.033669567108154297e+01,-4.642192840576171875e+00
-1.047777462005615234e+01,-1.018044471740722656e+01,-7.642768859863281250e+00,-1.069882011413574219e+01,-4.567218780517578125e+00
-1.060698032379150391e+01,-1.018927764892578125e+01,-7.653855800628662109e+00,-1.103888130187988281e+01,-4.502659797668457031e+00
-9.824570655822753906e+00,-1.023616886138916016e+01,-7.686945438385009766e+00,-1.079097366333007812e+01,-4.500123977661132812e+00
-9.019130706787109375e+00,-1.024049568176269531e+01,-7.712882041931152344e+00,-1.026741981506347656e+01,-4.491900444030761719e+00
-9.363945960998535156e+00,-1.026208591461181641e+01,-7.701589584350585938e+00,-1.031165027618408203e+01,-4.368445396423339844e+00
-9.234917640686035156e+00,-1.026273918151855469e+01,-7.726803302764892578e+00,-1.039599227905273438e+01,-4.271074295043945312e+00
-8.108266830444335938e+00,-1.021487236022949219e+01,-7.800919532775878906e+00,-1.017761898040771484e+01,-4.264236450195312500e+00
-6.402203559875488281e+00,-1.011902618408203125e+01,-7.905156135559082031e+00,-9.695217132568359375e+00,-4.346282005310058594e+00
-5.801379203796386719e+00,-1.000917053222656250e+01,-7.954134941101074219e+00,-9.417965888977050781e+00,-4.324743270874023438e+00
-5.885589599609375000e+00,-9.923994064331054688e+00,-7.994324684143066406e+00,-9.445400238037109375e+00,-4.255415916442871094e+00
-7.270954132080078125e+00,-9.873075485229492188e+00,-7.992815017700195312e+00,-1.020116901397705078e+01,-4.125711441040039062e+00
-8.850644111633300781e+00,-9.848461151123046875e+00,-7.954114913940429688e+00,-1.107771492004394531e+01,-4.052930831909179688e+00
-1.002745628356933594e+01,-9.806615829467773438e+00,-7.897873878479003906e+00,-1.159706783294677734e+01,-4.031745910644531250e+00
-1.092413997650146484e+01,-9.802524566650390625e+00,-7.828864097595214844e+00,-1.194163799285888672e+01,-4.011403083801269531e+00
-1.157560825347900391e+01,-9.804141998291015625e+00,-7.760949134826660156e+00,-1.211290836334228516e+01,-4.013292312622070312e+00
-1.209448337554931641e+01,-9.780892372131347656e+00,-7.704566478729248047e+00,-1.207858276367187500e+01,-4.070722579956054688e+00
-1.250273609161376953e+01,-9.766563415527343750e+00,-7.665720939636230469e+00,-1.193301773071289062e+01,-4.140035629272460938e+00
-1.262110424041748047e+01,-9.671070098876953125e+00,-7.688259124755859375e+00,-1.144864273071289062e+01,-4.244452476501464844e+00
-1.241323661804199219e+01,-9.535120010375976562e+00,-7.752029895782470703e+00,-1.070787143707275391e+01,-4.330750465393066406e+00
-1.173855495452880859e+01,-9.423980712890625000e+00,-7.831675529479980469e+00,-9.929573059082031250e+00,-4.310684204101562500e+00
-1.079786396026611328e+01,-9.353643417358398438e+00,-7.888710021972656250e+00,-9.281877517700195312e+00,-4.165244102478027344e+00
-9.329569816589355469e+00,-9.306670188903808594e+00,-7.989954948425292969e+00,-8.975575447082519531e+00,-4.017751693725585938e+00
-7.757299423217773438e+00,-9.350213050842285156e+00,-8.090027809143066406e+00,-8.816814422607421875e+00,-3.986804723739624023e+00
-6.268368721008300781e+00,-9.310110092163085938e+00,-8.268112182617187500e+00,-8.976919174194335938e+00,-3.997216939926147461e+00
-4.477549552917480469e+00,-9.199265480041503906e+00,-8.516901969909667969e+00,-9.119541168212890625e+00,-4.143642425537109375e+00
-3.877035856246948242e+00,-9.221282005310058594e+00,-8.614604949951171875e+00,-9.344320297241210938e+00,-4.173192977905273438e+00
-3.185618162155151367e+00,-9.196585655212402344e+00,-8.727567672729492188e+00,-9.376944541931152344e+00,-4.278959274291992188e+00
-2.823792219161987305e+00,-9.071642875671386719e+00,-8.861311912536621094e+00,-9.505048751831054688e+00,-4.371187210083007812e+00
-1.565254330635070801e-01,-8.851347923278808594e+00,-9.231884956359863281e+00,-9.552330017089843750e+00,-5.080225944519042969e+00
