-1.588721179962158203e+01,-4.666265487670898438e+00,-8.856107711791992188e+00,-1.128872489929199219e+01,-1.318593215942382812e+01
-1.574316596984863281e+01,-4.533574581146240234e+00,-8.913128852844238281e+00,-1.267273712158203125e+01,-1.296348381042480469e+01
-1.587684822082519531e+01,-4.520226001739501953e+00,-9.104417800903320312e+00,-1.401142692565917969e+01,-1.294432449340820312e+01
-1.617067146301269531e+01,-4.545572280883789062e+00,-9.445084571838378906e+00,-1.505849361419677734e+01,-1.309725952148437500e+01
-1.648463058471679688e+01,-4.556100845336914062e+00,-9.987707138061523438e+00,-1.574996662139892578e+01,-1.329512977600097656e+01
-1.673769760131835938e+01,-4.554140567779541016e+00,-1.078876590728759766e+01,-1.609222602844238281e+01,-1.361812591552734375e+01
-1.698219871520996094e+01,-4.558387279510498047e+00,-1.165343666076660156e+01,-1.619430541992187500e+01,-1.404043006896972656e+01
-1.706350898742675781e+01,-4.564967632293701172e+00,-1.248726367950439453e+01,-1.609857177734375000e+01,-1.439116287231445312e+01
-1.717036247253417969e+01,-4.576560497283935547e+00,-1.289118003845214844e+01,-1.590120697021484375e+01,-1.455615615844726562e+01
-1.711475753784179688e+01,-4.574002742767333984e+00,-1.328421020507812500e+01,-1.573344326019287109e+01,-1.467729187011718750e+01
-1.687564468383789062e+01,-4.565599441528320312e+00,-1.349926090240478516e+01,-1.548752307891845703e+01,-1.473120689392089844e+01
-1.647875022888183594e+01,-4.556049823760986328e+00,-1.367112636566162109e+01,-1.528015327453613281e+01,-1.473744773864746094e+01
-1.625582122802734375e+01,-4.543386459350585938e+00,-1.388321399688720703e+01,-1.510818290710449219e+01,-1.475646018981933594e+01
-1.630554580688476562e+01,-4.531518459320068359e+00,-1.396983146667480469e+01,-1.500490188598632812e+01,-1.477576828002929688e+01
-1.635712623596191406e+01,-4.537043571472167969e+00,-1.378832912445068359e+01,-1.517932987213134766e+01,-1.466567230224609375e+01
-1.645203018188476562e+01,-4.542139530181884766e+00,-1.338111209869384766e+01,-1.550240993499755859e+01,-1.453303909301757812e+01
-1.677800750732421875e+01,-4.541285514831542969e+00,-1.297339248657226562e+01,-1.587412643432617188e+01,-1.445474815368652344e+01
-1.706830215454101562e+01,-4.538321018218994141e+00,-1.263898658752441406e+01,-1.607553863525390625e+01,-1.443948364257812500e+01
-1.718697357177734375e+01,-4.530652999877929688e+00,-1.230141353607177734e+01,-1.619037437438964844e+01,-1.438459014892578125e+01
-1.716777420043945312e+01,-4.527626037597656250e+00,-1.191045188903808594e+01,-1.625564002990722656e+01,-1.428713226318359375e+01
-1.713567543029785156e+01,-4.521371841430664062e+00,-1.142284202575683594e+01,-1.627271461486816406e+01,-1.413562011718750000e+01
-1.712816238403320312e+01,-4.519441604614257812e+00,-1.067406272888183594e+01,-1.624871444702148438e+01,-1.394925498962402344e+01
-1.706923103332519531e+01,-4.509085178375244141e+00,-1.023194599151611328e+01,-1.623936080932617188e+01,-1.386274337768554688e+01
-1.662623977661132812e+01,-4.496642112731933594e+00,-1.017865085601806641e+01,-1.585680198669433594e+01,-1.391359329223632812e+01
-1.626847457885742188e+01,-4.497766971588134766e+00,-1.017554092407226562e+01,-1.568919467926025391e+01,-1.396527290344238281e+01
-1.590958023071289062e+01,-4.485219001770019531e+00,-1.048673248291015625e+01,-1.557295131683349609e+01,-1.415704154968261719e+01
-1.557649993896484375e+01,-4.476446151733398438e+00,-1.103371620178222656e+01,-1.506153488159179688e+01,-1.440942001342773438e+01
-1.611227226257324219e+01,-4.474366188049316406e+00,-1.136337757110595703e+01,-1.496714210510253906e+01,-1.456220245361328125e+01
-1.666096687316894531e+01,-4.465299606323242188e+00,-1.186313438415527344e+01,-1.502203369140625000e+01,-1.480944633483886719e+01
-1.697765731811523438e+01,-4.469592094421386719e+00,-1.260517120361328125e+01,-1.509931468963623047e+01,-1.508423042297363281e+01
-1.714648437500000000e+01,-4.484222412109375000e+00,-1.329825592041015625e+01,-1.501487159729003906e+01,-1.540082931518554688e+01
-1.732525062561035156e+01,-4.488937377929687500e+00,-1.377895736694335938e+01,-1.484189033508300781e+01,-1.566673469543457031e+01
-1.750314903259277344e+01,-4.486872196197509766e+00,-1.403780269622802734e+01,-1.468548011779785156e+01,-1.581423950195312500e+01
-1.780889701843261719e+01,-4.467921257019042969e+00,-1.432457542419433594e+01,-1.456572151184082031e+01,-1.592441177368164062e+01
-1.810290145874023438e+01,-4.445963382720947266e+00,-1.469858455657958984e+01,-1.459512901306152344e+01,-1.603322601318359375e+01
-1.835264396667480469e+01,-4.433809757232666016e+00,-1.502718067169189453e+01,-1.463816642761230469e+01,-1.612715148925781250e+01
-1.855232620239257812e+01,-4.425670146942138672e+00,-1.521910381317138672e+01,-1.465132331848144531e+01,-1.619080543518066406e+01
-1.869963645935058594e+01,-4.418469905853271484e+00,-1.533402252197265625e+01,-1.463331222534179688e+01,-1.625332832336425781e+01
-1.875872993469238281e+01,-4.411309242248535156e+00,-1.538539218902587891e+01,-1.451218605041503906e+01,-1.631087303161621094e+01
-1.888501358032226562e+01,-4.409257411956787109e+00,-1.533680057525634766e+01,-1.444750213623046875e+01,-1.626957511901855469e+01
-1.895241737365722656e+01,-4.409015655517578125e+00,-1.501226520538330078e+01,-1.453857231140136719e+01,-1.605671119689941406e+01
-1.901713371276855469e+01,-4.422490119934082031e+00,-1.448860263824462891e+01,-1.469277191162109375e+01,-1.579181098937988281e+01
-1.890944671630859375e+01,-4.444017887115478516e+00,-1.397899150848388672e+01,-1.491758918762207031e+01,-1.557040023803710938e+01
-1.866958045959472656e+01,-4.463661670684814453e+00,-1.361563873291015625e+01,-1.514148712158203125e+01,-1.544507408142089844e+01
-1.849801445007324219e+01,-4.472589969635009766e+00,-1.330889511108398438e+01,-1.534683990478515625e+01,-1.536936187744140625e+01
-1.831321907043457031e+01,-4.481900215148925781e+00,-1.316812419891357422e+01,-1.551231479644775391e+01,-1.536727714538574219e+01
-1.802200126647949219e+01,-4.488882064819335938e+00,-1.311112022399902344e+01,-1.552608776092529297e+01,-1.541915130615234375e+01
-1.788606071472167969e+01,-4.492367267608642578e+00,-1.301661396026611328e+01,-1.551126861572265625e+01,-1.547052192687988281e+01
-1.778524398803710938e+01,-4.478204727172851562e+00,-1.295919418334960938e+01,-1.527499866485595703e+01,-1.544923019409179688e+01
-1.761544227600097656e+01,-4.477399349212646484e+00,-1.295233821868896484e+01,-1.518350982666015625e+01,-1.548496055603027344e+01
-1.747282791137695312e+01,-4.465321540832519531e+00,-1.293547821044921875e+01,-1.489509582519531250e+01,-1.544840049743652344e+01
-1.739195251464843750e+01,-4.463479995727539062e+00,-1.300231266021728516e+01,-1.488147354125976562e+01,-1.546650123596191406e+01
-1.731447601318359375e+01,-4.461325645446777344e+00,-1.308198928833007812e+01,-1.495688152313232422e+01,-1.550245094299316406e+01
-1.723259353637695312e+01,-4.461587429046630859e+00,-1.319942092895507812e+01,-1.503749465942382812e+01,-1.558062744140625000e+01
-1.721392440795898438e+01,-4.461766719818115234e+00,-1.327668952941894531e+01,-1.512005996704101562e+01,-1.565455627441406250e+01
-1.705624389648437500e+01,-4.478799819946289062e+00,-1.296689414978027344e+01,-1.527275753021240234e+01,-1.559531402587890625e+01
-1.657193946838378906e+01,-4.500005722045898438e+00,-1.228333282470703125e+01,-1.532987022399902344e+01,-1.544245147705078125e+01
-1.595951271057128906e+01,-4.524526119232177734e+00,-1.115339660644531250e+01,-1.526881217956542969e+01,-1.519050979614257812e+01
-1.619687652587890625e+01,-4.522377967834472656e+00,-9.969635009765625000e+00,-1.548828029632568359e+01,-1.491475677490234375e+01
-1.687852859497070312e+01,-4.535440921783447266e+00,-9.012041091918945312e+00,-1.571940612792968750e+01,-1.481864166259765625e+01
-1.771385765075683594e+01,-4.547070980072021484e+00,-8.445175170898437500e+00,-1.583785057067871094e+01,-1.488726615905761719e+01
-1.850616455078125000e+01,-4.540661811828613281e+00,-8.238916397094726562e+00,-1.591502380371093750e+01,-1.501297760009765625e+01
-1.913811874389648438e+01,-4.537697792053222656e+00,-8.161896705627441406e+00,-1.595489120483398438e+01,-1.509280586242675781e+01
-1.946126747131347656e+01,-4.529126644134521484e+00,-8.288150787353515625e+00,-1.587832927703857422e+01,-1.517797470092773438e+01
-1.946982383728027344e+01,-4.499962806701660156e+00,-8.806782722473144531e+00,-1.553151607513427734e+01,-1.534966087341308594e+01
-1.939044952392578125e+01,-4.456089019775390625e+00,-9.687443733215332031e+00,-1.505821037292480469e+01,-1.558841133117675781e+01
-1.918177413940429688e+01,-4.426345348358154297e+00,-1.041599655151367188e+01,-1.457573795318603516e+01,-1.570850372314453125e+01
-1.890509223937988281e+01,-4.424530982971191406e+00,-1.038518238067626953e+01,-1.425534629821777344e+01,-1.554641151428222656e+01
-1.866596031188964844e+01,-4.420679092407226562e+00,-1.003743171691894531e+01,-1.427754783630371094e+01,-1.527304267883300781e+01
-1.811009025573730469e+01,-4.427335262298583984e+00,-9.784491539001464844e+00,-1.444393634796142578e+01,-1.506378364562988281e+01
-1.724824142456054688e+01,-4.465826988220214844e+00,-9.218336105346679688e+00,-1.453141689300537109e+01,-1.485133171081542969e+01
-1.670131683349609375e+01,-4.507602214813232422e+00,-8.644058227539062500e+00,-1.470500564575195312e+01,-1.465268135070800781e+01
-1.658533287048339844e+01,-4.544177532196044922e+00,-8.218948364257812500e+00,-1.508925342559814453e+01,-1.450310897827148438e+01
-1.677893257141113281e+01,-4.591228485107421875e+00,-7.879907608032226562e+00,-1.545109367370605469e+01,-1.447586441040039062e+01
-1.689728927612304688e+01,-4.651589870452880859e+00,-7.500115871429443359e+00,-1.568047714233398438e+01,-1.447544670104980469e+01
-1.706637191772460938e+01,-4.760405063629150391e+00,-6.966683864593505859e+00,-1.573778152465820312e+01,-1.448704528808593750e+01
-1.689025115966796875e+01,-4.973859786987304688e+00,-6.338188648223876953e+00,-1.568716049194335938e+01,-1.440979385375976562e+01
-1.674455451965332031e+01,-5.180171966552734375e+00,-5.948455810546875000e+00,-1.573059177398681641e+01,-1.433492469787597656e+01
-1.686367988586425781e+01,-5.349530696868896484e+00,-5.766534805297851562e+00,-1.588743495941162109e+01,-1.432664489746093750e+01
-1.712723541259765625e+01,-5.510239124298095703e+00,-5.630758285522460938e+00,-1.602878570556640625e+01,-1.434548759460449219e+01
-1.746216583251953125e+01,-5.561549186706542969e+00,-5.626312255859375000e+00,-1.606832885742187500e+01,-1.444884109497070312e+01
-1.791859436035156250e+01,-5.592536449432373047e+00,-5.629487037658691406e+00,-1.605710220336914062e+01,-1.454450416564941406e+01
-1.835504722595214844e+01,-5.492759704589843750e+00,-5.781404495239257812e+00,-1.598001670837402344e+01,-1.467480850219726562e+01
-1.870293045043945312e+01,-5.285630702972412109e+00,-5.991595268249511719e+00,-1.591633987426757812e+01,-1.475115013122558594e+01
-1.881568527221679688e+01,-5.117355346679687500e+00,-6.099288940429687500e+00,-1.597728157043457031e+01,-1.467712211608886719e+01
-1.878496170043945312e+01,-5.004163742065429688e+00,-6.177496910095214844e+00,-1.604137039184570312e+01,-1.458610343933105469e+01
-1.874067878723144531e+01,-4.891493320465087891e+00,-6.403140068054199219e+00,-1.595978546142578125e+01,-1.460321426391601562e+01
-1.867365264892578125e+01,-4.749670028686523438e+00,-6.937209129333496094e+00,-1.557892417907714844e+01,-1.476820564270019531e+01
-1.853153991699218750e+01,-4.624442577362060547e+00,-7.555463790893554688e+00,-1.501220512390136719e+01,-1.495861244201660156e+01
-1.825513839721679688e+01,-4.578103065490722656e+00,-7.714912891387939453e+00,-1.445719337463378906e+01,-1.493991661071777344e+01
-1.807799911499023438e+01,-4.628013134002685547e+00,-7.351903438568115234e+00,-1.433269214630126953e+01,-1.476857948303222656e+01
-1.785037994384765625e+01,-4.743333339691162109e+00,-6.916127681732177734e+00,-1.434636688232421875e+01,-1.458769607543945312e+01
-1.766499519348144531e+01,-4.858047962188720703e+00,-6.633752822875976562e+00,-1.460395812988281250e+01,-1.445471191406250000e+01
-1.759235000610351562e+01,-5.023723602294921875e+00,-6.367146492004394531e+00,-1.501642894744873047e+01,-1.435063934326171875e+01
-1.765033721923828125e+01,-5.107883453369140625e+00,-6.244650840759277344e+00,-1.548085975646972656e+01,-1.423846054077148438e+01
-1.771057701110839844e+01,-5.123092651367187500e+00,-6.216523170471191406e+00,-1.579862689971923828e+01,-1.416289710998535156e+01
-1.778894996643066406e+01,-5.188771724700927734e+00,-6.085791110992431641e+00,-1.593881320953369141e+01,-1.414879608154296875e+01
-1.768717956542968750e+01,-5.365680694580078125e+00,-5.856186389923095703e+00,-1.590678977966308594e+01,-1.415547180175781250e+01
-1.704193496704101562e+01,-5.608400344848632812e+00,-5.658658981323242188e+00,-1.588365364074707031e+01,-1.413087463378906250e+01
-1.620431518554687500e+01,-5.957152366638183594e+00,-5.509108066558837891e+00,-1.572819423675537109e+01,-1.416720008850097656e+01
-1.546482276916503906e+01,-6.404780387878417969e+00,-5.394589424133300781e+00,-1.552544498443603516e+01,-1.419697380065917969e+01
-1.526198005676269531e+01,-6.928626060485839844e+00,-5.345160961151123047e+00,-1.547249221801757812e+01,-1.424366950988769531e+01
-1.568840503692626953e+01,-7.397299766540527344e+00,-5.345861911773681641e+00,-1.549075603485107422e+01,-1.435113143920898438e+01
-1.638488769531250000e+01,-7.740171432495117188e+00,-5.336862564086914062e+00,-1.557937335968017578e+01,-1.446158599853515625e+01
-1.701499938964843750e+01,-8.018669128417968750e+00,-5.293293952941894531e+00,-1.577871417999267578e+01,-1.448754501342773438e+01
-1.744772720336914062e+01,-8.330713272094726562e+00,-5.233947277069091797e+00,-1.597936725616455078e+01,-1.447476577758789062e+01
-1.779518508911132812e+01,-8.625961303710937500e+00,-5.228797912597656250e+00,-1.595150756835937500e+01,-1.452746009826660156e+01
-1.809223175048828125e+01,-8.811782836914062500e+00,-5.268441200256347656e+00,-1.570930671691894531e+01,-1.465651321411132812e+01
-1.819615554809570312e+01,-8.954586982727050781e+00,-5.297462940216064453e+00,-1.535917472839355469e+01,-1.477526473999023438e+01
-1.814085388183593750e+01,-9.248535156250000000e+00,-5.249539375305175781e+00,-1.512437438964843750e+01,-1.478851509094238281e+01
-1.801649475097656250e+01,-9.556707382202148438e+00,-5.228005409240722656e+00,-1.495969772338867188e+01,-1.473929023742675781e+01
-1.767662429809570312e+01,-9.823885917663574219e+00,-5.229001522064208984e+00,-1.493292999267578125e+01,-1.462988662719726562e+01
-1.717201805114746094e+01,-9.969446182250976562e+00,-5.292342662811279297e+00,-1.470386028289794922e+01,-1.449847602844238281e+01
-1.717720413208007812e+01,-1.009270763397216797e+01,-5.303390979766845703e+00,-1.483883666992187500e+01,-1.436868476867675781e+01
-1.731727981567382812e+01,-1.020728397369384766e+01,-5.306739330291748047e+00,-1.505272865295410156e+01,-1.426613998413085938e+01
-1.744069671630859375e+01,-1.025910758972167969e+01,-5.307078361511230469e+00,-1.526224803924560547e+01,-1.417949104309082031e+01
-1.713520431518554688e+01,-1.026683044433593750e+01,-5.333958148956298828e+00,-1.508383369445800781e+01,-1.412514114379882812e+01
-1.708018493652343750e+01,-1.029924201965332031e+01,-5.324879646301269531e+00,-1.512824630737304688e+01,-1.405776977539062500e+01
-1.707571411132812500e+01,-1.033460807800292969e+01,-5.312439918518066406e+00,-1.520756149291992188e+01,-1.399918937683105469e+01
-1.719273567199707031e+01,-1.038110733032226562e+01,-5.312475681304931641e+00,-1.522793579101562500e+01,-1.406961250305175781e+01
-1.711319351196289062e+01,-1.042808818817138672e+01,-5.315193653106689453e+00,-1.517490291595458984e+01,-1.413661003112792969e+01
-1.717890739440917969e+01,-1.039458560943603516e+01,-5.328467369079589844e+00,-1.513911342620849609e+01,-1.423006057739257812e+01
-1.739376831054687500e+01,-1.034086322784423828e+01,-5.321207523345947266e+00,-1.526824569702148438e+01,-1.430251693725585938e+01
-1.751355171203613281e+01,-1.034532737731933594e+01,-5.296801567077636719e+00,-1.550585746765136719e+01,-1.431258392333984375e+01
-1.749793243408203125e+01,-1.038980102539062500e+01,-5.272316932678222656e+00,-1.574614620208740234e+01,-1.425314712524414062e+01
-1.750299263000488281e+01,-1.045124435424804688e+01,-5.256674766540527344e+00,-1.588053512573242188e+01,-1.421303749084472656e+01
-1.759458160400390625e+01,-1.044097805023193359e+01,-5.260836601257324219e+00,-1.581140327453613281e+01,-1.428155708312988281e+01
-1.764585304260253906e+01,-1.051109886169433594e+01,-5.268297195434570312e+00,-1.554409790039062500e+01,-1.439865303039550781e+01
-1.768936729431152344e+01,-1.055424213409423828e+01,-5.287882328033447266e+00,-1.516594219207763672e+01,-1.452872657775878906e+01
-1.773020172119140625e+01,-1.071325206756591797e+01,-5.285338401794433594e+00,-1.492459774017333984e+01,-1.455487442016601562e+01
-1.766898345947265625e+01,-1.088916301727294922e+01,-5.286159992218017578e+00,-1.477139663696289062e+01,-1.451668548583984375e+01
-1.741419410705566406e+01,-1.102652359008789062e+01,-5.295694828033447266e+00,-1.470716953277587891e+01,-1.441954421997070312e+01
-1.711556625366210938e+01,-1.113369750976562500e+01,-5.298241615295410156e+00,-1.478429508209228516e+01,-1.431186866760253906e+01
-1.660463523864746094e+01,-1.121644592285156250e+01,-5.305767059326171875e+00,-1.498097515106201172e+01,-1.412160491943359375e+01
-1.609170150756835938e+01,-1.126348114013671875e+01,-5.326719284057617188e+00,-1.512388992309570312e+01,-1.393827819824218750e+01
-1.573913002014160156e+01,-1.125668144226074219e+01,-5.333309650421142578e+00,-1.530635166168212891e+01,-1.367629623413085938e+01
-1.547440338134765625e+01,-1.119721794128417969e+01,-5.345389366149902344e+00,-1.544655227661132812e+01,-1.347934532165527344e+01
-1.515051841735839844e+01,-1.116748905181884766e+01,-5.354446887969970703e+00,-1.549059867858886719e+01,-1.339932823181152344e+01
-1.476926136016845703e+01,-1.117746257781982422e+01,-5.353917121887207031e+00,-1.545343780517578125e+01,-1.335760498046875000e+01
-1.417076301574707031e+01,-1.122924613952636719e+01,-5.341697692871093750e+00,-1.536911392211914062e+01,-1.323442840576171875e+01
-1.410213088989257812e+01,-1.114807987213134766e+01,-5.339699268341064453e+00,-1.551790523529052734e+01,-1.303962516784667969e+01
-1.434795665740966797e+01,-1.108464431762695312e+01,-5.345502376556396484e+00,-1.572863388061523438e+01,-1.298826217651367188e+01
-1.461884307861328125e+01,-1.101014137268066406e+01,-5.341830730438232422e+00,-1.595717620849609375e+01,-1.295471191406250000e+01
-1.484727954864501953e+01,-1.096510982513427734e+01,-5.326310157775878906e+00,-1.615649032592773438e+01,-1.294939231872558594e+01
-1.492467117309570312e+01,-1.097801303863525391e+01,-5.310081005096435547e+00,-1.633967781066894531e+01,-1.290015029907226562e+01
-1.493055820465087891e+01,-1.102474212646484375e+01,-5.288722038269042969e+00,-1.648238754272460938e+01,-1.281175231933593750e+01
-1.517259788513183594e+01,-1.106449222564697266e+01,-5.276988983154296875e+00,-1.643775558471679688e+01,-1.289752578735351562e+01
-1.558430576324462891e+01,-1.109434795379638672e+01,-5.280135631561279297e+00,-1.619929122924804688e+01,-1.312081527709960938e+01
-1.593853759765625000e+01,-1.116098308563232422e+01,-5.290205478668212891e+00,-1.589369297027587891e+01,-1.334961509704589844e+01
-1.628013801574707031e+01,-1.129221057891845703e+01,-5.280807495117187500e+00,-1.563009071350097656e+01,-1.353771591186523438e+01
-1.637164306640625000e+01,-1.140633869171142578e+01,-5.286442756652832031e+00,-1.545959568023681641e+01,-1.360981941223144531e+01
-1.661381721496582031e+01,-1.151505851745605469e+01,-5.296535968780517578e+00,-1.539721488952636719e+01,-1.369116783142089844e+01
-1.680358123779296875e+01,-1.156117916107177734e+01,-5.298010826110839844e+00,-1.544154453277587891e+01,-1.374108886718750000e+01
-1.682275962829589844e+01,-1.159147071838378906e+01,-5.300132751464843750e+00,-1.549507236480712891e+01,-1.373325157165527344e+01
-1.675169181823730469e+01,-1.159138679504394531e+01,-5.305641174316406250e+00,-1.550646495819091797e+01,-1.373783111572265625e+01
-1.658878517150878906e+01,-1.157633209228515625e+01,-5.308244705200195312e+00,-1.546011638641357422e+01,-1.373208618164062500e+01
-1.626575660705566406e+01,-1.158731174468994141e+01,-5.313997268676757812e+00,-1.538752174377441406e+01,-1.371656036376953125e+01
-1.582466888427734375e+01,-1.160417175292968750e+01,-5.315245628356933594e+00,-1.526690673828125000e+01,-1.371089553833007812e+01
-1.543707847595214844e+01,-1.161440181732177734e+01,-5.320232391357421875e+00,-1.515157985687255859e+01,-1.369530296325683594e+01
-1.480166339874267578e+01,-1.162560176849365234e+01,-5.321702957153320312e+00,-1.510830307006835938e+01,-1.357142066955566406e+01
-1.486404228210449219e+01,-1.160304832458496094e+01,-5.330227851867675781e+00,-1.525224208831787109e+01,-1.347927665710449219e+01
-1.506366634368896484e+01,-1.157072734832763672e+01,-5.339002609252929688e+00,-1.541841411590576172e+01,-1.344444084167480469e+01
-1.522089385986328125e+01,-1.149926376342773438e+01,-5.335124969482421875e+00,-1.564698410034179688e+01,-1.335599517822265625e+01
-1.535728645324707031e+01,-1.144406414031982422e+01,-5.327845573425292969e+00,-1.588666152954101562e+01,-1.330316162109375000e+01
-1.549457931518554688e+01,-1.143891906738281250e+01,-5.319068908691406250e+00,-1.610737609863281250e+01,-1.328666305541992188e+01
-1.558584499359130859e+01,-1.146048164367675781e+01,-5.308477401733398438e+00,-1.628050231933593750e+01,-1.325620651245117188e+01
-1.578719043731689453e+01,-1.149693393707275391e+01,-5.308527946472167969e+00,-1.626761627197265625e+01,-1.331266403198242188e+01
-1.608498573303222656e+01,-1.152487468719482422e+01,-5.305117607116699219e+00,-1.603036308288574219e+01,-1.350304603576660156e+01
-1.628872489929199219e+01,-1.161284255981445312e+01,-5.308566093444824219e+00,-1.574257373809814453e+01,-1.370480728149414062e+01
-1.650753784179687500e+01,-1.175236892700195312e+01,-5.302956581115722656e+00,-1.552324771881103516e+01,-1.386609458923339844e+01
-1.658954429626464844e+01,-1.182427024841308594e+01,-5.297769069671630859e+00,-1.543349838256835938e+01,-1.393991851806640625e+01
-1.655027770996093750e+01,-1.192203330993652344e+01,-5.302243232727050781e+00,-1.535784721374511719e+01,-1.403038215637207031e+01
-1.620097923278808594e+01,-1.205812835693359375e+01,-5.300668239593505859e+00,-1.519973945617675781e+01,-1.407148933410644531e+01
-1.601769256591796875e+01,-1.208497714996337891e+01,-5.301160812377929688e+00,-1.518732166290283203e+01,-1.405119705200195312e+01
-1.576705551147460938e+01,-1.206073856353759766e+01,-5.301831245422363281e+00,-1.530847930908203125e+01,-1.402045059204101562e+01
-1.548904418945312500e+01,-1.204153347015380859e+01,-5.307245254516601562e+00,-1.541809463500976562e+01,-1.398308563232421875e+01
-1.514271736145019531e+01,-1.203056335449218750e+01,-5.314732551574707031e+00,-1.539966201782226562e+01,-1.394044685363769531e+01
-1.486265754699707031e+01,-1.201824760437011719e+01,-5.313941001892089844e+00,-1.540525722503662109e+01,-1.388403511047363281e+01
-1.450640964508056641e+01,-1.197425746917724609e+01,-5.307497024536132812e+00,-1.541127204895019531e+01,-1.383947944641113281e+01
-1.362952804565429688e+01,-1.201609230041503906e+01,-5.298122882843017578e+00,-1.531435775756835938e+01,-1.374067687988281250e+01
-1.372697067260742188e+01,-1.193695640563964844e+01,-5.304872512817382812e+00,-1.540618133544921875e+01,-1.367872238159179688e+01
-1.446039772033691406e+01,-1.186926269531250000e+01,-5.309858322143554688e+00,-1.560972785949707031e+01,-1.368180847167968750e+01
-1.519269847869873047e+01,-1.178484153747558594e+01,-5.303473472595214844e+00,-1.575821018218994141e+01,-1.376100730895996094e+01
-1.576692771911621094e+01,-1.170469474792480469e+01,-5.287247657775878906e+00,-1.588314056396484375e+01,-1.386415481567382812e+01
-1.616626739501953125e+01,-1.169253349304199219e+01,-5.272480487823486328e+00,-1.598195075988769531e+01,-1.395307540893554688e+01
-1.625804138183593750e+01,-1.173835372924804688e+01,-5.255240440368652344e+00,-1.608127975463867188e+01,-1.389789199829101562e+01
-1.635901832580566406e+01,-1.179316902160644531e+01,-5.247940063476562500e+00,-1.611938476562500000e+01,-1.385201263427734375e+01
-1.671077346801757812e+01,-1.183088970184326172e+01,-5.244747161865234375e+00,-1.592775440216064453e+01,-1.398596191406250000e+01
-1.701855087280273438e+01,-1.187126827239990234e+01,-5.243269920349121094e+00,-1.562737178802490234e+01,-1.419968795776367188e+01
-1.716665458679199219e+01,-1.196765327453613281e+01,-5.246920108795166016e+00,-1.537022590637207031e+01,-1.436667633056640625e+01
-1.721205520629882812e+01,-1.206066322326660156e+01,-5.256151199340820312e+00,-1.508466815948486328e+01,-1.450530433654785156e+01
-1.714620780944824219e+01,-1.214815711975097656e+01,-5.268685340881347656e+00,-1.489616012573242188e+01,-1.459525299072265625e+01
-1.700784301757812500e+01,-1.219603538513183594e+01,-5.277296066284179688e+00,-1.483026123046875000e+01,-1.461235809326171875e+01
-1.677204704284667969e+01,-1.223095512390136719e+01,-5.267592430114746094e+00,-1.491691398620605469e+01,-1.455743217468261719e+01
-1.644509124755859375e+01,-1.219294738769531250e+01,-5.254684925079345703e+00,-1.507252311706542969e+01,-1.449286079406738281e+01
-1.610815811157226562e+01,-1.212995529174804688e+01,-5.247809410095214844e+00,-1.515447902679443359e+01,-1.445797538757324219e+01
-1.599576377868652344e+01,-1.205576992034912109e+01,-5.248723030090332031e+00,-1.512510013580322266e+01,-1.449864959716796875e+01
-1.607818794250488281e+01,-1.197161769866943359e+01,-5.244994163513183594e+00,-1.502852630615234375e+01,-1.455488586425781250e+01
-1.624929618835449219e+01,-1.190718460083007812e+01,-5.236580848693847656e+00,-1.498915195465087891e+01,-1.452418518066406250e+01
-1.635092163085937500e+01,-1.188917541503906250e+01,-5.231819152832031250e+00,-1.506872177124023438e+01,-1.440776062011718750e+01
-1.646318054199218750e+01,-1.191197109222412109e+01,-5.242434024810791016e+00,-1.522030639648437500e+01,-1.428639984130859375e+01
-1.651067733764648438e+01,-1.189936256408691406e+01,-5.254372596740722656e+00,-1.525802707672119141e+01,-1.430097770690917969e+01
-1.649174499511718750e+01,-1.181951332092285156e+01,-5.269236087799072266e+00,-1.519418430328369141e+01,-1.438021278381347656e+01
-1.651934814453125000e+01,-1.174516677856445312e+01,-5.268608093261718750e+00,-1.520564174652099609e+01,-1.441318702697753906e+01
-1.654365158081054688e+01,-1.173408889770507812e+01,-5.256374835968017578e+00,-1.535019207000732422e+01,-1.430503463745117188e+01
-1.669598960876464844e+01,-1.178694915771484375e+01,-5.246399879455566406e+00,-1.553219699859619141e+01,-1.414595031738281250e+01
-1.701465415954589844e+01,-1.181998825073242188e+01,-5.243137836456298828e+00,-1.558735656738281250e+01,-1.409263992309570312e+01
-1.726489448547363281e+01,-1.181645011901855469e+01,-5.238437652587890625e+00,-1.541804218292236328e+01,-1.417634201049804688e+01
-1.740065383911132812e+01,-1.186402606964111328e+01,-5.237299919128417969e+00,-1.523367691040039062e+01,-1.424076271057128906e+01
-1.723787117004394531e+01,-1.200323295593261719e+01,-5.233636856079101562e+00,-1.492312431335449219e+01,-1.427297210693359375e+01
-1.713191032409667969e+01,-1.212710475921630859e+01,-5.245502471923828125e+00,-1.471092796325683594e+01,-1.427937316894531250e+01
-1.695999526977539062e+01,-1.222134113311767578e+01,-5.249846935272216797e+00,-1.478423213958740234e+01,-1.421255302429199219e+01
-1.664401054382324219e+01,-1.228702163696289062e+01,-5.251439094543457031e+00,-1.493437480926513672e+01,-1.409947776794433594e+01
-1.622814559936523438e+01,-1.230393409729003906e+01,-5.243762016296386719e+00,-1.510977363586425781e+01,-1.394165039062500000e+01
-1.589391708374023438e+01,-1.231184291839599609e+01,-5.238576889038085938e+00,-1.527891635894775391e+01,-1.378203392028808594e+01
-1.562771797180175781e+01,-1.228747177124023438e+01,-5.237820625305175781e+00,-1.533505630493164062e+01,-1.370420646667480469e+01
-1.542809772491455078e+01,-1.226981830596923828e+01,-5.243413925170898438e+00,-1.533754825592041016e+01,-1.367417716979980469e+01
-1.538873386383056641e+01,-1.224895668029785156e+01,-5.256855010986328125e+00,-1.542533493041992188e+01,-1.359957122802734375e+01
-1.558772373199462891e+01,-1.219524574279785156e+01,-5.265012741088867188e+00,-1.551343536376953125e+01,-1.353715324401855469e+01
-1.585128021240234375e+01,-1.216485404968261719e+01,-5.274764537811279297e+00,-1.554885673522949219e+01,-1.358671760559082031e+01
-1.599711132049560547e+01,-1.210634899139404297e+01,-5.276741504669189453e+00,-1.555252647399902344e+01,-1.366142463684082031e+01
-1.628237915039062500e+01,-1.207786178588867188e+01,-5.278052330017089844e+00,-1.557857608795166016e+01,-1.375287055969238281e+01
-1.640021896362304688e+01,-1.206816673278808594e+01,-5.274089813232421875e+00,-1.563230037689208984e+01,-1.378325080871582031e+01
-1.638573646545410156e+01,-1.211318778991699219e+01,-5.265659809112548828e+00,-1.569963455200195312e+01,-1.373795700073242188e+01
-1.642365646362304688e+01,-1.216909790039062500e+01,-5.259845733642578125e+00,-1.579373168945312500e+01,-1.365386772155761719e+01
-1.646331977844238281e+01,-1.221645545959472656e+01,-5.247353076934814453e+00,-1.579024696350097656e+01,-1.359806251525878906e+01
-1.659206771850585938e+01,-1.229771423339843750e+01,-5.252978801727294922e+00,-1.558791255950927734e+01,-1.367641639709472656e+01
-1.681253051757812500e+01,-1.244113826751708984e+01,-5.261775493621826172e+00,-1.530465316772460938e+01,-1.380027770996093750e+01
-1.714827728271484375e+01,-1.254154777526855469e+01,-5.276792049407958984e+00,-1.507183647155761719e+01,-1.396887207031250000e+01
-1.727686309814453125e+01,-1.258011817932128906e+01,-5.277102470397949219e+00,-1.490268898010253906e+01,-1.412440681457519531e+01
-1.704080581665039062e+01,-1.259007644653320312e+01,-5.273324966430664062e+00,-1.483755111694335938e+01,-1.417396926879882812e+01
-1.660077285766601562e+01,-1.257641983032226562e+01,-5.270773887634277344e+00,-1.491827774047851562e+01,-1.412900161743164062e+01
-1.627717590332031250e+01,-1.256855773925781250e+01,-5.264894485473632812e+00,-1.496780776977539062e+01,-1.407550430297851562e+01
-1.582885932922363281e+01,-1.257918262481689453e+01,-5.263208866119384766e+00,-1.498205947875976562e+01,-1.402171707153320312e+01
-1.574989223480224609e+01,-1.263029670715332031e+01,-5.266167163848876953e+00,-1.503199481964111328e+01,-1.392950439453125000e+01
-1.595234012603759766e+01,-1.269867420196533203e+01,-5.265464305877685547e+00,-1.511947250366210938e+01,-1.387756538391113281e+01
-1.630132293701171875e+01,-1.275358676910400391e+01,-5.269211292266845703e+00,-1.520228195190429688e+01,-1.386242485046386719e+01
-1.663363838195800781e+01,-1.276037693023681641e+01,-5.271885871887207031e+00,-1.516096115112304688e+01,-1.398667335510253906e+01
-1.697487449645996094e+01,-1.272817897796630859e+01,-5.278623580932617188e+00,-1.506309509277343750e+01,-1.418170356750488281e+01
-1.722432136535644531e+01,-1.260978412628173828e+01,-5.278045177459716797e+00,-1.496674156188964844e+01,-1.436012077331542969e+01
-1.741997909545898438e+01,-1.247768402099609375e+01,-5.265563011169433594e+00,-1.489851951599121094e+01,-1.449685859680175781e+01
-1.745219421386718750e+01,-1.236972618103027344e+01,-5.251044273376464844e+00,-1.488938331604003906e+01,-1.452005004882812500e+01
-1.741758346557617188e+01,-1.231423759460449219e+01,-5.240901947021484375e+00,-1.493293571472167969e+01,-1.446105575561523438e+01
-1.744426727294921875e+01,-1.230865859985351562e+01,-5.234986782073974609e+00,-1.498424243927001953e+01,-1.438842010498046875e+01
-1.760440826416015625e+01,-1.231872081756591797e+01,-5.237431526184082031e+00,-1.475641059875488281e+01,-1.447095870971679688e+01
-1.752583503723144531e+01,-1.231301116943359375e+01,-5.240163803100585938e+00,-1.421297168731689453e+01,-1.461197090148925781e+01
-1.743800544738769531e+01,-1.230705928802490234e+01,-5.251698017120361328e+00,-1.342893695831298828e+01,-1.466653251647949219e+01
-1.720485687255859375e+01,-1.223374938964843750e+01,-5.260571479797363281e+00,-1.246163177490234375e+01,-1.468258476257324219e+01
-1.685280227661132812e+01,-1.215356826782226562e+01,-5.277405261993408203e+00,-1.192923736572265625e+01,-1.465195465087890625e+01
-1.628497123718261719e+01,-1.215976238250732422e+01,-5.278233051300048828e+00,-1.233541488647460938e+01,-1.447630119323730469e+01
-1.599643993377685547e+01,-1.224178409576416016e+01,-5.280804634094238281e+00,-1.313625526428222656e+01,-1.427749252319335938e+01
-1.563796424865722656e+01,-1.225620460510253906e+01,-5.299025535583496094e+00,-1.352758312225341797e+01,-1.412580299377441406e+01
-1.577797508239746094e+01,-1.234381675720214844e+01,-5.297971725463867188e+00,-1.396054458618164062e+01,-1.404465675354003906e+01
-1.580334949493408203e+01,-1.243178176879882812e+01,-5.293959140777587891e+00,-1.424118423461914062e+01,-1.400651741027832031e+01
-1.607461738586425781e+01,-1.246877479553222656e+01,-5.293248653411865234e+00,-1.447387123107910156e+01,-1.404942321777343750e+01
-1.659521293640136719e+01,-1.247651576995849609e+01,-5.280236244201660156e+00,-1.468544387817382812e+01,-1.408763504028320312e+01
-1.705758857727050781e+01,-1.242548942565917969e+01,-5.264017581939697266e+00,-1.483568954467773438e+01,-1.413700485229492188e+01
-1.749500846862792969e+01,-1.231265640258789062e+01,-5.258514404296875000e+00,-1.482264328002929688e+01,-1.424741744995117188e+01
-1.797148323059082031e+01,-1.215734004974365234e+01,-5.249949455261230469e+00,-1.460074234008789062e+01,-1.447996711730957031e+01
-1.836786270141601562e+01,-1.200299453735351562e+01,-5.245215415954589844e+00,-1.434664154052734375e+01,-1.472002983093261719e+01
-1.862969589233398438e+01,-1.187758827209472656e+01,-5.231463432312011719e+00,-1.417410659790039062e+01,-1.488462829589843750e+01
-1.870035362243652344e+01,-1.174291992187500000e+01,-5.220282554626464844e+00,-1.396723556518554688e+01,-1.501178741455078125e+01
-1.869391059875488281e+01,-1.165781593322753906e+01,-5.218622207641601562e+00,-1.371859741210937500e+01,-1.510173034667968750e+01
-1.867581558227539062e+01,-1.163051795959472656e+01,-5.211396217346191406e+00,-1.338645648956298828e+01,-1.511539459228515625e+01
-1.856064987182617188e+01,-1.160995483398437500e+01,-5.211925029754638672e+00,-1.288434410095214844e+01,-1.507320213317871094e+01
-1.828562545776367188e+01,-1.155636215209960938e+01,-5.212565422058105469e+00,-1.217360115051269531e+01,-1.496670722961425781e+01
-1.806384849548339844e+01,-1.149401283264160156e+01,-5.223388671875000000e+00,-1.155023193359375000e+01,-1.480843734741210938e+01
-1.789620208740234375e+01,-1.147307586669921875e+01,-5.232045173645019531e+00,-1.132019996643066406e+01,-1.464984512329101562e+01
-1.751159858703613281e+01,-1.141971111297607422e+01,-5.265864372253417969e+00,-1.112174415588378906e+01,-1.446094512939453125e+01
-1.722947502136230469e+01,-1.144790935516357422e+01,-5.276493549346923828e+00,-1.157416057586669922e+01,-1.422534370422363281e+01
-1.690019226074218750e+01,-1.152445220947265625e+01,-5.275782585144042969e+00,-1.231503486633300781e+01,-1.402194213867187500e+01
-1.646400070190429688e+01,-1.162941932678222656e+01,-5.279717922210693359e+00,-1.305796623229980469e+01,-1.385654640197753906e+01
-1.599209976196289062e+01,-1.170934391021728516e+01,-5.307954788208007812e+00,-1.340386676788330078e+01,-1.370817184448242188e+01
-1.572729778289794922e+01,-1.178120517730712891e+01,-5.312041282653808594e+00,-1.378883743286132812e+01,-1.364302253723144531e+01
-1.546253204345703125e+01,-1.180905532836914062e+01,-5.313899040222167969e+00,-1.414411926269531250e+01,-1.358861732482910156e+01
-1.546220779418945312e+01,-1.181937408447265625e+01,-5.319322586059570312e+00,-1.429390525817871094e+01,-1.365832710266113281e+01
-1.548981761932373047e+01,-1.183063602447509766e+01,-5.315816879272460938e+00,-1.430064105987548828e+01,-1.374037361145019531e+01
-1.568075847625732422e+01,-1.180917739868164062e+01,-5.316504955291748047e+00,-1.415663814544677734e+01,-1.393033218383789062e+01
-1.600227355957031250e+01,-1.173815345764160156e+01,-5.316566944122314453e+00,-1.382824707031250000e+01,-1.420613098144531250e+01
-1.607619094848632812e+01,-1.160347843170166016e+01,-5.309498786926269531e+00,-1.348371410369873047e+01,-1.437485885620117188e+01
-1.600102424621582031e+01,-1.141125488281250000e+01,-5.308076858520507812e+00,-1.289960479736328125e+01,-1.454468345642089844e+01
-1.596142673492431641e+01,-1.115288352966308594e+01,-5.303890228271484375e+00,-1.209822177886962891e+01,-1.468842506408691406e+01
-1.585658359527587891e+01,-1.082219028472900391e+01,-5.306762695312500000e+00,-1.094641494750976562e+01,-1.484794616699218750e+01
-1.562625885009765625e+01,-1.037505340576171875e+01,-5.372197151184082031e+00,-9.159078598022460938e+00,-1.504724121093750000e+01
-1.552694225311279297e+01,-9.958839416503906250e+00,-5.742257118225097656e+00,-7.072373390197753906e+00,-1.536299324035644531e+01
-1.557565307617187500e+01,-9.831994056701660156e+00,-6.792427539825439453e+00,-5.818619728088378906e+00,-1.602322006225585938e+01
-1.596974277496337891e+01,-9.894025802612304688e+00,-8.027272224426269531e+00,-5.511433124542236328e+00,-1.651864242553710938e+01
-1.646808815002441406e+01,-9.998035430908203125e+00,-9.026866912841796875e+00,-5.454461574554443359e+00,-1.666759490966796875e+01
-1.680020332336425781e+01,-1.008560657501220703e+01,-9.694457054138183594e+00,-5.453880310058593750e+00,-1.642315483093261719e+01
-1.731599617004394531e+01,-1.015516757965087891e+01,-1.009269142150878906e+01,-5.456822872161865234e+00,-1.599007225036621094e+01
-1.785237312316894531e+01,-1.020697116851806641e+01,-1.034463024139404297e+01,-5.468264579772949219e+00,-1.551685142517089844e+01
-1.809678649902343750e+01,-1.024100685119628906e+01,-1.058964252471923828e+01,-5.489759445190429688e+00,-1.503838539123535156e+01
-1.810865020751953125e+01,-1.032038593292236328e+01,-1.091312408447265625e+01,-5.490546703338623047e+00,-1.473299789428710938e+01
-1.811045455932617188e+01,-1.041093826293945312e+01,-1.125045585632324219e+01,-5.480835914611816406e+00,-1.461779403686523438e+01
-1.781653594970703125e+01,-1.054210662841796875e+01,-1.160075283050537109e+01,-5.444526195526123047e+00,-1.470088577270507812e+01
-1.719185829162597656e+01,-1.066409778594970703e+01,-1.187904262542724609e+01,-5.396914005279541016e+00,-1.480144500732421875e+01
-1.663139724731445312e+01,-1.085380935668945312e+01,-1.203052997589111328e+01,-5.339964389801025391e+00,-1.486367607116699219e+01
-1.587182807922363281e+01,-1.111305618286132812e+01,-1.213241100311279297e+01,-5.279612541198730469e+00,-1.487112998962402344e+01
-1.601925277709960938e+01,-1.134632110595703125e+01,-1.244416046142578125e+01,-5.270009994506835938e+00,-1.527143859863281250e+01
-1.647181892395019531e+01,-1.151748657226562500e+01,-1.266193866729736328e+01,-5.258429527282714844e+00,-1.566875076293945312e+01
-1.696862411499023438e+01,-1.157448387145996094e+01,-1.281369781494140625e+01,-5.243685245513916016e+00,-1.582419967651367188e+01
-1.714312553405761719e+01,-1.161145401000976562e+01,-1.288328552246093750e+01,-5.236305236816406250e+00,-1.587510108947753906e+01
-1.744440460205078125e+01,-1.160741043090820312e+01,-1.285265159606933594e+01,-5.234277725219726562e+00,-1.583320999145507812e+01
-1.776363563537597656e+01,-1.159114360809326172e+01,-1.281413841247558594e+01,-5.235491275787353516e+00,-1.573930740356445312e+01
-1.802589035034179688e+01,-1.156451988220214844e+01,-1.268349361419677734e+01,-5.238973617553710938e+00,-1.556679916381835938e+01
-1.831170272827148438e+01,-1.152266693115234375e+01,-1.252220249176025391e+01,-5.236822128295898438e+00,-1.527514457702636719e+01
-1.838909530639648438e+01,-1.149224281311035156e+01,-1.239306545257568359e+01,-5.234222888946533203e+00,-1.484132766723632812e+01
-1.760286331176757812e+01,-1.149504661560058594e+01,-1.228342437744140625e+01,-5.231685638427734375e+00,-1.409824943542480469e+01
-1.619493675231933594e+01,-1.144403362274169922e+01,-1.216101455688476562e+01,-5.248377799987792969e+00,-1.305109786987304688e+01
-1.455124092102050781e+01,-1.132211971282958984e+01,-1.205015659332275391e+01,-5.278088092803955078e+00,-1.185906219482421875e+01
-1.341125106811523438e+01,-1.120658874511718750e+01,-1.190954113006591797e+01,-5.297935962677001953e+00,-1.077500152587890625e+01
-1.291330242156982422e+01,-1.111293983459472656e+01,-1.166547393798828125e+01,-5.319121837615966797e+00,-9.771300315856933594e+00
-1.295978355407714844e+01,-1.109781551361083984e+01,-1.149017524719238281e+01,-5.325853347778320312e+00,-9.284439086914062500e+00
-1.359945106506347656e+01,-1.110904121398925781e+01,-1.138768577575683594e+01,-5.349786281585693359e+00,-9.456867218017578125e+00
-1.485222244262695312e+01,-1.111494159698486328e+01,-1.138552761077880859e+01,-5.392579078674316406e+00,-1.011554908752441406e+01
-1.605994415283203125e+01,-1.109703826904296875e+01,-1.142311286926269531e+01,-5.424211502075195312e+00,-1.082207870483398438e+01
-1.698266792297363281e+01,-1.107776641845703125e+01,-1.152334594726562500e+01,-5.444908618927001953e+00,-1.151606845855712891e+01
-1.743573379516601562e+01,-1.108130645751953125e+01,-1.171434307098388672e+01,-5.449363708496093750e+00,-1.213488578796386719e+01
-1.778487396240234375e+01,-1.107215595245361328e+01,-1.189718437194824219e+01,-5.434459209442138672e+00,-1.262527465820312500e+01
-1.799114227294921875e+01,-1.104302692413330078e+01,-1.208204841613769531e+01,-5.429268836975097656e+00,-1.299819374084472656e+01
-1.808762931823730469e+01,-1.101557540893554688e+01,-1.227643394470214844e+01,-5.418351173400878906e+00,-1.331262588500976562e+01
-1.816247177124023438e+01,-1.098826789855957031e+01,-1.242829322814941406e+01,-5.407035350799560547e+00,-1.353456115722656250e+01
-1.804331588745117188e+01,-1.098380756378173828e+01,-1.256276226043701172e+01,-5.395878791809082031e+00,-1.367514228820800781e+01
-1.787778854370117188e+01,-1.101314735412597656e+01,-1.265923690795898438e+01,-5.377705097198486328e+00,-1.376704216003417969e+01
-1.759706497192382812e+01,-1.106003570556640625e+01,-1.271689891815185547e+01,-5.353673934936523438e+00,-1.380276870727539062e+01
-1.729684638977050781e+01,-1.111577033996582031e+01,-1.274948024749755859e+01,-5.331283092498779297e+00,-1.374577903747558594e+01
-1.692874908447265625e+01,-1.117870521545410156e+01,-1.277773284912109375e+01,-5.312248229980468750e+00,-1.363266372680664062e+01
-1.641492843627929688e+01,-1.124219703674316406e+01,-1.277292251586914062e+01,-5.285309314727783203e+00,-1.346562576293945312e+01
-1.558139038085937500e+01,-1.126471233367919922e+01,-1.269732284545898438e+01,-5.268554687500000000e+00,-1.317888069152832031e+01
-1.428177261352539062e+01,-1.127947425842285156e+01,-1.265487289428710938e+01,-5.267426490783691406e+00,-1.274800872802734375e+01
-1.212626934051513672e+01,-1.130098915100097656e+01,-1.259432888031005859e+01,-5.262902259826660156e+00,-1.218939590454101562e+01
-1.058498764038085938e+01,-1.127681922912597656e+01,-1.237399101257324219e+01,-5.256564140319824219e+00,-1.142059993743896484e+01
-1.042098426818847656e+01,-1.132574462890625000e+01,-1.207856273651123047e+01,-5.235703945159912109e+00,-1.090419387817382812e+01
-1.137763786315917969e+01,-1.133788681030273438e+01,-1.170556545257568359e+01,-5.249289035797119141e+00,-1.065562438964843750e+01
-1.284119987487792969e+01,-1.135669708251953125e+01,-1.134882545471191406e+01,-5.266390800476074219e+00,-1.075965118408203125e+01
-1.449473381042480469e+01,-1.138615417480468750e+01,-1.109894561767578125e+01,-5.295713901519775391e+00,-1.111981773376464844e+01
-1.606035995483398438e+01,-1.140296745300292969e+01,-1.092012405395507812e+01,-5.328330516815185547e+00,-1.156426620483398438e+01
-1.724871253967285156e+01,-1.141940307617187500e+01,-1.086612701416015625e+01,-5.352461814880371094e+00,-1.201465225219726562e+01
-1.812761116027832031e+01,-1.142928123474121094e+01,-1.098526859283447266e+01,-5.344883918762207031e+00,-1.252927017211914062e+01
-1.829872131347656250e+01,-1.148213195800781250e+01,-1.124891662597656250e+01,-5.321919441223144531e+00,-1.291523170471191406e+01
-1.761465072631835938e+01,-1.160411167144775391e+01,-1.168759155273437500e+01,-5.284668922424316406e+00,-1.322930145263671875e+01
-1.646988868713378906e+01,-1.172740268707275391e+01,-1.220958900451660156e+01,-5.244329452514648438e+00,-1.345793533325195312e+01
-1.540073204040527344e+01,-1.185203742980957031e+01,-1.266769409179687500e+01,-5.202107429504394531e+00,-1.362517356872558594e+01
-1.453968715667724609e+01,-1.189993190765380859e+01,-1.294198799133300781e+01,-5.175980567932128906e+00,-1.354487037658691406e+01
-1.378938102722167969e+01,-1.191581630706787109e+01,-1.303600502014160156e+01,-5.157766342163085938e+00,-1.324760055541992188e+01
-1.357977390289306641e+01,-1.191718292236328125e+01,-1.300873851776123047e+01,-5.139914512634277344e+00,-1.297381210327148438e+01
-1.342156410217285156e+01,-1.188498687744140625e+01,-1.291111946105957031e+01,-5.152670860290527344e+00,-1.263685417175292969e+01
-1.372409629821777344e+01,-1.185699558258056641e+01,-1.276297855377197266e+01,-5.151821613311767578e+00,-1.251698303222656250e+01
-1.391655158996582031e+01,-1.186860275268554688e+01,-1.265886592864990234e+01,-5.161098957061767578e+00,-1.255819320678710938e+01
-1.440979671478271484e+01,-1.191694545745849609e+01,-1.263961696624755859e+01,-5.164678096771240234e+00,-1.287707901000976562e+01
-1.477449417114257812e+01,-1.198312187194824219e+01,-1.272650146484375000e+01,-5.166100502014160156e+00,-1.343208503723144531e+01
-1.474006748199462891e+01,-1.205557155609130859e+01,-1.285417652130126953e+01,-5.154179096221923828e+00,-1.394606018066406250e+01
-1.491589927673339844e+01,-1.210617351531982422e+01,-1.300757408142089844e+01,-5.139864921569824219e+00,-1.445696640014648438e+01
-1.515969276428222656e+01,-1.207866477966308594e+01,-1.311374092102050781e+01,-5.136401176452636719e+00,-1.478248786926269531e+01
-1.538411521911621094e+01,-1.203942394256591797e+01,-1.333669948577880859e+01,-5.126653671264648438e+00,-1.505514526367187500e+01
-1.550200271606445312e+01,-1.201622962951660156e+01,-1.353328609466552734e+01,-5.115210056304931641e+00,-1.519652557373046875e+01
-1.571391868591308594e+01,-1.200228023529052734e+01,-1.359852790832519531e+01,-5.101788043975830078e+00,-1.514241600036621094e+01
-1.604755592346191406e+01,-1.196845912933349609e+01,-1.355805301666259766e+01,-5.096561431884765625e+00,-1.494321441650390625e+01
-1.619850921630859375e+01,-1.194105720520019531e+01,-1.351396274566650391e+01,-5.098290443420410156e+00,-1.475935554504394531e+01
-1.635664176940917969e+01,-1.193061637878417969e+01,-1.341737842559814453e+01,-5.105811119079589844e+00,-1.457958030700683594e+01
-1.635003852844238281e+01,-1.196926689147949219e+01,-1.335489082336425781e+01,-5.118097782135009766e+00,-1.442172431945800781e+01
-1.609614562988281250e+01,-1.199438381195068359e+01,-1.355875110626220703e+01,-5.130952835083007812e+00,-1.455288314819335938e+01
-1.591802120208740234e+01,-1.201696491241455078e+01,-1.383416843414306641e+01,-5.116685390472412109e+00,-1.477164459228515625e+01
-1.624880981445312500e+01,-1.206122684478759766e+01,-1.389455699920654297e+01,-5.095976352691650391e+00,-1.488570213317871094e+01
-1.672673034667968750e+01,-1.205599021911621094e+01,-1.392084121704101562e+01,-5.094927787780761719e+00,-1.496339225769042969e+01
-1.687969779968261719e+01,-1.203716278076171875e+01,-1.396677970886230469e+01,-5.090662956237792969e+00,-1.498163795471191406e+01
-1.677654838562011719e+01,-1.204772090911865234e+01,-1.402466869354248047e+01,-5.082980632781982422e+00,-1.498357009887695312e+01
-1.640839767456054688e+01,-1.206561183929443359e+01,-1.399300765991210938e+01,-5.069412708282470703e+00,-1.480125617980957031e+01
-1.569826889038085938e+01,-1.214264106750488281e+01,-1.412415695190429688e+01,-5.063482284545898438e+00,-1.483222579956054688e+01
-1.505211162567138672e+01,-1.209710979461669922e+01,-1.411802387237548828e+01,-5.047079086303710938e+00,-1.461573028564453125e+01
-1.503367328643798828e+01,-1.195903968811035156e+01,-1.395263385772705078e+01,-5.060050964355468750e+00,-1.423701095581054688e+01
-1.553343296051025391e+01,-1.176796054840087891e+01,-1.373710918426513672e+01,-5.100742340087890625e+00,-1.382504844665527344e+01
-1.619208335876464844e+01,-1.158558082580566406e+01,-1.357715129852294922e+01,-5.151276588439941406e+00,-1.353133773803710938e+01
-1.694784927368164062e+01,-1.144943714141845703e+01,-1.351264953613281250e+01,-5.189912796020507812e+00,-1.346795654296875000e+01
-1.750442504882812500e+01,-1.145183944702148438e+01,-1.360053634643554688e+01,-5.200501918792724609e+00,-1.367445564270019531e+01
-1.756631851196289062e+01,-1.146505165100097656e+01,-1.369435787200927734e+01,-5.185931682586669922e+00,-1.381295585632324219e+01
-1.740760421752929688e+01,-1.145883750915527344e+01,-1.376822757720947266e+01,-5.177232742309570312e+00,-1.390193748474121094e+01
-1.745770454406738281e+01,-1.140645027160644531e+01,-1.378322792053222656e+01,-5.184123039245605469e+00,-1.391703605651855469e+01
-1.755946922302246094e+01,-1.133115768432617188e+01,-1.380658817291259766e+01,-5.194622993469238281e+00,-1.387812614440917969e+01
-1.766859436035156250e+01,-1.125639533996582031e+01,-1.382491493225097656e+01,-5.211194992065429688e+00,-1.379766082763671875e+01
-1.772968101501464844e+01,-1.123865795135498047e+01,-1.385843467712402344e+01,-5.215934753417968750e+00,-1.375513839721679688e+01
-1.775411033630371094e+01,-1.129663467407226562e+01,-1.392361450195312500e+01,-5.201110839843750000e+00,-1.390393257141113281e+01
-1.780157470703125000e+01,-1.136645507812500000e+01,-1.404614067077636719e+01,-5.186672210693359375e+00,-1.411468124389648438e+01
-1.768434143066406250e+01,-1.147934436798095703e+01,-1.416816139221191406e+01,-5.161148548126220703e+00,-1.437089729309082031e+01
-1.756996726989746094e+01,-1.158991336822509766e+01,-1.425956726074218750e+01,-5.133354663848876953e+00,-1.459567070007324219e+01
-1.749283218383789062e+01,-1.169473743438720703e+01,-1.435154056549072266e+01,-5.110564231872558594e+00,-1.480044555664062500e+01
-1.739793968200683594e+01,-1.178981876373291016e+01,-1.442880439758300781e+01,-5.088109970092773438e+00,-1.493725395202636719e+01
-1.724237251281738281e+01,-1.189285659790039062e+01,-1.443513870239257812e+01,-5.062314987182617188e+00,-1.496130371093750000e+01
-1.680279731750488281e+01,-1.203408241271972656e+01,-1.450779151916503906e+01,-5.049558639526367188e+00,-1.504959487915039062e+01
-1.649062728881835938e+01,-1.202725028991699219e+01,-1.445991039276123047e+01,-5.047111511230468750e+00,-1.496767234802246094e+01
-1.640185928344726562e+01,-1.205618476867675781e+01,-1.435561752319335938e+01,-5.058747291564941406e+00,-1.487340927124023438e+01
-1.631348228454589844e+01,-1.204699230194091797e+01,-1.418365097045898438e+01,-5.072447299957275391e+00,-1.458623123168945312e+01
-1.636062240600585938e+01,-1.200385093688964844e+01,-1.399022293090820312e+01,-5.101503849029541016e+00,-1.422885322570800781e+01
-1.661622619628906250e+01,-1.193424129486083984e+01,-1.378756618499755859e+01,-5.138417243957519531e+00,-1.385560798645019531e+01
-1.663149833679199219e+01,-1.185432243347167969e+01,-1.358816051483154297e+01,-5.171283245086669922e+00,-1.347293853759765625e+01
-1.650669479370117188e+01,-1.177356243133544922e+01,-1.338011264801025391e+01,-5.198827743530273438e+00,-1.305725860595703125e+01
-1.650032043457031250e+01,-1.167161083221435547e+01,-1.309999847412109375e+01,-5.224855899810791016e+00,-1.257182693481445312e+01
-1.617664337158203125e+01,-1.164120292663574219e+01,-1.295788288116455078e+01,-5.245156764984130859e+00,-1.220796108245849609e+01
-1.577184677124023438e+01,-1.162893104553222656e+01,-1.291708755493164062e+01,-5.244289398193359375e+00,-1.204091072082519531e+01
-1.531307029724121094e+01,-1.157787704467773438e+01,-1.304756355285644531e+01,-5.247975349426269531e+00,-1.213459014892578125e+01
-1.490047740936279297e+01,-1.155112075805664062e+01,-1.325472068786621094e+01,-5.237580776214599609e+00,-1.236462020874023438e+01
-1.513391876220703125e+01,-1.157600498199462891e+01,-1.344844436645507812e+01,-5.219232082366943359e+00,-1.272675704956054688e+01
-1.538641166687011719e+01,-1.163131904602050781e+01,-1.364681053161621094e+01,-5.190776824951171875e+00,-1.311884117126464844e+01
-1.576132297515869141e+01,-1.171765613555908203e+01,-1.384849834442138672e+01,-5.172153472900390625e+00,-1.355548667907714844e+01
-1.623387527465820312e+01,-1.181390953063964844e+01,-1.400364398956298828e+01,-5.163201332092285156e+00,-1.396410560607910156e+01
-1.657778167724609375e+01,-1.192532253265380859e+01,-1.411918830871582031e+01,-5.150249481201171875e+00,-1.433687210083007812e+01
-1.667891502380371094e+01,-1.204020023345947266e+01,-1.415384769439697266e+01,-5.117930889129638672e+00,-1.456192207336425781e+01
-1.601019096374511719e+01,-1.211889076232910156e+01,-1.417087841033935547e+01,-5.080076217651367188e+00,-1.461599159240722656e+01
-1.509315681457519531e+01,-1.208406066894531250e+01,-1.413742542266845703e+01,-5.064343452453613281e+00,-1.445509719848632812e+01
-1.471446514129638672e+01,-1.195752811431884766e+01,-1.391104125976562500e+01,-5.072784423828125000e+00,-1.406859207153320312e+01
-1.487634372711181641e+01,-1.177980422973632812e+01,-1.362442493438720703e+01,-5.096432685852050781e+00,-1.357518005371093750e+01
-1.535735988616943359e+01,-1.157311439514160156e+01,-1.331621074676513672e+01,-5.139364242553710938e+00,-1.306420516967773438e+01
-1.587110328674316406e+01,-1.139326572418212891e+01,-1.308048248291015625e+01,-5.176533699035644531e+00,-1.268776893615722656e+01
-1.635608291625976562e+01,-1.126417350769042969e+01,-1.296659946441650391e+01,-5.208918571472167969e+00,-1.253845787048339844e+01
-1.676738166809082031e+01,-1.117738056182861328e+01,-1.288673400878906250e+01,-5.234875679016113281e+00,-1.246552467346191406e+01
-1.712991714477539062e+01,-1.112593078613281250e+01,-1.289267349243164062e+01,-5.248236656188964844e+00,-1.256183052062988281e+01
-1.735437202453613281e+01,-1.115150070190429688e+01,-1.295984268188476562e+01,-5.236647605895996094e+00,-1.286079978942871094e+01
-1.743277549743652344e+01,-1.123707199096679688e+01,-1.307090187072753906e+01,-5.216577529907226562e+00,-1.323980140686035156e+01
-1.739859008789062500e+01,-1.134854030609130859e+01,-1.316716194152832031e+01,-5.189763069152832031e+00,-1.359613418579101562e+01
-1.733668899536132812e+01,-1.146963882446289062e+01,-1.327455806732177734e+01,-5.164971828460693359e+00,-1.391130065917968750e+01
-1.726369476318359375e+01,-1.161285018920898438e+01,-1.341505908966064453e+01,-5.145419120788574219e+00,-1.423630523681640625e+01
-1.719442176818847656e+01,-1.172395229339599609e+01,-1.348490047454833984e+01,-5.122030735015869141e+00,-1.437801361083984375e+01
-1.715144348144531250e+01,-1.182363891601562500e+01,-1.345835971832275391e+01,-5.107234477996826172e+00,-1.432032966613769531e+01
-1.716330718994140625e+01,-1.193842315673828125e+01,-1.356603908538818359e+01,-5.132757186889648438e+00,-1.439421653747558594e+01
-1.725298309326171875e+01,-1.196390342712402344e+01,-1.356348037719726562e+01,-5.141760349273681641e+00,-1.435400962829589844e+01
-1.747973060607910156e+01,-1.194056510925292969e+01,-1.355758762359619141e+01,-5.158813476562500000e+00,-1.432215690612792969e+01
-1.786468124389648438e+01,-1.191250801086425781e+01,-1.353020572662353516e+01,-5.182342529296875000e+00,-1.428742408752441406e+01
-1.796479034423828125e+01,-1.189279556274414062e+01,-1.343361568450927734e+01,-5.205563068389892578e+00,-1.405090904235839844e+01
-1.784556961059570312e+01,-1.186825561523437500e+01,-1.329834079742431641e+01,-5.229613780975341797e+00,-1.369193649291992188e+01
-1.763303947448730469e+01,-1.181239509582519531e+01,-1.304759883880615234e+01,-5.248612880706787109e+00,-1.313774490356445312e+01
-1.720505714416503906e+01,-1.175362205505371094e+01,-1.271864318847656250e+01,-5.274095058441162109e+00,-1.234203147888183594e+01
-1.631007957458496094e+01,-1.175653171539306641e+01,-1.246308803558349609e+01,-5.284112930297851562e+00,-1.144764041900634766e+01
-1.567701148986816406e+01,-1.178906059265136719e+01,-1.226005840301513672e+01,-5.271028518676757812e+00,-1.068542957305908203e+01
-1.529364109039306641e+01,-1.189341831207275391e+01,-1.225468063354492188e+01,-5.261148452758789062e+00,-1.047410964965820312e+01
-1.476819992065429688e+01,-1.203336048126220703e+01,-1.249693775177001953e+01,-5.251737594604492188e+00,-1.094487190246582031e+01
-1.434026050567626953e+01,-1.218908405303955078e+01,-1.286333560943603516e+01,-5.228421211242675781e+00,-1.183234596252441406e+01
-1.436674785614013672e+01,-1.230300235748291016e+01,-1.317248916625976562e+01,-5.194142818450927734e+00,-1.272727584838867188e+01
-1.451842594146728516e+01,-1.233394813537597656e+01,-1.336959362030029297e+01,-5.158055305480957031e+00,-1.337166023254394531e+01
-1.480003356933593750e+01,-1.231274223327636719e+01,-1.348275375366210938e+01,-5.124504089355468750e+00,-1.377635574340820312e+01
-1.513108253479003906e+01,-1.227406883239746094e+01,-1.351394844055175781e+01,-5.098629474639892578e+00,-1.395977401733398438e+01
-1.522605800628662109e+01,-1.222231006622314453e+01,-1.346147060394287109e+01,-5.084895133972167969e+00,-1.387251663208007812e+01
-1.543877601623535156e+01,-1.219362258911132812e+01,-1.331762218475341797e+01,-5.079520702362060547e+00,-1.363245201110839844e+01
-1.557319450378417969e+01,-1.217493438720703125e+01,-1.314020252227783203e+01,-5.080199241638183594e+00,-1.332908439636230469e+01
-1.574573040008544922e+01,-1.210822582244873047e+01,-1.291262626647949219e+01,-5.096280097961425781e+00,-1.287281990051269531e+01
-1.598085117340087891e+01,-1.203021049499511719e+01,-1.266574859619140625e+01,-5.112483978271484375e+00,-1.245593833923339844e+01
-1.615367698669433594e+01,-1.195142173767089844e+01,-1.243849468231201172e+01,-5.131901264190673828e+00,-1.210803413391113281e+01
-1.628295516967773438e+01,-1.185733413696289062e+01,-1.221686458587646484e+01,-5.159694194793701172e+00,-1.169222450256347656e+01
-1.646416473388671875e+01,-1.180883789062500000e+01,-1.205437278747558594e+01,-5.182904243469238281e+00,-1.135463333129882812e+01
-1.657503318786621094e+01,-1.185853290557861328e+01,-1.196612739562988281e+01,-5.181557655334472656e+00,-1.124213409423828125e+01
-1.647375679016113281e+01,-1.195055675506591797e+01,-1.201438522338867188e+01,-5.173596382141113281e+00,-1.130519294738769531e+01
-1.654468536376953125e+01,-1.200812435150146484e+01,-1.217613410949707031e+01,-5.193743228912353516e+00,-1.147216987609863281e+01
-1.664791297912597656e+01,-1.200948715209960938e+01,-1.225298118591308594e+01,-5.207660675048828125e+00,-1.155528068542480469e+01
-1.671039581298828125e+01,-1.198335075378417969e+01,-1.219734573364257812e+01,-5.216036319732666016e+00,-1.147998619079589844e+01
-1.713136482238769531e+01,-1.195724296569824219e+01,-1.208914184570312500e+01,-5.253338813781738281e+00,-1.145706939697265625e+01
-1.736303710937500000e+01,-1.193345069885253906e+01,-1.196171760559082031e+01,-5.289678096771240234e+00,-1.131581115722656250e+01
-1.773509025573730469e+01,-1.183837604522705078e+01,-1.177554512023925781e+01,-5.327460289001464844e+00,-1.111884880065917969e+01
-1.786344718933105469e+01,-1.175162124633789062e+01,-1.172038841247558594e+01,-5.342633247375488281e+00,-1.108109283447265625e+01
-1.805473709106445312e+01,-1.164486122131347656e+01,-1.164140319824218750e+01,-5.371998786926269531e+00,-1.106171417236328125e+01
-1.806573677062988281e+01,-1.155090141296386719e+01,-1.157609939575195312e+01,-5.392469406127929688e+00,-1.098231697082519531e+01
-1.755845260620117188e+01,-1.148269081115722656e+01,-1.148550319671630859e+01,-5.412527084350585938e+00,-1.065347957611083984e+01
-1.673936080932617188e+01,-1.149117374420166016e+01,-1.138870811462402344e+01,-5.405896663665771484e+00,-1.012512207031250000e+01
-1.605302619934082031e+01,-1.155492687225341797e+01,-1.134951591491699219e+01,-5.374821662902832031e+00,-9.624766349792480469e+00
-1.552416896820068359e+01,-1.166138172149658203e+01,-1.133465385437011719e+01,-5.342934131622314453e+00,-9.225262641906738281e+00
-1.499180412292480469e+01,-1.178527450561523438e+01,-1.133819103240966797e+01,-5.326267242431640625e+00,-8.950775146484375000e+00
-1.471693897247314453e+01,-1.188229656219482422e+01,-1.133421707153320312e+01,-5.316627025604248047e+00,-8.783103942871093750e+00
-1.442584133148193359e+01,-1.191773414611816406e+01,-1.125941658020019531e+01,-5.332094192504882812e+00,-8.510751724243164062e+00
-1.401045894622802734e+01,-1.191058158874511719e+01,-1.110839843750000000e+01,-5.357963562011718750e+00,-8.103069305419921875e+00
-1.361964702606201172e+01,-1.179596805572509766e+01,-1.083665847778320312e+01,-5.427983283996582031e+00,-7.477844715118408203e+00
-1.348285579681396484e+01,-1.163094520568847656e+01,-1.050570487976074219e+01,-5.522871494293212891e+00,-6.856741428375244141e+00
-1.331559085845947266e+01,-1.150022506713867188e+01,-1.022477149963378906e+01,-5.674705982208251953e+00,-6.273968219757080078e+00
-1.296396064758300781e+01,-1.138893699645996094e+01,-9.991305351257324219e+00,-6.006155014038085938e+00,-5.632518291473388672e+00
-1.258094787597656250e+01,-1.135501861572265625e+01,-9.866331100463867188e+00,-6.480868816375732422e+00,-5.168380260467529297e+00
-1.225375938415527344e+01,-1.148705673217773438e+01,-9.772903442382812500e+00,-7.227266311645507812e+00,-4.826840877532958984e+00
-1.211637306213378906e+01,-1.175602531433105469e+01,-9.760117530822753906e+00,-8.082406044006347656e+00,-4.688417911529541016e+00
-1.210544967651367188e+01,-1.208871173858642578e+01,-9.774068832397460938e+00,-9.003827095031738281e+00,-4.649761676788330078e+00
-1.193659400939941406e+01,-1.245091819763183594e+01,-9.815600395202636719e+00,-9.791410446166992188e+00,-4.606579303741455078e+00
-1.174419021606445312e+01,-1.275742149353027344e+01,-9.877260208129882812e+00,-1.048732566833496094e+01,-4.569790363311767578e+00
-1.140774345397949219e+01,-1.296070194244384766e+01,-9.972373962402343750e+00,-1.092566299438476562e+01,-4.540003299713134766e+00
-1.085309410095214844e+01,-1.309068679809570312e+01,-1.009204006195068359e+01,-1.116656684875488281e+01,-4.507928371429443359e+00
-1.058160400390625000e+01,-1.317214012145996094e+01,-1.019085693359375000e+01,-1.134513664245605469e+01,-4.468609333038330078e+00
-1.061606121063232422e+01,-1.322710704803466797e+01,-1.023655223846435547e+01,-1.145036029815673828e+01,-4.459947109222412109e+00
-1.075382137298583984e+01,-1.323959064483642578e+01,-1.026492977142333984e+01,-1.146715354919433594e+01,-4.455313205718994141e+00
-1.099102210998535156e+01,-1.324726772308349609e+01,-1.027048492431640625e+01,-1.158873081207275391e+01,-4.457862377166748047e+00
-1.128414344787597656e+01,-1.323678112030029297e+01,-1.026568031311035156e+01,-1.172413825988769531e+01,-4.464759349822998047e+00
-1.143969058990478516e+01,-1.323042869567871094e+01,-1.026098442077636719e+01,-1.192150974273681641e+01,-4.462508678436279297e+00
-1.144688415527343750e+01,-1.323399734497070312e+01,-1.025325775146484375e+01,-1.194724369049072266e+01,-4.462201595306396484e+00
-1.146793174743652344e+01,-1.321984386444091797e+01,-1.025924301147460938e+01,-1.185776329040527344e+01,-4.453456401824951172e+00
-1.138251495361328125e+01,-1.317691040039062500e+01,-1.028471469879150391e+01,-1.167077255249023438e+01,-4.429834842681884766e+00
-1.126301002502441406e+01,-1.314497375488281250e+01,-1.029846763610839844e+01,-1.143412780761718750e+01,-4.407685756683349609e+00
-1.099414253234863281e+01,-1.319458961486816406e+01,-1.026672554016113281e+01,-1.124007415771484375e+01,-4.378270626068115234e+00
-1.083122444152832031e+01,-1.320867633819580078e+01,-1.030122661590576172e+01,-1.130472183227539062e+01,-4.356753826141357422e+00
-1.073544692993164062e+01,-1.318243503570556641e+01,-1.039900779724121094e+01,-1.178369331359863281e+01,-4.349470615386962891e+00
-1.062197113037109375e+01,-1.314770698547363281e+01,-1.052118873596191406e+01,-1.233028602600097656e+01,-4.354299068450927734e+00
-1.049076080322265625e+01,-1.311419010162353516e+01,-1.066286563873291016e+01,-1.286864089965820312e+01,-4.342021465301513672e+00
-1.036859321594238281e+01,-1.306094455718994141e+01,-1.080913925170898438e+01,-1.334961605072021484e+01,-4.335365772247314453e+00
-1.015771865844726562e+01,-1.300650501251220703e+01,-1.094773292541503906e+01,-1.365931034088134766e+01,-4.337927341461181641e+00
-9.977544784545898438e+00,-1.296228408813476562e+01,-1.107536697387695312e+01,-1.388928604125976562e+01,-4.336553096771240234e+00
-9.862698554992675781e+00,-1.297161769866943359e+01,-1.117245388031005859e+01,-1.401871109008789062e+01,-4.327182292938232422e+00
-9.834001541137695312e+00,-1.298507404327392578e+01,-1.124365043640136719e+01,-1.411935043334960938e+01,-4.325683116912841797e+00
-9.865756988525390625e+00,-1.300712871551513672e+01,-1.128079700469970703e+01,-1.414609336853027344e+01,-4.332711696624755859e+00
-9.972023010253906250e+00,-1.305897140502929688e+01,-1.127773094177246094e+01,-1.423941230773925781e+01,-4.336846828460693359e+00
-9.913729667663574219e+00,-1.310555171966552734e+01,-1.129559516906738281e+01,-1.433459472656250000e+01,-4.321515560150146484e+00
-9.806098937988281250e+00,-1.313834095001220703e+01,-1.133743190765380859e+01,-1.447398471832275391e+01,-4.308442592620849609e+00
-9.535082817077636719e+00,-1.315070915222167969e+01,-1.140956020355224609e+01,-1.456407165527343750e+01,-4.301314830780029297e+00
-9.110485076904296875e+00,-1.317600917816162109e+01,-1.147754287719726562e+01,-1.454365348815917969e+01,-4.306731700897216797e+00
-8.626677513122558594e+00,-1.317735195159912109e+01,-1.155957221984863281e+01,-1.442967987060546875e+01,-4.312665462493896484e+00
-8.184661865234375000e+00,-1.318413066864013672e+01,-1.162454128265380859e+01,-1.423545742034912109e+01,-4.316660404205322266e+00
-7.869385242462158203e+00,-1.318815803527832031e+01,-1.167259216308593750e+01,-1.406866073608398438e+01,-4.311190128326416016e+00
-8.150569915771484375e+00,-1.318993949890136719e+01,-1.170988368988037109e+01,-1.414525222778320312e+01,-4.291462421417236328e+00
-8.651424407958984375e+00,-1.314883899688720703e+01,-1.173869037628173828e+01,-1.436708831787109375e+01,-4.277886867523193359e+00
-9.280965805053710938e+00,-1.310949897766113281e+01,-1.169681549072265625e+01,-1.467222976684570312e+01,-4.283277034759521484e+00
-9.793407440185546875e+00,-1.305553150177001953e+01,-1.162874794006347656e+01,-1.492390251159667969e+01,-4.297748088836669922e+00
-1.016789436340332031e+01,-1.300326919555664062e+01,-1.155723190307617188e+01,-1.507140064239501953e+01,-4.306195735931396484e+00
-1.034987354278564453e+01,-1.296756839752197266e+01,-1.150689792633056641e+01,-1.515679168701171875e+01,-4.304560184478759766e+00
-1.038647842407226562e+01,-1.291048145294189453e+01,-1.148598384857177734e+01,-1.519805717468261719e+01,-4.308841228485107422e+00
-1.033792495727539062e+01,-1.282400989532470703e+01,-1.150282192230224609e+01,-1.517457103729248047e+01,-4.315433025360107422e+00
-1.018564891815185547e+01,-1.277070903778076172e+01,-1.154167270660400391e+01,-1.509953689575195312e+01,-4.322354793548583984e+00
-1.003303146362304688e+01,-1.279251670837402344e+01,-1.156206226348876953e+01,-1.502195930480957031e+01,-4.325643062591552734e+00
-9.944065093994140625e+00,-1.282115840911865234e+01,-1.157922649383544922e+01,-1.490381717681884766e+01,-4.327347278594970703e+00
-9.975860595703125000e+00,-1.291634845733642578e+01,-1.154732131958007812e+01,-1.490276050567626953e+01,-4.320732593536376953e+00
-9.912384033203125000e+00,-1.295355129241943359e+01,-1.153458023071289062e+01,-1.490297317504882812e+01,-4.314475536346435547e+00
-9.837631225585937500e+00,-1.298969650268554688e+01,-1.151536941528320312e+01,-1.488545703887939453e+01,-4.327299594879150391e+00
-9.655964851379394531e+00,-1.302482318878173828e+01,-1.150874519348144531e+01,-1.481619453430175781e+01,-4.332619190216064453e+00
-9.293336868286132812e+00,-1.306484603881835938e+01,-1.152989101409912109e+01,-1.469925880432128906e+01,-4.328412532806396484e+00
-8.604949951171875000e+00,-1.305250835418701172e+01,-1.164311408996582031e+01,-1.446106719970703125e+01,-4.319888591766357422e+00
-8.116119384765625000e+00,-1.302389430999755859e+01,-1.175152778625488281e+01,-1.440125846862792969e+01,-4.309237957000732422e+00
-7.688966274261474609e+00,-1.297702503204345703e+01,-1.184632682800292969e+01,-1.434992122650146484e+01,-4.302636623382568359e+00
-6.835694789886474609e+00,-1.293249893188476562e+01,-1.195331573486328125e+01,-1.405554962158203125e+01,-4.324646472930908203e+00
-6.993865489959716797e+00,-1.290287303924560547e+01,-1.196722984313964844e+01,-1.403361129760742188e+01,-4.323532581329345703e+00
-7.000031948089599609e+00,-1.288358592987060547e+01,-1.196568107604980469e+01,-1.398189163208007812e+01,-4.331670284271240234e+00
-6.563149929046630859e+00,-1.284628963470458984e+01,-1.201366233825683594e+01,-1.374188709259033203e+01,-4.340005397796630859e+00
-6.746264934539794922e+00,-1.284461021423339844e+01,-1.198241615295410156e+01,-1.376663112640380859e+01,-4.332077503204345703e+00
-6.709537029266357422e+00,-1.283945083618164062e+01,-1.196654129028320312e+01,-1.379598236083984375e+01,-4.330275058746337891e+00
-6.506970882415771484e+00,-1.280576515197753906e+01,-1.200206851959228516e+01,-1.365031051635742188e+01,-4.333412647247314453e+00
-6.300817012786865234e+00,-1.278743839263916016e+01,-1.199782085418701172e+01,-1.364508628845214844e+01,-4.301331996917724609e+00
-6.263572216033935547e+00,-1.275325679779052734e+01,-1.202261161804199219e+01,-1.355315589904785156e+01,-4.293744564056396484e+00
-6.339976787567138672e+00,-1.276836776733398438e+01,-1.199041748046875000e+01,-1.358369636535644531e+01,-4.289182186126708984e+00
-6.678594112396240234e+00,-1.279137611389160156e+01,-1.199027156829833984e+01,-1.391526508331298828e+01,-4.276335239410400391e+00
-6.992968082427978516e+00,-1.278638172149658203e+01,-1.200304412841796875e+01,-1.422716236114501953e+01,-4.281676769256591797e+00
-7.034972667694091797e+00,-1.274180603027343750e+01,-1.203559207916259766e+01,-1.434359359741210938e+01,-4.290782451629638672e+00
-6.892850399017333984e+00,-1.269863510131835938e+01,-1.206471443176269531e+01,-1.434448814392089844e+01,-4.299276828765869141e+00
-6.787673473358154297e+00,-1.263227462768554688e+01,-1.210213947296142578e+01,-1.431932449340820312e+01,-4.301798343658447266e+00
-6.533561229705810547e+00,-1.257655143737792969e+01,-1.212118339538574219e+01,-1.416490554809570312e+01,-4.289542675018310547e+00
-5.977181911468505859e+00,-1.252430820465087891e+01,-1.213032150268554688e+01,-1.388859748840332031e+01,-4.275304317474365234e+00
-5.371980190277099609e+00,-1.247689342498779297e+01,-1.213408088684082031e+01,-1.359109306335449219e+01,-4.262246608734130859e+00
-4.781749248504638672e+00,-1.246703624725341797e+01,-1.212126255035400391e+01,-1.330656814575195312e+01,-4.256892681121826172e+00
-4.781033992767333984e+00,-1.246821403503417969e+01,-1.213164234161376953e+01,-1.318955993652343750e+01,-4.255867481231689453e+00
-4.090209484100341797e+00,-1.248641014099121094e+01,-1.209881210327148438e+01,-1.282647132873535156e+01,-4.242765903472900391e+00
-6.730223447084426880e-02,-1.238194084167480469e+01,-1.221012878417968750e+01,-1.241637420654296875e+01,-4.718473911285400391e+00
