-8.211556434631347656e+00,-5.510047912597656250e+00,-9.102241516113281250e+00,-5.410153865814208984e+00,-5.237172126770019531e+00
-8.022705078125000000e+00,-5.321733474731445312e+00,-9.518967628479003906e+00,-5.990978240966796875e+00,-5.485866546630859375e+00
-8.861592292785644531e+00,-5.186322689056396484e+00,-1.018417358398437500e+01,-6.763195037841796875e+00,-5.991847038269042969e+00
-1.012771987915039062e+01,-5.150637626647949219e+00,-1.087868118286132812e+01,-7.514492988586425781e+00,-6.569812774658203125e+00
-1.110073947906494141e+01,-5.172059059143066406e+00,-1.158277893066406250e+01,-8.078395843505859375e+00,-7.097934246063232422e+00
-1.145998668670654297e+01,-5.197359561920166016e+00,-1.246481704711914062e+01,-8.355925559997558594e+00,-7.509279251098632812e+00
-1.134707164764404297e+01,-5.216172695159912109e+00,-1.320403385162353516e+01,-8.451795578002929688e+00,-7.703007698059082031e+00
-1.107263755798339844e+01,-5.225544452667236328e+00,-1.377983093261718750e+01,-8.470408439636230469e+00,-7.761113643646240234e+00
-1.082941818237304688e+01,-5.231861114501953125e+00,-1.416796588897705078e+01,-8.503221511840820312e+00,-7.756414890289306641e+00
-1.060204792022705078e+01,-5.234570980072021484e+00,-1.441176509857177734e+01,-8.564268112182617188e+00,-7.695967674255371094e+00
-1.047790622711181641e+01,-5.238590717315673828e+00,-1.453443622589111328e+01,-8.667716979980468750e+00,-7.623056411743164062e+00
-1.041918373107910156e+01,-5.243921756744384766e+00,-1.460088062286376953e+01,-8.822682380676269531e+00,-7.560934066772460938e+00
-1.038552665710449219e+01,-5.250403881072998047e+00,-1.459338283538818359e+01,-8.984141349792480469e+00,-7.502472400665283203e+00
-1.034639358520507812e+01,-5.261917114257812500e+00,-1.453490352630615234e+01,-9.145559310913085938e+00,-7.456670761108398438e+00
-1.045003986358642578e+01,-5.276483058929443359e+00,-1.447755622863769531e+01,-9.307481765747070312e+00,-7.428226947784423828e+00
-1.054381465911865234e+01,-5.279688358306884766e+00,-1.448553276062011719e+01,-9.400255203247070312e+00,-7.445484161376953125e+00
-1.059827423095703125e+01,-5.279234886169433594e+00,-1.451400470733642578e+01,-9.435111999511718750e+00,-7.474933147430419922e+00
-1.068039226531982422e+01,-5.285641670227050781e+00,-1.443368530273437500e+01,-9.572270393371582031e+00,-7.458305835723876953e+00
-1.069215011596679688e+01,-5.296102523803710938e+00,-1.434195995330810547e+01,-9.651480674743652344e+00,-7.454068183898925781e+00
-1.070035839080810547e+01,-5.303177833557128906e+00,-1.427856636047363281e+01,-9.710202217102050781e+00,-7.458967208862304688e+00
-1.067804908752441406e+01,-5.310553550720214844e+00,-1.420082378387451172e+01,-9.756181716918945312e+00,-7.455126762390136719e+00
-1.065253734588623047e+01,-5.322922229766845703e+00,-1.408663940429687500e+01,-9.844451904296875000e+00,-7.438780307769775391e+00
-1.065993690490722656e+01,-5.332864284515380859e+00,-1.394942665100097656e+01,-9.878963470458984375e+00,-7.441125392913818359e+00
-1.067679882049560547e+01,-5.344583511352539062e+00,-1.360796451568603516e+01,-9.975212097167968750e+00,-7.344658851623535156e+00
-1.077169322967529297e+01,-5.358157157897949219e+00,-1.314603042602539062e+01,-1.010346031188964844e+01,-7.279307842254638672e+00
-1.095197772979736328e+01,-5.364111900329589844e+00,-1.283747386932373047e+01,-1.019975280761718750e+01,-7.288710117340087891e+00
-1.106534004211425781e+01,-5.376714706420898438e+00,-1.247511768341064453e+01,-1.031967353820800781e+01,-7.251991748809814453e+00
-1.104475975036621094e+01,-5.389256000518798828e+00,-1.219495677947998047e+01,-1.041216659545898438e+01,-7.240380764007568359e+00
-1.074432373046875000e+01,-5.401960372924804688e+00,-1.224365043640136719e+01,-1.048529529571533203e+01,-7.306323528289794922e+00
-1.043046188354492188e+01,-5.414236068725585938e+00,-1.238238143920898438e+01,-1.057728958129882812e+01,-7.330307006835937500e+00
-1.022932338714599609e+01,-5.424509048461914062e+00,-1.247934722900390625e+01,-1.066939544677734375e+01,-7.325137138366699219e+00
-1.009353065490722656e+01,-5.437467098236083984e+00,-1.244028663635253906e+01,-1.067617034912109375e+01,-7.297242641448974609e+00
-1.001377201080322266e+01,-5.437119960784912109e+00,-1.237417411804199219e+01,-1.062251853942871094e+01,-7.293701648712158203e+00
-1.006938076019287109e+01,-5.425147056579589844e+00,-1.229312896728515625e+01,-1.062917900085449219e+01,-7.288334846496582031e+00
-1.019930267333984375e+01,-5.418710231781005859e+00,-1.232935047149658203e+01,-1.068880653381347656e+01,-7.320922374725341797e+00
-1.049791622161865234e+01,-5.402192592620849609e+00,-1.258756065368652344e+01,-1.071017456054687500e+01,-7.446893692016601562e+00
-1.092189311981201172e+01,-5.388135910034179688e+00,-1.305688571929931641e+01,-1.069576263427734375e+01,-7.638970851898193359e+00
-1.137793254852294922e+01,-5.374438762664794922e+00,-1.354735946655273438e+01,-1.059643936157226562e+01,-7.828395843505859375e+00
-1.166065406799316406e+01,-5.355708122253417969e+00,-1.394738864898681641e+01,-1.040159416198730469e+01,-7.975197792053222656e+00
-1.174592494964599609e+01,-5.340851306915283203e+00,-1.431153011322021484e+01,-1.027780914306640625e+01,-8.057800292968750000e+00
-1.177738571166992188e+01,-5.322494506835937500e+00,-1.458475685119628906e+01,-1.010706901550292969e+01,-8.126638412475585938e+00
-1.169036960601806641e+01,-5.311559677124023438e+00,-1.476607608795166016e+01,-9.933905601501464844e+00,-8.146573066711425781e+00
-1.146018505096435547e+01,-5.300678730010986328e+00,-1.480418300628662109e+01,-9.750432014465332031e+00,-8.103553771972656250e+00
-1.121890449523925781e+01,-5.292518615722656250e+00,-1.477799606323242188e+01,-9.583352088928222656e+00,-8.052196502685546875e+00
-1.102907085418701172e+01,-5.291001796722412109e+00,-1.462161254882812500e+01,-9.479170799255371094e+00,-7.932582378387451172e+00
-1.079861068725585938e+01,-5.301153182983398438e+00,-1.431217098236083984e+01,-9.517753601074218750e+00,-7.726571083068847656e+00
-1.049040222167968750e+01,-5.317271232604980469e+00,-1.426145076751708984e+01,-9.712790489196777344e+00,-7.517767429351806641e+00
-9.925135612487792969e+00,-5.339181900024414062e+00,-1.453275680541992188e+01,-9.961642265319824219e+00,-7.396252155303955078e+00
-9.429330825805664062e+00,-5.355637550354003906e+00,-1.486235713958740234e+01,-1.010264587402343750e+01,-7.341606140136718750e+00
-9.330668449401855469e+00,-5.357392787933349609e+00,-1.518563652038574219e+01,-1.015656471252441406e+01,-7.337209224700927734e+00
-9.359542846679687500e+00,-5.353023052215576172e+00,-1.548779296875000000e+01,-1.014490318298339844e+01,-7.368300914764404297e+00
-9.165419578552246094e+00,-5.347190856933593750e+00,-1.559392452239990234e+01,-1.002277183532714844e+01,-7.425429344177246094e+00
-8.981658935546875000e+00,-5.342100143432617188e+00,-1.560055541992187500e+01,-9.931848526000976562e+00,-7.413553714752197266e+00
-9.412549972534179688e+00,-5.324145793914794922e+00,-1.558780288696289062e+01,-9.924551963806152344e+00,-7.468001842498779297e+00
-9.746029853820800781e+00,-5.307410240173339844e+00,-1.546703529357910156e+01,-9.871425628662109375e+00,-7.532900810241699219e+00
-1.014638423919677734e+01,-5.294902801513671875e+00,-1.522569084167480469e+01,-9.848915100097656250e+00,-7.601797103881835938e+00
-1.041050624847412109e+01,-5.288722515106201172e+00,-1.502448940277099609e+01,-9.807127952575683594e+00,-7.620210647583007812e+00
-1.046107578277587891e+01,-5.285402297973632812e+00,-1.485011005401611328e+01,-9.762437820434570312e+00,-7.552849292755126953e+00
-1.041230010986328125e+01,-5.283692836761474609e+00,-1.470297336578369141e+01,-9.701922416687011719e+00,-7.479900836944580078e+00
-1.036080646514892578e+01,-5.289005279541015625e+00,-1.444744014739990234e+01,-9.664464950561523438e+00,-7.407292842864990234e+00
-1.025868892669677734e+01,-5.297024726867675781e+00,-1.413443565368652344e+01,-9.680159568786621094e+00,-7.317278861999511719e+00
-1.012622261047363281e+01,-5.309716224670410156e+00,-1.379940795898437500e+01,-9.768089294433593750e+00,-7.214414596557617188e+00
-1.011642551422119141e+01,-5.316134929656982422e+00,-1.350682544708251953e+01,-9.835054397583007812e+00,-7.148979663848876953e+00
-1.017958736419677734e+01,-5.318035125732421875e+00,-1.322084426879882812e+01,-9.888666152954101562e+00,-7.090879440307617188e+00
-1.027572059631347656e+01,-5.318857192993164062e+00,-1.291673374176025391e+01,-9.932145118713378906e+00,-7.021981239318847656e+00
-1.043345355987548828e+01,-5.322582721710205078e+00,-1.256641387939453125e+01,-9.951562881469726562e+00,-6.942692756652832031e+00
-1.046201896667480469e+01,-5.324422359466552734e+00,-1.224612236022949219e+01,-9.945886611938476562e+00,-6.854335784912109375e+00
-1.043975162506103516e+01,-5.330121040344238281e+00,-1.186886310577392578e+01,-9.933524131774902344e+00,-6.754683494567871094e+00
-1.038948535919189453e+01,-5.340213298797607422e+00,-1.136647033691406250e+01,-9.902374267578125000e+00,-6.630787372589111328e+00
-1.014058017730712891e+01,-5.351146697998046875e+00,-1.075841712951660156e+01,-9.916265487670898438e+00,-6.466536521911621094e+00
-9.346039772033691406e+00,-5.350790500640869141e+00,-1.071109580993652344e+01,-9.569266319274902344e+00,-6.444918632507324219e+00
-9.206654548645019531e+00,-5.359409332275390625e+00,-1.045363426208496094e+01,-9.535031318664550781e+00,-6.398006916046142578e+00
-9.006544113159179688e+00,-5.363199710845947266e+00,-1.030696105957031250e+01,-9.681739807128906250e+00,-6.415953159332275391e+00
-8.881520271301269531e+00,-5.362431049346923828e+00,-1.045995044708251953e+01,-9.974838256835937500e+00,-6.492151260375976562e+00
-8.945674896240234375e+00,-5.385413169860839844e+00,-1.055474281311035156e+01,-1.018953418731689453e+01,-6.600358009338378906e+00
-8.962806701660156250e+00,-5.410868644714355469e+00,-1.052652168273925781e+01,-1.013132762908935547e+01,-6.755677700042724609e+00
-9.153285026550292969e+00,-5.421547412872314453e+00,-1.065538406372070312e+01,-1.014423084259033203e+01,-6.936552047729492188e+00
-9.723823547363281250e+00,-5.407375812530517578e+00,-1.105200004577636719e+01,-1.031456756591796875e+01,-7.185223579406738281e+00
-1.039814281463623047e+01,-5.395662307739257812e+00,-1.164928054809570312e+01,-1.044220733642578125e+01,-7.455201625823974609e+00
-1.102636909484863281e+01,-5.384398937225341797e+00,-1.234396743774414062e+01,-1.045348548889160156e+01,-7.721232891082763672e+00
-1.146986198425292969e+01,-5.374079227447509766e+00,-1.297059726715087891e+01,-1.041230010986328125e+01,-7.897376537322998047e+00
-1.173304176330566406e+01,-5.360325336456298828e+00,-1.350143718719482422e+01,-1.033546257019042969e+01,-8.041363716125488281e+00
-1.182803726196289062e+01,-5.343217849731445312e+00,-1.398171997070312500e+01,-1.018629455566406250e+01,-8.165421485900878906e+00
-1.178840637207031250e+01,-5.328595638275146484e+00,-1.434527015686035156e+01,-9.997859954833984375e+00,-8.236547470092773438e+00
-1.163035202026367188e+01,-5.313277721405029297e+00,-1.463804817199707031e+01,-9.758907318115234375e+00,-8.274625778198242188e+00
-1.140256881713867188e+01,-5.303512096405029297e+00,-1.481607818603515625e+01,-9.467636108398437500e+00,-8.273159027099609375e+00
-1.109352779388427734e+01,-5.298208713531494141e+00,-1.484437751770019531e+01,-9.192580223083496094e+00,-8.202596664428710938e+00
-1.067502403259277344e+01,-5.306423664093017578e+00,-1.466856002807617188e+01,-9.210903167724609375e+00,-7.990663528442382812e+00
-1.022713756561279297e+01,-5.330351829528808594e+00,-1.441420841217041016e+01,-9.409993171691894531e+00,-7.809784889221191406e+00
-9.828679084777832031e+00,-5.355277538299560547e+00,-1.416854381561279297e+01,-9.456071853637695312e+00,-7.711515426635742188e+00
-9.352210044860839844e+00,-5.364254951477050781e+00,-1.406558513641357422e+01,-9.279872894287109375e+00,-7.599779605865478516e+00
-9.442662239074707031e+00,-5.351590633392333984e+00,-1.405722713470458984e+01,-9.203275680541992188e+00,-7.575798988342285156e+00
-9.091592788696289062e+00,-5.345486640930175781e+00,-1.409423828125000000e+01,-8.966204643249511719e+00,-7.495390892028808594e+00
-9.423530578613281250e+00,-5.308547496795654297e+00,-1.438296985626220703e+01,-8.889376640319824219e+00,-7.590984821319580078e+00
-1.002381038665771484e+01,-5.277823925018310547e+00,-1.480331134796142578e+01,-8.905714988708496094e+00,-7.786831378936767578e+00
-1.057223129272460938e+01,-5.269110679626464844e+00,-1.511924743652343750e+01,-8.925518989562988281e+00,-7.936022281646728516e+00
-1.089484882354736328e+01,-5.258498191833496094e+00,-1.532369518280029297e+01,-8.855954170227050781e+00,-8.067033767700195312e+00
-1.100267982482910156e+01,-5.247862815856933594e+00,-1.542546939849853516e+01,-8.786162376403808594e+00,-8.089382171630859375e+00
-1.109504222869873047e+01,-5.238041400909423828e+00,-1.523404026031494141e+01,-8.849090576171875000e+00,-7.976483821868896484e+00
-1.109068584442138672e+01,-5.232071399688720703e+00,-1.496398353576660156e+01,-9.028992652893066406e+00,-7.762911796569824219e+00
-1.100051784515380859e+01,-5.232911586761474609e+00,-1.469140148162841797e+01,-9.259366035461425781e+00,-7.511720657348632812e+00
-1.087961483001708984e+01,-5.241867065429687500e+00,-1.447437191009521484e+01,-9.480031967163085938e+00,-7.301465988159179688e+00
-1.082413387298583984e+01,-5.253405094146728516e+00,-1.431209659576416016e+01,-9.684595108032226562e+00,-7.149943351745605469e+00
-1.072148323059082031e+01,-5.266839981079101562e+00,-1.416803550720214844e+01,-9.821109771728515625e+00,-7.048661708831787109e+00
-1.060785579681396484e+01,-5.274662494659423828e+00,-1.412432765960693359e+01,-9.880495071411132812e+00,-7.029365539550781250e+00
-1.045250225067138672e+01,-5.276411533355712891e+00,-1.422815799713134766e+01,-9.834566116333007812e+00,-7.089960098266601562e+00
-1.027215385437011719e+01,-5.276895999908447266e+00,-1.439553165435791016e+01,-9.685698509216308594e+00,-7.189226150512695312e+00
-1.010268115997314453e+01,-5.275095462799072266e+00,-1.453814411163330078e+01,-9.522974014282226562e+00,-7.267590999603271484e+00
-9.977495193481445312e+00,-5.275215625762939453e+00,-1.457211494445800781e+01,-9.439808845520019531e+00,-7.300468921661376953e+00
-9.921958923339843750e+00,-5.280230522155761719e+00,-1.442375183105468750e+01,-9.424127578735351562e+00,-7.264778614044189453e+00
-1.003394412994384766e+01,-5.288620471954345703e+00,-1.415917491912841797e+01,-9.287499427795410156e+00,-7.261312007904052734e+00
-1.009653854370117188e+01,-5.291763782501220703e+00,-1.395333671569824219e+01,-9.178980827331542969e+00,-7.291199207305908203e+00
-1.005698108673095703e+01,-5.288691997528076172e+00,-1.394564247131347656e+01,-9.093240737915039062e+00,-7.369319438934326172e+00
-9.950787544250488281e+00,-5.286006927490234375e+00,-1.403480148315429688e+01,-9.036632537841796875e+00,-7.461720466613769531e+00
-9.790289878845214844e+00,-5.285428047180175781e+00,-1.413531875610351562e+01,-8.967691421508789062e+00,-7.562432765960693359e+00
-9.804973602294921875e+00,-5.290309429168701172e+00,-1.417548561096191406e+01,-8.898108482360839844e+00,-7.654229164123535156e+00
-9.651851654052734375e+00,-5.301003456115722656e+00,-1.422766876220703125e+01,-9.029124259948730469e+00,-7.715507030487060547e+00
-1.002250766754150391e+01,-5.297867298126220703e+00,-1.431406307220458984e+01,-9.383469581604003906e+00,-7.813467979431152344e+00
-1.070962715148925781e+01,-5.301331996917724609e+00,-1.435943317413330078e+01,-9.693606376647949219e+00,-7.934409141540527344e+00
-1.142961120605468750e+01,-5.307383537292480469e+00,-1.440288639068603516e+01,-9.903125762939453125e+00,-8.066700935363769531e+00
-1.192463588714599609e+01,-5.313817977905273438e+00,-1.438698768615722656e+01,-1.002640151977539062e+01,-8.155929565429687500e+00
-1.208300876617431641e+01,-5.312999725341796875e+00,-1.438437747955322266e+01,-1.002409172058105469e+01,-8.207514762878417969e+00
-1.210339069366455078e+01,-5.310909748077392578e+00,-1.442868614196777344e+01,-9.928930282592773438e+00,-8.245592117309570312e+00
-1.200986862182617188e+01,-5.306317806243896484e+00,-1.455183506011962891e+01,-9.734487533569335938e+00,-8.282627105712890625e+00
-1.184211635589599609e+01,-5.300404071807861328e+00,-1.465482807159423828e+01,-9.432878494262695312e+00,-8.289114952087402344e+00
-1.157679080963134766e+01,-5.292826652526855469e+00,-1.468073940277099609e+01,-9.068176269531250000e+00,-8.271401405334472656e+00
-1.112342548370361328e+01,-5.298975944519042969e+00,-1.449393939971923828e+01,-8.759139060974121094e+00,-8.138214111328125000e+00
-1.069888401031494141e+01,-5.305777549743652344e+00,-1.424248600006103516e+01,-8.458397865295410156e+00,-7.972297191619873047e+00
-9.686571121215820312e+00,-5.304029464721679688e+00,-1.420750236511230469e+01,-8.059185028076171875e+00,-7.801226615905761719e+00
-9.392217636108398438e+00,-5.293523311614990234e+00,-1.426406002044677734e+01,-8.133694648742675781e+00,-7.677977561950683594e+00
-9.555853843688964844e+00,-5.297029972076416016e+00,-1.433716678619384766e+01,-8.390769958496093750e+00,-7.626381874084472656e+00
-9.683636665344238281e+00,-5.290723323822021484e+00,-1.458337306976318359e+01,-8.597007751464843750e+00,-7.689983367919921875e+00
-9.943088531494140625e+00,-5.274751186370849609e+00,-1.492243385314941406e+01,-8.692629814147949219e+00,-7.802220821380615234e+00
-1.045856285095214844e+01,-5.265797138214111328e+00,-1.519265174865722656e+01,-8.737859725952148438e+00,-7.959745883941650391e+00
-1.090949726104736328e+01,-5.259429931640625000e+00,-1.524948120117187500e+01,-8.790780067443847656e+00,-8.058008193969726562e+00
-1.126576900482177734e+01,-5.247192859649658203e+00,-1.522595214843750000e+01,-8.784165382385253906e+00,-8.117437362670898438e+00
-1.142439174652099609e+01,-5.234149932861328125e+00,-1.504942417144775391e+01,-8.826614379882812500e+00,-8.028531074523925781e+00
-1.146570873260498047e+01,-5.227066993713378906e+00,-1.476746654510498047e+01,-8.985096931457519531e+00,-7.819964885711669922e+00
-1.148345756530761719e+01,-5.229385852813720703e+00,-1.443971347808837891e+01,-9.218691825866699219e+00,-7.594025611877441406e+00
-1.146674823760986328e+01,-5.237499237060546875e+00,-1.414085865020751953e+01,-9.483716964721679688e+00,-7.376126289367675781e+00
-1.143927383422851562e+01,-5.249658584594726562e+00,-1.388569355010986328e+01,-9.733020782470703125e+00,-7.198156356811523438e+00
-1.139202308654785156e+01,-5.261200904846191406e+00,-1.371414852142333984e+01,-9.927867889404296875e+00,-7.087589263916015625e+00
-1.131649208068847656e+01,-5.273669719696044922e+00,-1.362496757507324219e+01,-1.005862045288085938e+01,-7.052453041076660156e+00
-1.119377994537353516e+01,-5.281180381774902344e+00,-1.363002967834472656e+01,-1.007897758483886719e+01,-7.070177078247070312e+00
-1.103145694732666016e+01,-5.282845973968505859e+00,-1.369251155853271484e+01,-9.999551773071289062e+00,-7.113255500793457031e+00
-1.082897567749023438e+01,-5.282430648803710938e+00,-1.384401607513427734e+01,-9.842758178710937500e+00,-7.208026409149169922e+00
-1.060318946838378906e+01,-5.278490543365478516e+00,-1.406315422058105469e+01,-9.644582748413085938e+00,-7.323145866394042969e+00
-1.035909748077392578e+01,-5.271335601806640625e+00,-1.425075626373291016e+01,-9.469623565673828125e+00,-7.400720119476318359e+00
-1.019457054138183594e+01,-5.269125461578369141e+00,-1.419956970214843750e+01,-9.282655715942382812e+00,-7.402820587158203125e+00
-1.007485961914062500e+01,-5.273341178894042969e+00,-1.404828357696533203e+01,-9.054979324340820312e+00,-7.371168136596679688e+00
-9.910719871520996094e+00,-5.273870468139648438e+00,-1.394448757171630859e+01,-8.878169059753417969e+00,-7.325061798095703125e+00
-9.830788612365722656e+00,-5.274023056030273438e+00,-1.388718795776367188e+01,-8.741242408752441406e+00,-7.322021961212158203e+00
-9.755563735961914062e+00,-5.275575160980224609e+00,-1.389691638946533203e+01,-8.708828926086425781e+00,-7.352951049804687500e+00
-9.633102416992187500e+00,-5.281995296478271484e+00,-1.401316547393798828e+01,-8.860643386840820312e+00,-7.420521259307861328e+00
-9.957034111022949219e+00,-5.276604652404785156e+00,-1.425104522705078125e+01,-9.177622795104980469e+00,-7.604549407958984375e+00
-1.072144126892089844e+01,-5.278099536895751953e+00,-1.447708606719970703e+01,-9.467624664306640625e+00,-7.837725162506103516e+00
-1.148773765563964844e+01,-5.289064407348632812e+00,-1.456099128723144531e+01,-9.685668945312500000e+00,-8.020215034484863281e+00
-1.205571937561035156e+01,-5.303070068359375000e+00,-1.445503520965576172e+01,-9.792732238769531250e+00,-8.143220901489257812e+00
-1.241479873657226562e+01,-5.311809062957763672e+00,-1.429378795623779297e+01,-9.801065444946289062e+00,-8.223920822143554688e+00
-1.260124111175537109e+01,-5.311187267303466797e+00,-1.419952678680419922e+01,-9.744171142578125000e+00,-8.281738281250000000e+00
-1.252939510345458984e+01,-5.311097621917724609e+00,-1.408837795257568359e+01,-9.568872451782226562e+00,-8.295299530029296875e+00
-1.224735927581787109e+01,-5.305489063262939453e+00,-1.402636718750000000e+01,-9.261399269104003906e+00,-8.293907165527343750e+00
-1.179329013824462891e+01,-5.310420513153076172e+00,-1.371831607818603516e+01,-8.762694358825683594e+00,-8.238342285156250000e+00
-1.118248653411865234e+01,-5.331860542297363281e+00,-1.279101371765136719e+01,-8.322937965393066406e+00,-7.943807125091552734e+00
-1.059534549713134766e+01,-5.326036453247070312e+00,-1.169984626770019531e+01,-7.954001426696777344e+00,-7.603740215301513672e+00
-9.715854644775390625e+00,-5.296464443206787109e+00,-1.139358139038085938e+01,-7.700087547302246094e+00,-7.369992733001708984e+00
-9.636399269104003906e+00,-5.309205055236816406e+00,-1.075938224792480469e+01,-8.110438346862792969e+00,-7.098648071289062500e+00
-9.620090484619140625e+00,-5.309496402740478516e+00,-1.037065982818603516e+01,-8.582162857055664062e+00,-7.019535064697265625e+00
-9.616579055786132812e+00,-5.306632518768310547e+00,-1.014253330230712891e+01,-8.960913658142089844e+00,-6.976614952087402344e+00
-9.700458526611328125e+00,-5.329547882080078125e+00,-9.599991798400878906e+00,-9.156050682067871094e+00,-6.924229621887207031e+00
-9.786277770996093750e+00,-5.338438510894775391e+00,-9.213376998901367188e+00,-9.215110778808593750e+00,-6.954668998718261719e+00
-9.838076591491699219e+00,-5.349761486053466797e+00,-8.907988548278808594e+00,-9.181776046752929688e+00,-6.998093128204345703e+00
-9.587310791015625000e+00,-5.358906745910644531e+00,-8.755817413330078125e+00,-8.962061882019042969e+00,-7.069525241851806641e+00
-9.466947555541992188e+00,-5.345027446746826172e+00,-8.854133605957031250e+00,-8.642873764038085938e+00,-7.231087207794189453e+00
-9.670631408691406250e+00,-5.336901187896728516e+00,-9.053399085998535156e+00,-8.728367805480957031e+00,-7.349694728851318359e+00
-1.039574241638183594e+01,-5.314373016357421875e+00,-9.585060119628906250e+00,-9.083511352539062500e+00,-7.505215167999267578e+00
-1.135447788238525391e+01,-5.325679302215576172e+00,-9.979759216308593750e+00,-9.515270233154296875e+00,-7.595621585845947266e+00
-1.204505252838134766e+01,-5.350368499755859375e+00,-1.014958000183105469e+01,-9.829229354858398438e+00,-7.615440845489501953e+00
-1.244260597229003906e+01,-5.367425441741943359e+00,-1.009316539764404297e+01,-1.001201343536376953e+01,-7.580316066741943359e+00
-1.260486125946044922e+01,-5.372270584106445312e+00,-9.818845748901367188e+00,-1.014240932464599609e+01,-7.465181827545166016e+00
-1.261042690277099609e+01,-5.373376369476318359e+00,-9.460307121276855469e+00,-1.010310173034667969e+01,-7.370985507965087891e+00
-1.237200260162353516e+01,-5.389673233032226562e+00,-9.130983352661132812e+00,-9.704583168029785156e+00,-7.362020015716552734e+00
-1.192052078247070312e+01,-5.447357654571533203e+00,-8.195329666137695312e+00,-9.119274139404296875e+00,-7.136760711669921875e+00
-1.134108638763427734e+01,-5.608199596405029297e+00,-6.844749450683593750e+00,-8.542042732238769531e+00,-6.747487068176269531e+00
-1.084987163543701172e+01,-6.011641025543212891e+00,-5.801357746124267578e+00,-8.254014968872070312e+00,-6.461611747741699219e+00
-1.077758979797363281e+01,-6.659470081329345703e+00,-5.287922382354736328e+00,-8.370833396911621094e+00,-6.407107353210449219e+00
-1.066304111480712891e+01,-7.323636054992675781e+00,-5.126043319702148438e+00,-8.607992172241210938e+00,-6.488656520843505859e+00
-1.047571849822998047e+01,-7.922338485717773438e+00,-5.120929241180419922e+00,-8.606893539428710938e+00,-6.627052307128906250e+00
-1.016334438323974609e+01,-8.552527427673339844e+00,-5.121605873107910156e+00,-8.458597183227539062e+00,-6.735184669494628906e+00
-9.931509971618652344e+00,-9.154127120971679688e+00,-5.122045993804931641e+00,-8.390172004699707031e+00,-6.766842842102050781e+00
-9.876061439514160156e+00,-9.881911277770996094e+00,-5.090674877166748047e+00,-8.497213363647460938e+00,-6.721594810485839844e+00
-9.716136932373046875e+00,-1.057114791870117188e+01,-5.080333232879638672e+00,-8.674062728881835938e+00,-6.687680244445800781e+00
-9.520257949829101562e+00,-1.116414070129394531e+01,-5.081267356872558594e+00,-8.876323699951171875e+00,-6.689534664154052734e+00
-9.239790916442871094e+00,-1.164964580535888672e+01,-5.081747055053710938e+00,-9.115583419799804688e+00,-6.690127849578857422e+00
-8.679244041442871094e+00,-1.196381473541259766e+01,-5.086120605468750000e+00,-9.203991889953613281e+00,-6.708795547485351562e+00
-8.456241607666015625e+00,-1.222363281250000000e+01,-5.093238830566406250e+00,-9.211631774902343750e+00,-6.695569038391113281e+00
-8.020919799804687500e+00,-1.239098834991455078e+01,-5.084380149841308594e+00,-9.011780738830566406e+00,-6.619567394256591797e+00
-7.680897712707519531e+00,-1.251407337188720703e+01,-5.079190254211425781e+00,-8.649911880493164062e+00,-6.589399814605712891e+00
-7.979322433471679688e+00,-1.259244537353515625e+01,-5.087447166442871094e+00,-8.646438598632812500e+00,-6.611260890960693359e+00
-8.907764434814453125e+00,-1.258810424804687500e+01,-5.090512275695800781e+00,-8.999206542968750000e+00,-6.633862972259521484e+00
-9.900628089904785156e+00,-1.256483840942382812e+01,-5.090858459472656250e+00,-9.503217697143554688e+00,-6.601697921752929688e+00
-1.055274009704589844e+01,-1.254720115661621094e+01,-5.089999675750732422e+00,-9.885093688964843750e+00,-6.574305534362792969e+00
-1.091050052642822266e+01,-1.254111385345458984e+01,-5.090001583099365234e+00,-1.013673400878906250e+01,-6.544156551361083984e+00
-1.110657882690429688e+01,-1.254800605773925781e+01,-5.087586402893066406e+00,-1.031359481811523438e+01,-6.494333744049072266e+00
-1.126775646209716797e+01,-1.258406734466552734e+01,-5.082847595214843750e+00,-1.033188819885253906e+01,-6.508874416351318359e+00
-1.134755039215087891e+01,-1.263334846496582031e+01,-5.073943138122558594e+00,-1.010453987121582031e+01,-6.628004074096679688e+00
-1.121715354919433594e+01,-1.276423645019531250e+01,-5.073334217071533203e+00,-9.747366905212402344e+00,-6.681356430053710938e+00
-1.087435817718505859e+01,-1.292822456359863281e+01,-5.070940971374511719e+00,-9.339489936828613281e+00,-6.635759830474853516e+00
-1.063712406158447266e+01,-1.308181571960449219e+01,-5.073496341705322266e+00,-9.094272613525390625e+00,-6.592118263244628906e+00
-1.024567222595214844e+01,-1.317248344421386719e+01,-5.068201065063476562e+00,-9.115009307861328125e+00,-6.559025764465332031e+00
-9.854840278625488281e+00,-1.322798347473144531e+01,-5.066160202026367188e+00,-9.195391654968261719e+00,-6.530158519744873047e+00
-9.587001800537109375e+00,-1.324221229553222656e+01,-5.074090957641601562e+00,-9.134621620178222656e+00,-6.547811985015869141e+00
-9.342664718627929688e+00,-1.330477142333984375e+01,-5.081343650817871094e+00,-9.046374320983886719e+00,-6.534455299377441406e+00
-9.053271293640136719e+00,-1.336853122711181641e+01,-5.082984924316406250e+00,-9.041107177734375000e+00,-6.446030616760253906e+00
-8.913960456848144531e+00,-1.334748268127441406e+01,-5.082422256469726562e+00,-9.108443260192871094e+00,-6.412391662597656250e+00
-8.914252281188964844e+00,-1.331684684753417969e+01,-5.077585220336914062e+00,-9.168867111206054688e+00,-6.411059379577636719e+00
-8.943738937377929688e+00,-1.332118415832519531e+01,-5.071034908294677734e+00,-9.155078887939453125e+00,-6.403113842010498047e+00
-8.984523773193359375e+00,-1.339345264434814453e+01,-5.065832138061523438e+00,-9.061004638671875000e+00,-6.354741096496582031e+00
-8.914835929870605469e+00,-1.344331932067871094e+01,-5.059591770172119141e+00,-8.907726287841796875e+00,-6.312853813171386719e+00
-8.557957649230957031e+00,-1.348681449890136719e+01,-5.059840679168701172e+00,-8.568203926086425781e+00,-6.355258941650390625e+00
-8.786631584167480469e+00,-1.342921352386474609e+01,-5.070372581481933594e+00,-8.556435585021972656e+00,-6.442219734191894531e+00
-9.476668357849121094e+00,-1.333066368103027344e+01,-5.086174964904785156e+00,-8.950325012207031250e+00,-6.450655937194824219e+00
-1.003501892089843750e+01,-1.324385547637939453e+01,-5.091477394104003906e+00,-9.344280242919921875e+00,-6.441447734832763672e+00
-1.052578926086425781e+01,-1.317330741882324219e+01,-5.097930908203125000e+00,-9.650868415832519531e+00,-6.438677310943603516e+00
-1.093988704681396484e+01,-1.313093185424804688e+01,-5.105741024017333984e+00,-9.857914924621582031e+00,-6.437469482421875000e+00
-1.120308589935302734e+01,-1.310463333129882812e+01,-5.108777046203613281e+00,-1.001411056518554688e+01,-6.393588066101074219e+00
-1.137561130523681641e+01,-1.310316276550292969e+01,-5.100427627563476562e+00,-1.009202957153320312e+01,-6.358326911926269531e+00
-1.152093410491943359e+01,-1.311704254150390625e+01,-5.093904495239257812e+00,-9.952687263488769531e+00,-6.429580211639404297e+00
-1.149385166168212891e+01,-1.321603202819824219e+01,-5.087714195251464844e+00,-9.610329627990722656e+00,-6.478288173675537109e+00
-1.132297897338867188e+01,-1.335103130340576172e+01,-5.086307525634765625e+00,-9.185337066650390625e+00,-6.443436622619628906e+00
-1.121121883392333984e+01,-1.341617584228515625e+01,-5.094375610351562500e+00,-8.878803253173828125e+00,-6.456491470336914062e+00
-1.084739780426025391e+01,-1.344107151031494141e+01,-5.097124576568603516e+00,-8.703595161437988281e+00,-6.509524345397949219e+00
-1.028654956817626953e+01,-1.343876552581787109e+01,-5.095329284667968750e+00,-8.594847679138183594e+00,-6.552865505218505859e+00
-9.677196502685546875e+00,-1.341187381744384766e+01,-5.104657649993896484e+00,-8.293679237365722656e+00,-6.621370792388916016e+00
-9.011519432067871094e+00,-1.336958503723144531e+01,-5.105577468872070312e+00,-7.834572315216064453e+00,-6.624979019165039062e+00
-8.604170799255371094e+00,-1.326645374298095703e+01,-5.101175308227539062e+00,-7.375341892242431641e+00,-6.587708473205566406e+00
-8.512603759765625000e+00,-1.321956539154052734e+01,-5.080741882324218750e+00,-7.194638252258300781e+00,-6.471476078033447266e+00
-8.346587181091308594e+00,-1.322849559783935547e+01,-5.067327976226806641e+00,-7.083334922790527344e+00,-6.321022510528564453e+00
-7.239784717559814453e+00,-1.317103958129882812e+01,-5.075562000274658203e+00,-6.916891098022460938e+00,-6.168598175048828125e+00
-6.730503559112548828e+00,-1.311166572570800781e+01,-5.061605453491210938e+00,-6.687869548797607422e+00,-6.003659248352050781e+00
-6.153396606445312500e+00,-1.304277610778808594e+01,-5.048557281494140625e+00,-6.250529766082763672e+00,-5.935997009277343750e+00
-6.976565837860107422e+00,-1.300739669799804688e+01,-5.059090137481689453e+00,-6.565413475036621094e+00,-5.968273639678955078e+00
-8.570596694946289062e+00,-1.301889610290527344e+01,-5.083784103393554688e+00,-7.603966236114501953e+00,-5.989444255828857422e+00
-9.746212959289550781e+00,-1.300974273681640625e+01,-5.113947391510009766e+00,-8.482831954956054688e+00,-6.068007946014404297e+00
-1.050934886932373047e+01,-1.297932434082031250e+01,-5.127482414245605469e+00,-9.056449890136718750e+00,-6.139723300933837891e+00
-1.102690601348876953e+01,-1.295941734313964844e+01,-5.137665271759033203e+00,-9.441733360290527344e+00,-6.192221641540527344e+00
-1.126442813873291016e+01,-1.295157623291015625e+01,-5.133483409881591797e+00,-9.693108558654785156e+00,-6.177058696746826172e+00
-1.145389080047607422e+01,-1.296603012084960938e+01,-5.130332946777343750e+00,-9.792371749877929688e+00,-6.202962398529052734e+00
-1.155959415435791016e+01,-1.298215484619140625e+01,-5.120380401611328125e+00,-9.627194404602050781e+00,-6.314284324645996094e+00
-1.136813449859619141e+01,-1.309740066528320312e+01,-5.112571716308593750e+00,-9.352636337280273438e+00,-6.334755897521972656e+00
-1.113346099853515625e+01,-1.326243400573730469e+01,-5.112903594970703125e+00,-9.066016197204589844e+00,-6.281765937805175781e+00
-1.105757045745849609e+01,-1.338751029968261719e+01,-5.120824337005615234e+00,-8.879231452941894531e+00,-6.262568950653076172e+00
-1.082420921325683594e+01,-1.342369651794433594e+01,-5.115367889404296875e+00,-8.704903602600097656e+00,-6.340310573577880859e+00
-1.025471591949462891e+01,-1.342250251770019531e+01,-5.114441871643066406e+00,-8.319586753845214844e+00,-6.456529617309570312e+00
-9.510746955871582031e+00,-1.333591365814208984e+01,-5.114088535308837891e+00,-7.665747165679931641e+00,-6.569814682006835938e+00
-8.731344223022460938e+00,-1.323342990875244141e+01,-5.099684715270996094e+00,-6.799939155578613281e+00,-6.575860500335693359e+00
-8.108383178710937500e+00,-1.312014770507812500e+01,-5.078988552093505859e+00,-5.823864936828613281e+00,-6.488887310028076172e+00
-7.270516872406005859e+00,-1.297059631347656250e+01,-5.072257041931152344e+00,-4.723285198211669922e+00,-6.326843738555908203e+00
-5.826451778411865234e+00,-1.279924583435058594e+01,-5.158024787902832031e+00,-3.550983428955078125e+00,-6.249450683593750000e+00
-5.237596511840820312e+00,-1.254587173461914062e+01,-5.393046855926513672e+00,-2.337589740753173828e+00,-6.346013069152832031e+00
-5.615890502929687500e+00,-1.223416709899902344e+01,-5.599039554595947266e+00,-1.731711983680725098e+00,-6.450414657592773438e+00
-6.220388889312744141e+00,-1.197746372222900391e+01,-5.648030757904052734e+00,-1.776915669441223145e+00,-6.356198310852050781e+00
-6.710857391357421875e+00,-1.182214736938476562e+01,-5.623065471649169922e+00,-2.003904819488525391e+00,-6.152506828308105469e+00
-7.253952026367187500e+00,-1.178604316711425781e+01,-5.533743381500244141e+00,-2.508773803710937500e+00,-5.740451812744140625e+00
-8.014290809631347656e+00,-1.184331321716308594e+01,-5.409617900848388672e+00,-3.491162300109863281e+00,-5.217456817626953125e+00
-8.922654151916503906e+00,-1.197735786437988281e+01,-5.332909584045410156e+00,-4.914040565490722656e+00,-4.785711288452148438e+00
-9.639894485473632812e+00,-1.212879753112792969e+01,-5.320914268493652344e+00,-6.351107120513916016e+00,-4.535773754119873047e+00
-1.010707473754882812e+01,-1.221470832824707031e+01,-5.313642024993896484e+00,-7.448885917663574219e+00,-4.410315990447998047e+00
-1.038355350494384766e+01,-1.222447013854980469e+01,-5.300346851348876953e+00,-8.109290122985839844e+00,-4.398915290832519531e+00
-1.055505466461181641e+01,-1.218104553222656250e+01,-5.285144805908203125e+00,-8.435697555541992188e+00,-4.478681564331054688e+00
-1.072307777404785156e+01,-1.209497833251953125e+01,-5.277812004089355469e+00,-8.455876350402832031e+00,-4.660649299621582031e+00
-1.089285373687744141e+01,-1.196209144592285156e+01,-5.267305374145507812e+00,-8.289469718933105469e+00,-4.872220993041992188e+00
-1.100127792358398438e+01,-1.179413127899169922e+01,-5.256741046905517578e+00,-7.993112087249755859e+00,-5.080826759338378906e+00
-1.101344394683837891e+01,-1.160340499877929688e+01,-5.249132156372070312e+00,-7.612834930419921875e+00,-5.234389781951904297e+00
-1.097064208984375000e+01,-1.139167404174804688e+01,-5.247008800506591797e+00,-7.133658885955810547e+00,-5.320670604705810547e+00
-1.090394496917724609e+01,-1.118398094177246094e+01,-5.244617938995361328e+00,-6.702530384063720703e+00,-5.326782226562500000e+00
-1.077479553222656250e+01,-1.100972938537597656e+01,-5.245272159576416016e+00,-6.421443939208984375e+00,-5.276836872100830078e+00
-1.063622093200683594e+01,-1.088706779479980469e+01,-5.249605655670166016e+00,-6.337866783142089844e+00,-5.224234580993652344e+00
-1.050905704498291016e+01,-1.081894493103027344e+01,-5.251842975616455078e+00,-6.418933391571044922e+00,-5.170724868774414062e+00
-1.033867549896240234e+01,-1.081415748596191406e+01,-5.251250267028808594e+00,-6.592316150665283203e+00,-5.096165180206298828e+00
-1.015080928802490234e+01,-1.085900306701660156e+01,-5.247172355651855469e+00,-6.888435840606689453e+00,-5.057320117950439453e+00
-9.932144165039062500e+00,-1.094611454010009766e+01,-5.228283405303955078e+00,-7.223263263702392578e+00,-5.056042194366455078e+00
-9.552444458007812500e+00,-1.107673454284667969e+01,-5.200868129730224609e+00,-7.457796096801757812e+00,-5.049156665802001953e+00
-8.969027519226074219e+00,-1.121387100219726562e+01,-5.185562133789062500e+00,-7.282789707183837891e+00,-5.050656795501708984e+00
-8.248765945434570312e+00,-1.131968307495117188e+01,-5.172247886657714844e+00,-6.507592678070068359e+00,-5.035759925842285156e+00
-7.344478607177734375e+00,-1.130965042114257812e+01,-5.181334495544433594e+00,-5.508556365966796875e+00,-4.949435234069824219e+00
-6.073763847351074219e+00,-1.123282241821289062e+01,-5.219686031341552734e+00,-4.656234264373779297e+00,-4.776572704315185547e+00
-5.029761314392089844e+00,-1.115712738037109375e+01,-5.280257225036621094e+00,-4.061667919158935547e+00,-4.624015808105468750e+00
-4.699181079864501953e+00,-1.112345504760742188e+01,-5.316572189331054688e+00,-3.803809165954589844e+00,-4.541841506958007812e+00
-4.696352481842041016e+00,-1.111855697631835938e+01,-5.333792686462402344e+00,-3.958091735839843750e+00,-4.447165966033935547e+00
-4.921409130096435547e+00,-1.114435863494873047e+01,-5.329875946044921875e+00,-4.440676689147949219e+00,-4.382275581359863281e+00
-5.121870994567871094e+00,-1.122950935363769531e+01,-5.317729949951171875e+00,-5.385879039764404297e+00,-4.303803443908691406e+00
-5.917124748229980469e+00,-1.141145515441894531e+01,-5.318758964538574219e+00,-6.844590663909912109e+00,-4.446990966796875000e+00
-6.941563606262207031e+00,-1.153782844543457031e+01,-5.331211090087890625e+00,-8.093122482299804688e+00,-4.691404819488525391e+00
-7.876781463623046875e+00,-1.156253623962402344e+01,-5.330171585083007812e+00,-8.839483261108398438e+00,-4.935683250427246094e+00
-8.781186103820800781e+00,-1.149817276000976562e+01,-5.329581260681152344e+00,-9.216557502746582031e+00,-5.193176746368408203e+00
-9.589040756225585938e+00,-1.135664939880371094e+01,-5.327472209930419922e+00,-9.346698760986328125e+00,-5.461901664733886719e+00
-1.014099884033203125e+01,-1.116438674926757812e+01,-5.324645042419433594e+00,-9.362414360046386719e+00,-5.667392730712890625e+00
-1.051986026763916016e+01,-1.097970771789550781e+01,-5.319282054901123047e+00,-9.380600929260253906e+00,-5.806780338287353516e+00
-1.076422405242919922e+01,-1.081187438964843750e+01,-5.320175170898437500e+00,-9.355835914611816406e+00,-5.919264793395996094e+00
-1.096544456481933594e+01,-1.065373516082763672e+01,-5.329190254211425781e+00,-9.295452117919921875e+00,-6.024521350860595703e+00
-1.106303501129150391e+01,-1.053637409210205078e+01,-5.326067924499511719e+00,-9.296139717102050781e+00,-6.083285331726074219e+00
-1.097991943359375000e+01,-1.045279693603515625e+01,-5.324764251708984375e+00,-9.371455192565917969e+00,-6.091630935668945312e+00
-1.079060268402099609e+01,-1.038281250000000000e+01,-5.339763641357421875e+00,-9.410323143005371094e+00,-6.091059684753417969e+00
-1.039580154418945312e+01,-1.032099819183349609e+01,-5.370590209960937500e+00,-9.344050407409667969e+00,-6.095138549804687500e+00
-9.749424934387207031e+00,-1.028612995147705078e+01,-5.418159484863281250e+00,-9.037114143371582031e+00,-6.116981506347656250e+00
-9.120240211486816406e+00,-1.032994842529296875e+01,-5.431117534637451172e+00,-8.487791061401367188e+00,-6.080065250396728516e+00
-8.162887573242187500e+00,-1.052437973022460938e+01,-5.381204605102539062e+00,-7.932047367095947266e+00,-5.836143493652343750e+00
-7.633649349212646484e+00,-1.080425643920898438e+01,-5.348625183105468750e+00,-7.666121482849121094e+00,-5.540573120117187500e+00
-7.281048774719238281e+00,-1.117457771301269531e+01,-5.325898647308349609e+00,-7.837786674499511719e+00,-5.266515254974365234e+00
-7.255789756774902344e+00,-1.165314102172851562e+01,-5.310411453247070312e+00,-8.523653030395507812e+00,-5.003333091735839844e+00
-7.264501571655273438e+00,-1.202338790893554688e+01,-5.318581104278564453e+00,-9.167124748229980469e+00,-4.875679492950439453e+00
-7.345879077911376953e+00,-1.225530242919921875e+01,-5.332224845886230469e+00,-9.601635932922363281e+00,-4.846874237060546875e+00
-7.565460681915283203e+00,-1.240722846984863281e+01,-5.340474605560302734e+00,-9.766349792480468750e+00,-4.906435966491699219e+00
-7.723499774932861328e+00,-1.252753353118896484e+01,-5.335892200469970703e+00,-9.809658050537109375e+00,-4.980340003967285156e+00
-7.936223983764648438e+00,-1.265478324890136719e+01,-5.333181381225585938e+00,-9.842164993286132812e+00,-5.027422904968261719e+00
-8.102175712585449219e+00,-1.271073913574218750e+01,-5.330761909484863281e+00,-9.923656463623046875e+00,-5.072903633117675781e+00
-8.185362815856933594e+00,-1.272817039489746094e+01,-5.327527046203613281e+00,-9.990541458129882812e+00,-5.127800941467285156e+00
-8.258334159851074219e+00,-1.271075630187988281e+01,-5.332656860351562500e+00,-1.001885032653808594e+01,-5.225428104400634766e+00
-8.243597984313964844e+00,-1.266648864746093750e+01,-5.339653491973876953e+00,-9.985733032226562500e+00,-5.325626373291015625e+00
-8.145270347595214844e+00,-1.258593559265136719e+01,-5.352951526641845703e+00,-9.864938735961914062e+00,-5.429210662841796875e+00
-7.978483676910400391e+00,-1.250110912322998047e+01,-5.364282131195068359e+00,-9.661252975463867188e+00,-5.518233299255371094e+00
-7.898698806762695312e+00,-1.249300861358642578e+01,-5.356852531433105469e+00,-9.500312805175781250e+00,-5.534184455871582031e+00
-7.729008674621582031e+00,-1.256152153015136719e+01,-5.338696002960205078e+00,-9.250669479370117188e+00,-5.516462326049804688e+00
-7.472477912902832031e+00,-1.260278511047363281e+01,-5.322286605834960938e+00,-8.848868370056152344e+00,-5.518404483795166016e+00
-6.825640678405761719e+00,-1.256455612182617188e+01,-5.324116230010986328e+00,-8.485100746154785156e+00,-5.367919445037841797e+00
-6.475957393646240234e+00,-1.260743141174316406e+01,-5.324339389801025391e+00,-8.515053749084472656e+00,-5.199225902557373047e+00
-6.444475650787353516e+00,-1.261154556274414062e+01,-5.335988998413085938e+00,-8.836146354675292969e+00,-5.095970153808593750e+00
-6.712352752685546875e+00,-1.255149555206298828e+01,-5.335888862609863281e+00,-9.294468879699707031e+00,-5.004975795745849609e+00
-7.207036018371582031e+00,-1.250678634643554688e+01,-5.326030254364013672e+00,-9.755826950073242188e+00,-4.936542510986328125e+00
-7.752024650573730469e+00,-1.250462722778320312e+01,-5.319661617279052734e+00,-1.012904453277587891e+01,-4.909778118133544922e+00
-8.220298767089843750e+00,-1.251823425292968750e+01,-5.314723491668701172e+00,-1.039465522766113281e+01,-4.915111541748046875e+00
-8.604525566101074219e+00,-1.254149913787841797e+01,-5.312248706817626953e+00,-1.057387351989746094e+01,-4.945841312408447266e+00
-8.902309417724609375e+00,-1.257646942138671875e+01,-5.311621665954589844e+00,-1.068947410583496094e+01,-5.004284381866455078e+00
-9.066773414611816406e+00,-1.260986232757568359e+01,-5.309672832489013672e+00,-1.073262596130371094e+01,-5.075956344604492188e+00
-9.124058723449707031e+00,-1.263087272644042969e+01,-5.308086872100830078e+00,-1.070164394378662109e+01,-5.177628517150878906e+00
-8.929338455200195312e+00,-1.268414688110351562e+01,-5.311033725738525391e+00,-1.051437377929687500e+01,-5.314692497253417969e+00
-8.471724510192871094e+00,-1.276668739318847656e+01,-5.323939323425292969e+00,-1.022453689575195312e+01,-5.398811817169189453e+00
-7.895221710205078125e+00,-1.286042881011962891e+01,-5.329216003417968750e+00,-9.929750442504882812e+00,-5.382406711578369141e+00
-7.279153823852539062e+00,-1.293650436401367188e+01,-5.327877998352050781e+00,-9.551978111267089844e+00,-5.340904712677001953e+00
-6.803773880004882812e+00,-1.296829032897949219e+01,-5.331437110900878906e+00,-9.149725914001464844e+00,-5.294241905212402344e+00
-5.546512603759765625e+00,-1.283951187133789062e+01,-5.358077049255371094e+00,-8.371306419372558594e+00,-5.273020267486572266e+00
-5.337007999420166016e+00,-1.285371398925781250e+01,-5.332115173339843750e+00,-8.075399398803710938e+00,-5.199160099029541016e+00
-5.546156406402587891e+00,-1.292067909240722656e+01,-5.318974494934082031e+00,-8.353593826293945312e+00,-5.104346275329589844e+00
-5.729987144470214844e+00,-1.293043613433837891e+01,-5.324627399444580078e+00,-8.719163894653320312e+00,-5.160396575927734375e+00
-5.953077316284179688e+00,-1.284527778625488281e+01,-5.340606689453125000e+00,-8.942180633544921875e+00,-5.289134025573730469e+00
-6.327619552612304688e+00,-1.272804260253906250e+01,-5.355273246765136719e+00,-8.988036155700683594e+00,-5.435790061950683594e+00
-6.616397380828857422e+00,-1.259681701660156250e+01,-5.364312171936035156e+00,-8.845762252807617188e+00,-5.574403762817382812e+00
-6.797724723815917969e+00,-1.249502372741699219e+01,-5.360184192657470703e+00,-8.575672149658203125e+00,-5.644794464111328125e+00
-6.762851238250732422e+00,-1.243194198608398438e+01,-5.347807884216308594e+00,-8.206620216369628906e+00,-5.675289154052734375e+00
-6.410103321075439453e+00,-1.234413242340087891e+01,-5.344539642333984375e+00,-7.820527553558349609e+00,-5.674260616302490234e+00
-5.889667987823486328e+00,-1.224030590057373047e+01,-5.342010974884033203e+00,-7.534235477447509766e+00,-5.507745265960693359e+00
-5.303746223449707031e+00,-1.216325092315673828e+01,-5.337162971496582031e+00,-7.410192489624023438e+00,-5.246342182159423828e+00
-4.402709007263183594e+00,-1.210637092590332031e+01,-5.323411941528320312e+00,-7.208982467651367188e+00,-5.074663639068603516e+00
-3.623537063598632812e+00,-1.203235816955566406e+01,-5.336874485015869141e+00,-7.147819042205810547e+00,-4.949342727661132812e+00
-2.915090560913085938e+00,-1.193165206909179688e+01,-5.350560188293457031e+00,-7.261056900024414062e+00,-4.838355541229248047e+00
-2.750165939331054688e+00,-1.187222480773925781e+01,-5.344614028930664062e+00,-7.429830551147460938e+00,-4.767595767974853516e+00
-2.530570507049560547e+00,-1.179497909545898438e+01,-5.360320091247558594e+00,-7.454692363739013672e+00,-4.759316444396972656e+00
-2.684061050415039062e+00,-1.167613601684570312e+01,-5.411879062652587891e+00,-7.547472000122070312e+00,-4.759702682495117188e+00
-3.670882701873779297e+00,-1.152191543579101562e+01,-5.431222915649414062e+00,-7.836437702178955078e+00,-4.833507537841796875e+00
-5.137614727020263672e+00,-1.135894393920898438e+01,-5.435984134674072266e+00,-8.167830467224121094e+00,-4.997937202453613281e+00
-6.452587604522705078e+00,-1.122778320312500000e+01,-5.429386615753173828e+00,-8.409187316894531250e+00,-5.177454471588134766e+00
-7.329399108886718750e+00,-1.111007308959960938e+01,-5.402463912963867188e+00,-8.703559875488281250e+00,-5.193167209625244141e+00
-7.847687721252441406e+00,-1.098855209350585938e+01,-5.384973526000976562e+00,-8.948485374450683594e+00,-5.146755218505859375e+00
-8.090873718261718750e+00,-1.083722114562988281e+01,-5.380246162414550781e+00,-9.170588493347167969e+00,-5.029160499572753906e+00
-8.056210517883300781e+00,-1.064610290527343750e+01,-5.396151542663574219e+00,-9.244136810302734375e+00,-4.904919147491455078e+00
-7.978342533111572266e+00,-1.041974258422851562e+01,-5.429159164428710938e+00,-9.159626007080078125e+00,-4.827455520629882812e+00
-7.985576629638671875e+00,-1.009396076202392578e+01,-5.501502037048339844e+00,-8.974468231201171875e+00,-4.785663604736328125e+00
-8.016848564147949219e+00,-9.659519195556640625e+00,-5.646882057189941406e+00,-8.679413795471191406e+00,-4.788071155548095703e+00
-8.078429222106933594e+00,-9.181638717651367188e+00,-5.845882415771484375e+00,-8.438184738159179688e+00,-4.798440933227539062e+00
-8.227862358093261719e+00,-8.704511642456054688e+00,-6.068706512451171875e+00,-8.357955932617187500e+00,-4.809558391571044922e+00
-8.379649162292480469e+00,-8.245674133300781250e+00,-6.287411689758300781e+00,-8.427294731140136719e+00,-4.791598796844482422e+00
-8.399446487426757812e+00,-7.807228088378906250e+00,-6.512450695037841797e+00,-8.514668464660644531e+00,-4.768380165100097656e+00
-8.481777191162109375e+00,-7.302735328674316406e+00,-6.868122100830078125e+00,-8.614480972290039062e+00,-4.810818672180175781e+00
-8.705150604248046875e+00,-6.741351127624511719e+00,-7.455996990203857422e+00,-8.674805641174316406e+00,-4.973483085632324219e+00
-8.980818748474121094e+00,-6.271288871765136719e+00,-8.184606552124023438e+00,-8.735880851745605469e+00,-5.209364891052246094e+00
-9.232836723327636719e+00,-5.991226673126220703e+00,-8.922421455383300781e+00,-8.815423965454101562e+00,-5.445864677429199219e+00
-9.381804466247558594e+00,-5.870231151580810547e+00,-9.563079833984375000e+00,-8.900277137756347656e+00,-5.651436328887939453e+00
-9.350563049316406250e+00,-5.822468757629394531e+00,-1.010299205780029297e+01,-8.908036231994628906e+00,-5.845051765441894531e+00
-9.246974945068359375e+00,-5.787229537963867188e+00,-1.060851478576660156e+01,-8.813027381896972656e+00,-6.045819282531738281e+00
-9.173696517944335938e+00,-5.742995738983154297e+00,-1.108706092834472656e+01,-8.650225639343261719e+00,-6.250193595886230469e+00
-8.276229858398437500e+00,-5.722191810607910156e+00,-1.161975097656250000e+01,-8.031898498535156250e+00,-6.492144107818603516e+00
-8.173108100891113281e+00,-5.672769546508789062e+00,-1.209198188781738281e+01,-7.636352062225341797e+00,-6.609677314758300781e+00
-8.179762840270996094e+00,-5.645947456359863281e+00,-1.242609596252441406e+01,-7.452194690704345703e+00,-6.642195701599121094e+00
-8.100914001464843750e+00,-5.635444641113281250e+00,-1.263110828399658203e+01,-7.276129722595214844e+00,-6.666387081146240234e+00
-7.029875278472900391e+00,-5.640657424926757812e+00,-1.292666625976562500e+01,-6.653495788574218750e+00,-6.746709823608398438e+00
-6.477709293365478516e+00,-5.628454685211181641e+00,-1.296018791198730469e+01,-6.270509719848632812e+00,-6.663718700408935547e+00
-5.667218208312988281e+00,-5.624737262725830078e+00,-1.301663589477539062e+01,-5.973176956176757812e+00,-6.545514106750488281e+00
-5.141156196594238281e+00,-5.622595787048339844e+00,-1.309675121307373047e+01,-5.768653392791748047e+00,-6.448934555053710938e+00
-4.368377208709716797e+00,-5.655920982360839844e+00,-1.324435520172119141e+01,-5.412953376770019531e+00,-6.414437294006347656e+00
-4.173805236816406250e+00,-5.657699584960937500e+00,-1.333290481567382812e+01,-5.092592716217041016e+00,-6.419400215148925781e+00
-3.710173130035400391e+00,-5.677483558654785156e+00,-1.351297187805175781e+01,-4.792712688446044922e+00,-6.524362564086914062e+00
-3.493922233581542969e+00,-5.688519001007080078e+00,-1.378319740295410156e+01,-4.592779159545898438e+00,-6.639194011688232422e+00
-3.590994834899902344e+00,-5.684677124023437500e+00,-1.408527565002441406e+01,-4.525623321533203125e+00,-6.744621753692626953e+00
-4.008723258972167969e+00,-5.675206184387207031e+00,-1.424581813812255859e+01,-4.531282424926757812e+00,-6.696559906005859375e+00
-4.422143459320068359e+00,-5.647877216339111328e+00,-1.448039340972900391e+01,-4.727558135986328125e+00,-6.726698875427246094e+00
-4.614492893218994141e+00,-5.633345603942871094e+00,-1.470678615570068359e+01,-4.906978607177734375e+00,-6.820924282073974609e+00
-4.845411300659179688e+00,-5.613049507141113281e+00,-1.493540859222412109e+01,-5.115548610687255859e+00,-6.908432006835937500e+00
-4.733198165893554688e+00,-5.610373020172119141e+00,-1.509048748016357422e+01,-5.143682956695556641e+00,-6.964468955993652344e+00
-1.064139246940612793e+00,-5.856909751892089844e+00,-1.535219001770019531e+01,-4.963701725006103516e+00,-7.012461662292480469e+00
