-1.293213081359863281e+01,-5.148484230041503906e+00,-8.925245285034179688e+00,-1.079701232910156250e+01,-5.453125953674316406e+00
-1.303226852416992188e+01,-4.996216773986816406e+00,-9.055494308471679688e+00,-1.157279396057128906e+01,-5.493501663208007812e+00
-1.332564163208007812e+01,-4.919775009155273438e+00,-9.280766487121582031e+00,-1.253240966796875000e+01,-5.634682655334472656e+00
-1.387118816375732422e+01,-4.934315681457519531e+00,-9.394380569458007812e+00,-1.336323547363281250e+01,-5.889410495758056641e+00
-1.428350830078125000e+01,-4.958638668060302734e+00,-9.595687866210937500e+00,-1.405187702178955078e+01,-6.186012268066406250e+00
-1.399664115905761719e+01,-4.979035854339599609e+00,-1.013103866577148438e+01,-1.407406711578369141e+01,-6.404111862182617188e+00
-1.397636032104492188e+01,-4.994062423706054688e+00,-1.069784355163574219e+01,-1.414400386810302734e+01,-6.692607879638671875e+00
-1.401706886291503906e+01,-4.994496822357177734e+00,-1.129802894592285156e+01,-1.422381591796875000e+01,-6.970288276672363281e+00
-1.422251796722412109e+01,-4.993820190429687500e+00,-1.179403305053710938e+01,-1.437978267669677734e+01,-7.192105293273925781e+00
-1.433273601531982422e+01,-4.994184494018554688e+00,-1.224950790405273438e+01,-1.446107196807861328e+01,-7.377256393432617188e+00
-1.421713924407958984e+01,-4.997085094451904297e+00,-1.258807563781738281e+01,-1.443137550354003906e+01,-7.491865158081054688e+00
-1.404964733123779297e+01,-4.993292331695556641e+00,-1.285840988159179688e+01,-1.436243534088134766e+01,-7.557035446166992188e+00
-1.400062942504882812e+01,-4.987852573394775391e+00,-1.303842353820800781e+01,-1.429232692718505859e+01,-7.619332313537597656e+00
-1.430299186706542969e+01,-4.980069160461425781e+00,-1.317580413818359375e+01,-1.434182548522949219e+01,-7.679214477539062500e+00
-1.454700660705566406e+01,-4.977461338043212891e+00,-1.325977706909179688e+01,-1.443698596954345703e+01,-7.697094917297363281e+00
-1.457283306121826172e+01,-4.972324371337890625e+00,-1.363859176635742188e+01,-1.452963352203369141e+01,-7.809165954589843750e+00
-1.449583816528320312e+01,-4.975896835327148438e+00,-1.390216255187988281e+01,-1.459844970703125000e+01,-7.821728706359863281e+00
-1.442701053619384766e+01,-4.972875595092773438e+00,-1.421229171752929688e+01,-1.455328655242919922e+01,-7.863545417785644531e+00
-1.457797050476074219e+01,-4.973999977111816406e+00,-1.435534667968750000e+01,-1.461484622955322266e+01,-7.858984947204589844e+00
-1.464486980438232422e+01,-4.972803592681884766e+00,-1.448351287841796875e+01,-1.472649192810058594e+01,-7.868824958801269531e+00
-1.466665363311767578e+01,-4.970323562622070312e+00,-1.462787055969238281e+01,-1.482412624359130859e+01,-7.895969390869140625e+00
-1.476259231567382812e+01,-4.975837230682373047e+00,-1.453378295898437500e+01,-1.490192699432373047e+01,-7.925392150878906250e+00
-1.482997417449951172e+01,-4.982588768005371094e+00,-1.436922645568847656e+01,-1.504968166351318359e+01,-7.895998001098632812e+00
-1.488702297210693359e+01,-4.986040115356445312e+00,-1.430480003356933594e+01,-1.522743797302246094e+01,-7.860985755920410156e+00
-1.504450798034667969e+01,-4.993866443634033203e+00,-1.426253890991210938e+01,-1.536546897888183594e+01,-7.857886314392089844e+00
-1.525990581512451172e+01,-5.001069545745849609e+00,-1.415735626220703125e+01,-1.544705104827880859e+01,-7.877540588378906250e+00
-1.544140911102294922e+01,-5.003240585327148438e+00,-1.404743766784667969e+01,-1.543180084228515625e+01,-7.941012382507324219e+00
-1.542034149169921875e+01,-5.004636764526367188e+00,-1.398474121093750000e+01,-1.529222583770751953e+01,-7.987613677978515625e+00
-1.541297817230224609e+01,-4.997555732727050781e+00,-1.391593360900878906e+01,-1.509404850006103516e+01,-8.058745384216308594e+00
-1.537401294708251953e+01,-4.990810871124267578e+00,-1.379159355163574219e+01,-1.492459964752197266e+01,-8.098370552062988281e+00
-1.530569934844970703e+01,-4.985721588134765625e+00,-1.361369705200195312e+01,-1.482519149780273438e+01,-8.078884124755859375e+00
-1.523661899566650391e+01,-4.984067916870117188e+00,-1.338049697875976562e+01,-1.485730457305908203e+01,-7.981278419494628906e+00
-1.532406711578369141e+01,-4.986670017242431641e+00,-1.319651603698730469e+01,-1.498245620727539062e+01,-7.918342590332031250e+00
-1.541814041137695312e+01,-4.990526676177978516e+00,-1.312443542480468750e+01,-1.505951404571533203e+01,-7.923646926879882812e+00
-1.544607830047607422e+01,-4.988115310668945312e+00,-1.326063537597656250e+01,-1.504030704498291016e+01,-7.983654975891113281e+00
-1.521469116210937500e+01,-4.997427463531494141e+00,-1.324955749511718750e+01,-1.496530246734619141e+01,-7.959438323974609375e+00
-1.493578243255615234e+01,-5.004645824432373047e+00,-1.306237220764160156e+01,-1.502911567687988281e+01,-7.807441711425781250e+00
-1.467814445495605469e+01,-5.016539573669433594e+00,-1.279961967468261719e+01,-1.521231555938720703e+01,-7.616398811340332031e+00
-1.461965084075927734e+01,-5.027544975280761719e+00,-1.259270095825195312e+01,-1.540591526031494141e+01,-7.485386848449707031e+00
-1.464938449859619141e+01,-5.035613059997558594e+00,-1.248015594482421875e+01,-1.557068157196044922e+01,-7.420588493347167969e+00
-1.458931350708007812e+01,-5.034418106079101562e+00,-1.258914375305175781e+01,-1.559067916870117188e+01,-7.411600112915039062e+00
-1.464606761932373047e+01,-5.029051780700683594e+00,-1.269357681274414062e+01,-1.547070598602294922e+01,-7.434324264526367188e+00
-1.491397666931152344e+01,-5.021685600280761719e+00,-1.280498313903808594e+01,-1.547185230255126953e+01,-7.455080986022949219e+00
-1.515139198303222656e+01,-5.020575523376464844e+00,-1.280811500549316406e+01,-1.556074142456054688e+01,-7.484450340270996094e+00
-1.534989643096923828e+01,-5.018930435180664062e+00,-1.288711929321289062e+01,-1.569089603424072266e+01,-7.504634857177734375e+00
-1.557545089721679688e+01,-5.014367580413818359e+00,-1.300555419921875000e+01,-1.575558376312255859e+01,-7.559235572814941406e+00
-1.570488739013671875e+01,-5.006584167480468750e+00,-1.318667221069335938e+01,-1.573713302612304688e+01,-7.648358345031738281e+00
-1.581322288513183594e+01,-4.998757839202880859e+00,-1.332947921752929688e+01,-1.571179580688476562e+01,-7.665697097778320312e+00
-1.591382217407226562e+01,-4.999354362487792969e+00,-1.332312202453613281e+01,-1.568550968170166016e+01,-7.624759674072265625e+00
-1.597332191467285156e+01,-4.998081207275390625e+00,-1.329369926452636719e+01,-1.570520687103271484e+01,-7.577164649963378906e+00
-1.603656387329101562e+01,-4.999445438385009766e+00,-1.325421333312988281e+01,-1.570759773254394531e+01,-7.551424026489257812e+00
-1.603781700134277344e+01,-4.998509407043457031e+00,-1.320175743103027344e+01,-1.571132564544677734e+01,-7.467774391174316406e+00
-1.592242336273193359e+01,-4.993279457092285156e+00,-1.310764312744140625e+01,-1.569150638580322266e+01,-7.341533660888671875e+00
-1.586945629119873047e+01,-4.987483501434326172e+00,-1.294608688354492188e+01,-1.566275596618652344e+01,-7.266824722290039062e+00
-1.582891941070556641e+01,-4.980742454528808594e+00,-1.275042724609375000e+01,-1.557850742340087891e+01,-7.246236801147460938e+00
-1.568556308746337891e+01,-4.972390174865722656e+00,-1.274289703369140625e+01,-1.537715053558349609e+01,-7.313975334167480469e+00
-1.550606060028076172e+01,-4.961609363555908203e+00,-1.291154670715332031e+01,-1.506854724884033203e+01,-7.443124771118164062e+00
-1.523384380340576172e+01,-4.945154666900634766e+00,-1.317710304260253906e+01,-1.463233852386474609e+01,-7.592535972595214844e+00
-1.509176540374755859e+01,-4.929104328155517578e+00,-1.337720489501953125e+01,-1.415886974334716797e+01,-7.733274459838867188e+00
-1.498105144500732422e+01,-4.905039310455322266e+00,-1.359445953369140625e+01,-1.370905017852783203e+01,-7.888749122619628906e+00
-1.466036415100097656e+01,-4.872896194458007812e+00,-1.377022552490234375e+01,-1.312840938568115234e+01,-7.958719253540039062e+00
-1.415145015716552734e+01,-4.839615345001220703e+00,-1.373577690124511719e+01,-1.248177146911621094e+01,-7.790259361267089844e+00
-1.341963481903076172e+01,-4.797325134277343750e+00,-1.369138336181640625e+01,-1.174664115905761719e+01,-7.573767662048339844e+00
-1.268765735626220703e+01,-4.773341178894042969e+00,-1.352147102355957031e+01,-1.137320137023925781e+01,-7.284710884094238281e+00
-1.213636302947998047e+01,-4.777047157287597656e+00,-1.340518760681152344e+01,-1.157360267639160156e+01,-7.016090393066406250e+00
-1.196833992004394531e+01,-4.817674636840820312e+00,-1.322437667846679688e+01,-1.232987594604492188e+01,-6.794123649597167969e+00
-1.228046703338623047e+01,-4.881682395935058594e+00,-1.303461265563964844e+01,-1.332252597808837891e+01,-6.668168067932128906e+00
-1.270832252502441406e+01,-4.941590785980224609e+00,-1.291994476318359375e+01,-1.416345596313476562e+01,-6.694499969482421875e+00
-1.320038223266601562e+01,-4.974462985992431641e+00,-1.292562675476074219e+01,-1.466553211212158203e+01,-6.842425346374511719e+00
-1.372667121887207031e+01,-4.995820045471191406e+00,-1.299308395385742188e+01,-1.503191280364990234e+01,-6.946406364440917969e+00
-1.411334037780761719e+01,-5.008345603942871094e+00,-1.299085807800292969e+01,-1.523769569396972656e+01,-7.010614395141601562e+00
-1.435943222045898438e+01,-5.020398139953613281e+00,-1.293322372436523438e+01,-1.540495586395263672e+01,-7.059601783752441406e+00
-1.437776374816894531e+01,-5.024836063385009766e+00,-1.294235801696777344e+01,-1.550318050384521484e+01,-7.056346893310546875e+00
-1.431099891662597656e+01,-5.029253482818603516e+00,-1.299447441101074219e+01,-1.562882232666015625e+01,-7.048594474792480469e+00
-1.426029014587402344e+01,-5.032017707824707031e+00,-1.313110733032226562e+01,-1.572533130645751953e+01,-7.065295219421386719e+00
-1.403891944885253906e+01,-5.036631584167480469e+00,-1.327837562561035156e+01,-1.570401573181152344e+01,-7.059105873107910156e+00
-1.372807693481445312e+01,-5.041769981384277344e+00,-1.349270439147949219e+01,-1.559787654876708984e+01,-7.064827919006347656e+00
-1.324997520446777344e+01,-5.039185523986816406e+00,-1.357529640197753906e+01,-1.528812217712402344e+01,-7.027334213256835938e+00
-1.341607952117919922e+01,-5.033509731292724609e+00,-1.364043426513671875e+01,-1.528386402130126953e+01,-7.073382377624511719e+00
-1.386585712432861328e+01,-5.037246704101562500e+00,-1.357437324523925781e+01,-1.546276855468750000e+01,-7.131672859191894531e+00
-1.427211856842041016e+01,-5.039911270141601562e+00,-1.335144424438476562e+01,-1.562537288665771484e+01,-7.181867599487304688e+00
-1.443419265747070312e+01,-5.046502113342285156e+00,-1.309056854248046875e+01,-1.571119022369384766e+01,-7.179332733154296875e+00
-1.439952945709228516e+01,-5.052110671997070312e+00,-1.268010520935058594e+01,-1.576366233825683594e+01,-7.084282875061035156e+00
-1.444218730926513672e+01,-5.048557758331298828e+00,-1.226227188110351562e+01,-1.587870597839355469e+01,-7.013879776000976562e+00
-1.442502307891845703e+01,-5.040614128112792969e+00,-1.182386398315429688e+01,-1.597455596923828125e+01,-6.907486915588378906e+00
-1.437139225006103516e+01,-5.035386085510253906e+00,-1.146258354187011719e+01,-1.603480911254882812e+01,-6.801506996154785156e+00
-1.433802795410156250e+01,-5.032662868499755859e+00,-1.135088157653808594e+01,-1.608145523071289062e+01,-6.778795242309570312e+00
-1.423594760894775391e+01,-5.026822566986083984e+00,-1.136517333984375000e+01,-1.605361175537109375e+01,-6.835592269897460938e+00
-1.416975784301757812e+01,-5.019937992095947266e+00,-1.149709892272949219e+01,-1.596015262603759766e+01,-6.950837135314941406e+00
-1.420227146148681641e+01,-5.016092777252197266e+00,-1.169325256347656250e+01,-1.583650779724121094e+01,-7.090159416198730469e+00
-1.428450298309326172e+01,-5.015603065490722656e+00,-1.178379821777343750e+01,-1.570544815063476562e+01,-7.141293525695800781e+00
-1.411931514739990234e+01,-5.019354820251464844e+00,-1.185407257080078125e+01,-1.566708564758300781e+01,-7.194828987121582031e+00
-1.397184562683105469e+01,-5.035928726196289062e+00,-1.225304985046386719e+01,-1.576110172271728516e+01,-7.258856773376464844e+00
-1.388730049133300781e+01,-5.057285308837890625e+00,-1.255133342742919922e+01,-1.585923480987548828e+01,-7.282384872436523438e+00
-1.383639717102050781e+01,-5.052732467651367188e+00,-1.307595634460449219e+01,-1.582623958587646484e+01,-7.425552368164062500e+00
-1.375204849243164062e+01,-5.044892787933349609e+00,-1.368912696838378906e+01,-1.570672702789306641e+01,-7.574349403381347656e+00
-1.389850616455078125e+01,-5.025183677673339844e+00,-1.427920150756835938e+01,-1.556157302856445312e+01,-7.726094245910644531e+00
-1.407634639739990234e+01,-5.031671524047851562e+00,-1.443043518066406250e+01,-1.563004493713378906e+01,-7.649727821350097656e+00
-1.412727642059326172e+01,-5.029101371765136719e+00,-1.469551086425781250e+01,-1.572962379455566406e+01,-7.611446380615234375e+00
-1.402151966094970703e+01,-5.025905609130859375e+00,-1.493301200866699219e+01,-1.573357200622558594e+01,-7.608771324157714844e+00
-1.402367115020751953e+01,-5.023974895477294922e+00,-1.505970764160156250e+01,-1.577611827850341797e+01,-7.592371940612792969e+00
-1.398697090148925781e+01,-5.025455474853515625e+00,-1.509181022644042969e+01,-1.584892940521240234e+01,-7.537851333618164062e+00
-1.365165805816650391e+01,-5.022941112518310547e+00,-1.520902633666992188e+01,-1.586119842529296875e+01,-7.544054985046386719e+00
-1.340169239044189453e+01,-5.021472454071044922e+00,-1.532802200317382812e+01,-1.583225536346435547e+01,-7.594001770019531250e+00
-1.345519924163818359e+01,-5.010320186614990234e+00,-1.544195747375488281e+01,-1.580664539337158203e+01,-7.683932304382324219e+00
-1.362677478790283203e+01,-5.004367828369140625e+00,-1.540300559997558594e+01,-1.576805019378662109e+01,-7.730126380920410156e+00
-1.382225227355957031e+01,-5.001430988311767578e+00,-1.534664154052734375e+01,-1.576989173889160156e+01,-7.768613815307617188e+00
-1.407083797454833984e+01,-4.996083259582519531e+00,-1.529948043823242188e+01,-1.578114795684814453e+01,-7.813476562500000000e+00
-1.428579902648925781e+01,-4.990978240966796875e+00,-1.525047683715820312e+01,-1.579784774780273438e+01,-7.852863311767578125e+00
-1.446800041198730469e+01,-4.986659049987792969e+00,-1.514573478698730469e+01,-1.575638198852539062e+01,-7.893544197082519531e+00
-1.462976646423339844e+01,-4.992864608764648438e+00,-1.494280052185058594e+01,-1.571364307403564453e+01,-7.864253044128417969e+00
-1.479296875000000000e+01,-4.991140842437744141e+00,-1.481430625915527344e+01,-1.563096904754638672e+01,-7.858736038208007812e+00
-1.497031593322753906e+01,-4.995152950286865234e+00,-1.466306877136230469e+01,-1.562370777130126953e+01,-7.850474357604980469e+00
-1.500070953369140625e+01,-5.002419471740722656e+00,-1.446087074279785156e+01,-1.570278263092041016e+01,-7.794639587402343750e+00
-1.484952449798583984e+01,-5.004068374633789062e+00,-1.440855789184570312e+01,-1.575376892089843750e+01,-7.761967658996582031e+00
-1.470252609252929688e+01,-5.011775016784667969e+00,-1.429922676086425781e+01,-1.574098873138427734e+01,-7.720935821533203125e+00
-1.438134479522705078e+01,-5.024988651275634766e+00,-1.397398948669433594e+01,-1.563092899322509766e+01,-7.598367691040039062e+00
-1.436870098114013672e+01,-5.020123958587646484e+00,-1.369834709167480469e+01,-1.569511699676513672e+01,-7.494159698486328125e+00
-1.451294326782226562e+01,-5.023512840270996094e+00,-1.340205192565917969e+01,-1.579552841186523438e+01,-7.422025680541992188e+00
-1.453144264221191406e+01,-5.024237155914306641e+00,-1.309842681884765625e+01,-1.576013851165771484e+01,-7.453668594360351562e+00
-1.460025882720947266e+01,-5.019884109497070312e+00,-1.280095672607421875e+01,-1.558088111877441406e+01,-7.548176765441894531e+00
-1.485751152038574219e+01,-5.007754802703857422e+00,-1.260170936584472656e+01,-1.534850406646728516e+01,-7.656144142150878906e+00
-1.523537254333496094e+01,-4.989270687103271484e+00,-1.257182121276855469e+01,-1.519669055938720703e+01,-7.758568763732910156e+00
-1.537197399139404297e+01,-4.974072933197021484e+00,-1.268262100219726562e+01,-1.502719593048095703e+01,-7.913743972778320312e+00
-1.563355159759521484e+01,-4.974389553070068359e+00,-1.265447235107421875e+01,-1.505201244354248047e+01,-7.969679832458496094e+00
-1.580592632293701172e+01,-4.987698078155517578e+00,-1.229637241363525391e+01,-1.519593143463134766e+01,-7.851920127868652344e+00
-1.571256542205810547e+01,-4.995917797088623047e+00,-1.158587360382080078e+01,-1.547944927215576172e+01,-7.509795188903808594e+00
-1.548706340789794922e+01,-4.997823238372802734e+00,-1.107150077819824219e+01,-1.582344722747802734e+01,-7.169875144958496094e+00
-1.520076942443847656e+01,-5.013163089752197266e+00,-1.086430168151855469e+01,-1.594443511962890625e+01,-7.002302169799804688e+00
-1.497633934020996094e+01,-5.031750202178955078e+00,-1.078901481628417969e+01,-1.595946407318115234e+01,-6.931333541870117188e+00
-1.466407489776611328e+01,-5.030654907226562500e+00,-1.103089332580566406e+01,-1.586843585968017578e+01,-7.042708396911621094e+00
-1.443632793426513672e+01,-5.024717807769775391e+00,-1.136457347869873047e+01,-1.567893028259277344e+01,-7.195863723754882812e+00
-1.432633399963378906e+01,-5.024496555328369141e+00,-1.152361679077148438e+01,-1.544925212860107422e+01,-7.214807510375976562e+00
-1.432378768920898438e+01,-5.015898227691650391e+00,-1.157814025878906250e+01,-1.530105876922607422e+01,-7.194954872131347656e+00
-1.449723911285400391e+01,-5.019253730773925781e+00,-1.140178489685058594e+01,-1.533164882659912109e+01,-7.126303672790527344e+00
-1.463696479797363281e+01,-5.024840831756591797e+00,-1.125632095336914062e+01,-1.539039516448974609e+01,-7.079948425292968750e+00
-1.484085369110107422e+01,-5.035922050476074219e+00,-1.092372131347656250e+01,-1.545085716247558594e+01,-6.992008209228515625e+00
-1.497437477111816406e+01,-5.040015697479248047e+00,-1.064604187011718750e+01,-1.555969142913818359e+01,-6.920679092407226562e+00
-1.517552280426025391e+01,-5.050333023071289062e+00,-1.009500122070312500e+01,-1.566233825683593750e+01,-6.771159172058105469e+00
-1.540624046325683594e+01,-5.044838905334472656e+00,-9.634304046630859375e+00,-1.571756267547607422e+01,-6.681258201599121094e+00
-1.551157474517822266e+01,-5.033271312713623047e+00,-9.377895355224609375e+00,-1.570233058929443359e+01,-6.667933464050292969e+00
-1.538727092742919922e+01,-5.029229640960693359e+00,-9.044918060302734375e+00,-1.554262161254882812e+01,-6.597577095031738281e+00
-1.510257625579833984e+01,-5.027510166168212891e+00,-8.616736412048339844e+00,-1.533280181884765625e+01,-6.452589035034179688e+00
-1.476729869842529297e+01,-5.134707450866699219e+00,-7.447411537170410156e+00,-1.530667018890380859e+01,-6.056705474853515625e+00
-1.444527339935302734e+01,-5.274609565734863281e+00,-6.655763626098632812e+00,-1.547797107696533203e+01,-5.821609020233154297e+00
-1.430617141723632812e+01,-5.408968448638916016e+00,-6.222656250000000000e+00,-1.560187816619873047e+01,-5.745759963989257812e+00
-1.430180835723876953e+01,-5.672646999359130859e+00,-5.799949645996093750e+00,-1.562118816375732422e+01,-5.729654312133789062e+00
-1.435676860809326172e+01,-5.966519832611083984e+00,-5.511386871337890625e+00,-1.554086399078369141e+01,-5.807791709899902344e+00
-1.446672821044921875e+01,-6.215372085571289062e+00,-5.341086864471435547e+00,-1.548518466949462891e+01,-5.896818161010742188e+00
-1.456478023529052734e+01,-6.463127613067626953e+00,-5.221086025238037109e+00,-1.549083423614501953e+01,-5.941600322723388672e+00
-1.461796760559082031e+01,-6.681571006774902344e+00,-5.144852638244628906e+00,-1.555959415435791016e+01,-5.997778892517089844e+00
-1.457441997528076172e+01,-6.877075672149658203e+00,-5.076472282409667969e+00,-1.560004329681396484e+01,-6.044020652770996094e+00
-1.430016517639160156e+01,-7.080182075500488281e+00,-5.014367103576660156e+00,-1.554032230377197266e+01,-6.031487464904785156e+00
-1.401752948760986328e+01,-7.295766830444335938e+00,-4.944304466247558594e+00,-1.556911563873291016e+01,-5.972147464752197266e+00
-1.376241397857666016e+01,-7.553199768066406250e+00,-4.871507644653320312e+00,-1.566387271881103516e+01,-5.872522354125976562e+00
-1.353351783752441406e+01,-7.980732917785644531e+00,-4.790618896484375000e+00,-1.567405033111572266e+01,-5.809668540954589844e+00
-1.350478267669677734e+01,-8.432304382324218750e+00,-4.771637916564941406e+00,-1.564362144470214844e+01,-5.801726341247558594e+00
-1.354071807861328125e+01,-8.865152359008789062e+00,-4.773155212402343750e+00,-1.547546100616455078e+01,-5.875860214233398438e+00
-1.370858383178710938e+01,-9.276065826416015625e+00,-4.772219657897949219e+00,-1.533965587615966797e+01,-5.991575717926025391e+00
-1.405281448364257812e+01,-9.612849235534667969e+00,-4.781630039215087891e+00,-1.524985027313232422e+01,-6.135807037353515625e+00
-1.437145996093750000e+01,-9.870708465576171875e+00,-4.788095474243164062e+00,-1.516393184661865234e+01,-6.286211967468261719e+00
-1.462718868255615234e+01,-1.007045173645019531e+01,-4.790103912353515625e+00,-1.510605716705322266e+01,-6.392992019653320312e+00
-1.479111385345458984e+01,-1.023586654663085938e+01,-4.791149616241455078e+00,-1.509961223602294922e+01,-6.435568809509277344e+00
-1.488016796112060547e+01,-1.037974452972412109e+01,-4.798704624176025391e+00,-1.510323333740234375e+01,-6.449259757995605469e+00
-1.480136680603027344e+01,-1.053090000152587891e+01,-4.807348251342773438e+00,-1.500578594207763672e+01,-6.430859565734863281e+00
-1.456066036224365234e+01,-1.065983009338378906e+01,-4.810006141662597656e+00,-1.494119262695312500e+01,-6.330959320068359375e+00
-1.423851680755615234e+01,-1.087374305725097656e+01,-4.808820724487304688e+00,-1.482524394989013672e+01,-6.192453384399414062e+00
-1.377263355255126953e+01,-1.111710929870605469e+01,-4.803685665130615234e+00,-1.465314006805419922e+01,-6.058139801025390625e+00
-1.338816261291503906e+01,-1.134456062316894531e+01,-4.795104026794433594e+00,-1.453862762451171875e+01,-5.905472755432128906e+00
-1.321706485748291016e+01,-1.153420066833496094e+01,-4.794503211975097656e+00,-1.457986545562744141e+01,-5.758887290954589844e+00
-1.275162601470947266e+01,-1.163689517974853516e+01,-4.796367168426513672e+00,-1.472775936126708984e+01,-5.656479835510253906e+00
-1.208727550506591797e+01,-1.173394203186035156e+01,-4.792470932006835938e+00,-1.486276531219482422e+01,-5.576377868652343750e+00
-1.145460605621337891e+01,-1.182380867004394531e+01,-4.790449619293212891e+00,-1.497531795501708984e+01,-5.513355255126953125e+00
-1.099041461944580078e+01,-1.188319969177246094e+01,-4.789042472839355469e+00,-1.505038547515869141e+01,-5.440328598022460938e+00
-1.092807674407958984e+01,-1.192222595214843750e+01,-4.791645526885986328e+00,-1.512836837768554688e+01,-5.368968009948730469e+00
-1.114652919769287109e+01,-1.199719619750976562e+01,-4.793303012847900391e+00,-1.521270370483398438e+01,-5.312184333801269531e+00
-1.121830844879150391e+01,-1.208803176879882812e+01,-4.784073829650878906e+00,-1.526685047149658203e+01,-5.248198986053466797e+00
-1.118743228912353516e+01,-1.211049842834472656e+01,-4.783870697021484375e+00,-1.539456653594970703e+01,-5.130997657775878906e+00
-1.122364425659179688e+01,-1.209215164184570312e+01,-4.788937568664550781e+00,-1.551888561248779297e+01,-5.057518959045410156e+00
-1.146722984313964844e+01,-1.203778934478759766e+01,-4.793642044067382812e+00,-1.560796833038330078e+01,-5.077234268188476562e+00
-1.192888736724853516e+01,-1.196492958068847656e+01,-4.794448375701904297e+00,-1.575703239440917969e+01,-5.196011543273925781e+00
-1.239303398132324219e+01,-1.194144821166992188e+01,-4.794877529144287109e+00,-1.580848217010498047e+01,-5.389285087585449219e+00
-1.275271129608154297e+01,-1.194096183776855469e+01,-4.790223121643066406e+00,-1.575326061248779297e+01,-5.607845783233642578e+00
-1.302284336090087891e+01,-1.196984767913818359e+01,-4.787125587463378906e+00,-1.567215442657470703e+01,-5.770515918731689453e+00
-1.322381401062011719e+01,-1.200377464294433594e+01,-4.788304328918457031e+00,-1.552676105499267578e+01,-5.879766464233398438e+00
-1.336790275573730469e+01,-1.203220558166503906e+01,-4.799242019653320312e+00,-1.536369419097900391e+01,-5.965045928955078125e+00
-1.321628189086914062e+01,-1.205454063415527344e+01,-4.813476562500000000e+00,-1.520199871063232422e+01,-5.982137203216552734e+00
-1.278163909912109375e+01,-1.213513565063476562e+01,-4.829871177673339844e+00,-1.498435497283935547e+01,-5.902798652648925781e+00
-1.257561874389648438e+01,-1.217799377441406250e+01,-4.844902038574218750e+00,-1.483711147308349609e+01,-5.814393997192382812e+00
-1.244713115692138672e+01,-1.219870090484619141e+01,-4.850991249084472656e+00,-1.478758144378662109e+01,-5.725639343261718750e+00
-1.232921981811523438e+01,-1.221375751495361328e+01,-4.853487968444824219e+00,-1.482610416412353516e+01,-5.650286674499511719e+00
-1.201209926605224609e+01,-1.220510482788085938e+01,-4.853484630584716797e+00,-1.489426422119140625e+01,-5.549736976623535156e+00
-1.154145431518554688e+01,-1.222439956665039062e+01,-4.857293128967285156e+00,-1.483322048187255859e+01,-5.496095657348632812e+00
-1.127073478698730469e+01,-1.234230518341064453e+01,-4.848848819732666016e+00,-1.491802406311035156e+01,-5.332592964172363281e+00
-1.103039550781250000e+01,-1.233732128143310547e+01,-4.832633495330810547e+00,-1.512026691436767578e+01,-5.126090526580810547e+00
-1.105939292907714844e+01,-1.238811969757080078e+01,-4.825342178344726562e+00,-1.538081073760986328e+01,-4.969052314758300781e+00
-1.126817989349365234e+01,-1.247462844848632812e+01,-4.816910743713378906e+00,-1.560509967803955078e+01,-4.861919403076171875e+00
-1.108870220184326172e+01,-1.250926780700683594e+01,-4.794682979583740234e+00,-1.560628795623779297e+01,-4.742785453796386719e+00
-1.126580429077148438e+01,-1.258648395538330078e+01,-4.794613838195800781e+00,-1.566384887695312500e+01,-4.741419315338134766e+00
-1.144870376586914062e+01,-1.266025924682617188e+01,-4.777939319610595703e+00,-1.578176879882812500e+01,-4.758888244628906250e+00
-1.164538764953613281e+01,-1.271342086791992188e+01,-4.775545120239257812e+00,-1.593842792510986328e+01,-4.783382415771484375e+00
-1.179726028442382812e+01,-1.272390365600585938e+01,-4.773081779479980469e+00,-1.607092285156250000e+01,-4.804196834564208984e+00
-1.194260692596435547e+01,-1.273275852203369141e+01,-4.762288570404052734e+00,-1.609466171264648438e+01,-4.876200675964355469e+00
-1.200055503845214844e+01,-1.277393913269042969e+01,-4.762756347656250000e+00,-1.608634185791015625e+01,-4.938206672668457031e+00
-1.203170394897460938e+01,-1.281762504577636719e+01,-4.757068157196044922e+00,-1.603199195861816406e+01,-4.989897727966308594e+00
-1.185492420196533203e+01,-1.281790733337402344e+01,-4.741810798645019531e+00,-1.593987655639648438e+01,-5.039129734039306641e+00
-1.155553340911865234e+01,-1.283370113372802734e+01,-4.737309455871582031e+00,-1.582992458343505859e+01,-5.103234291076660156e+00
-1.157112216949462891e+01,-1.288739299774169922e+01,-4.746203422546386719e+00,-1.579133892059326172e+01,-5.165509223937988281e+00
-1.183242225646972656e+01,-1.290008926391601562e+01,-4.747657299041748047e+00,-1.581261253356933594e+01,-5.235783576965332031e+00
-1.220314407348632812e+01,-1.289104175567626953e+01,-4.745005607604980469e+00,-1.585790443420410156e+01,-5.311059951782226562e+00
-1.265976333618164062e+01,-1.288174629211425781e+01,-4.745074272155761719e+00,-1.591467285156250000e+01,-5.412530422210693359e+00
-1.311060428619384766e+01,-1.286495780944824219e+01,-4.745197772979736328e+00,-1.593701457977294922e+01,-5.536058425903320312e+00
-1.346878242492675781e+01,-1.286457061767578125e+01,-4.743730545043945312e+00,-1.588867187500000000e+01,-5.677504062652587891e+00
-1.379430103302001953e+01,-1.287082481384277344e+01,-4.743155002593994141e+00,-1.582265281677246094e+01,-5.831858634948730469e+00
-1.409773731231689453e+01,-1.285340595245361328e+01,-4.741369247436523438e+00,-1.574912071228027344e+01,-5.995720863342285156e+00
-1.430957031250000000e+01,-1.285987472534179688e+01,-4.743813514709472656e+00,-1.563107490539550781e+01,-6.142490386962890625e+00
-1.443862247467041016e+01,-1.286457443237304688e+01,-4.745156288146972656e+00,-1.550815963745117188e+01,-6.252197265625000000e+00
-1.443730831146240234e+01,-1.284577369689941406e+01,-4.745481491088867188e+00,-1.536053848266601562e+01,-6.364894866943359375e+00
-1.446665477752685547e+01,-1.287081432342529297e+01,-4.761163711547851562e+00,-1.521786117553710938e+01,-6.429397583007812500e+00
-1.430692672729492188e+01,-1.281529235839843750e+01,-4.760833740234375000e+00,-1.511540222167968750e+01,-6.467811584472656250e+00
-1.403709983825683594e+01,-1.283465957641601562e+01,-4.768985271453857422e+00,-1.491880321502685547e+01,-6.523976325988769531e+00
-1.374779605865478516e+01,-1.284761238098144531e+01,-4.769518852233886719e+00,-1.472434043884277344e+01,-6.512170791625976562e+00
-1.356403255462646484e+01,-1.285517215728759766e+01,-4.775962829589843750e+00,-1.463896656036376953e+01,-6.439311027526855469e+00
-1.351428508758544922e+01,-1.288248252868652344e+01,-4.780686378479003906e+00,-1.464869117736816406e+01,-6.359032630920410156e+00
-1.355712890625000000e+01,-1.287756252288818359e+01,-4.783008575439453125e+00,-1.464118957519531250e+01,-6.359543800354003906e+00
-1.354229354858398438e+01,-1.283917713165283203e+01,-4.782819747924804688e+00,-1.474441242218017578e+01,-6.350790977478027344e+00
-1.345493507385253906e+01,-1.281480121612548828e+01,-4.781019687652587891e+00,-1.487428474426269531e+01,-6.309660911560058594e+00
-1.331813049316406250e+01,-1.279048347473144531e+01,-4.777391433715820312e+00,-1.493392753601074219e+01,-6.254053115844726562e+00
-1.313807678222656250e+01,-1.280368041992187500e+01,-4.776262283325195312e+00,-1.491789054870605469e+01,-6.184116363525390625e+00
-1.222931194305419922e+01,-1.283518409729003906e+01,-4.770163059234619141e+00,-1.458720874786376953e+01,-6.134643554687500000e+00
-1.193612384796142578e+01,-1.283720111846923828e+01,-4.765520572662353516e+00,-1.438687324523925781e+01,-6.013653755187988281e+00
-1.142479515075683594e+01,-1.278625202178955078e+01,-4.761510848999023438e+00,-1.397683811187744141e+01,-5.949607849121093750e+00
-1.088017368316650391e+01,-1.274744033813476562e+01,-4.750207901000976562e+00,-1.354254341125488281e+01,-5.862056732177734375e+00
-9.586419105529785156e+00,-1.267238044738769531e+01,-4.750720977783203125e+00,-1.273824501037597656e+01,-5.798346519470214844e+00
-9.547787666320800781e+00,-1.260753440856933594e+01,-4.732727527618408203e+00,-1.234705162048339844e+01,-5.639178276062011719e+00
-9.745290756225585938e+00,-1.254455852508544922e+01,-4.717475414276123047e+00,-1.240122795104980469e+01,-5.539051055908203125e+00
-1.025805091857910156e+01,-1.252436256408691406e+01,-4.725469589233398438e+00,-1.301854801177978516e+01,-5.511001586914062500e+00
-1.079151630401611328e+01,-1.250010871887207031e+01,-4.752453327178955078e+00,-1.369322681427001953e+01,-5.580373764038085938e+00
-1.164009571075439453e+01,-1.248317718505859375e+01,-4.774268627166748047e+00,-1.425685787200927734e+01,-5.658257484436035156e+00
-1.240254402160644531e+01,-1.248409652709960938e+01,-4.787997245788574219e+00,-1.460075950622558594e+01,-5.729928970336914062e+00
-1.291566848754882812e+01,-1.249953937530517578e+01,-4.791051387786865234e+00,-1.483188533782958984e+01,-5.807200908660888672e+00
-1.316810035705566406e+01,-1.253342342376708984e+01,-4.788255691528320312e+00,-1.489161777496337891e+01,-5.954369544982910156e+00
-1.308668994903564453e+01,-1.255024147033691406e+01,-4.782577037811279297e+00,-1.472539997100830078e+01,-6.113929748535156250e+00
-1.270794486999511719e+01,-1.251442909240722656e+01,-4.772010803222656250e+00,-1.409259128570556641e+01,-6.326825141906738281e+00
-1.216530895233154297e+01,-1.234731864929199219e+01,-4.747448444366455078e+00,-1.278441047668457031e+01,-6.534832000732421875e+00
-1.144839096069335938e+01,-1.196109580993652344e+01,-4.736874580383300781e+00,-1.083515548706054688e+01,-6.674924850463867188e+00
-1.064208698272705078e+01,-1.151984024047851562e+01,-4.825660705566406250e+00,-8.668992996215820312e+00,-6.773709297180175781e+00
-9.977892875671386719e+00,-1.118440628051757812e+01,-5.146726608276367188e+00,-7.154890060424804688e+00,-6.831135749816894531e+00
-9.509884834289550781e+00,-1.103655529022216797e+01,-5.560484886169433594e+00,-6.452274322509765625e+00,-6.781122207641601562e+00
-9.266682624816894531e+00,-1.096706676483154297e+01,-5.816638469696044922e+00,-6.291487216949462891e+00,-6.531744956970214844e+00
-9.265106201171875000e+00,-1.093659210205078125e+01,-5.770474910736083984e+00,-6.553946971893310547e+00,-6.106858253479003906e+00
-9.883407592773437500e+00,-1.092945957183837891e+01,-5.517676830291748047e+00,-7.569033622741699219e+00,-5.675791740417480469e+00
-1.086477088928222656e+01,-1.110105609893798828e+01,-5.171064853668212891e+00,-9.663949966430664062e+00,-5.312679290771484375e+00
-1.161872100830078125e+01,-1.146950244903564453e+01,-4.962766647338867188e+00,-1.210991859436035156e+01,-5.083123683929443359e+00
-1.190917015075683594e+01,-1.180432510375976562e+01,-4.890244960784912109e+00,-1.381702709197998047e+01,-4.926738739013671875e+00
-1.186131381988525391e+01,-1.204677486419677734e+01,-4.862108230590820312e+00,-1.474825954437255859e+01,-4.790167331695556641e+00
-1.164067077636718750e+01,-1.216746711730957031e+01,-4.843162059783935547e+00,-1.518361473083496094e+01,-4.683806419372558594e+00
-1.137623500823974609e+01,-1.221816349029541016e+01,-4.832584381103515625e+00,-1.533548450469970703e+01,-4.611023426055908203e+00
-1.107742118835449219e+01,-1.218269348144531250e+01,-4.829553604125976562e+00,-1.533244323730468750e+01,-4.606138229370117188e+00
-1.092610836029052734e+01,-1.210515403747558594e+01,-4.842890739440917969e+00,-1.515481853485107422e+01,-4.699824333190917969e+00
-1.068931484222412109e+01,-1.211127376556396484e+01,-4.838830471038818359e+00,-1.473867511749267578e+01,-4.756610870361328125e+00
-1.068338966369628906e+01,-1.199537086486816406e+01,-4.858626842498779297e+00,-1.417924022674560547e+01,-4.830394744873046875e+00
-1.115373134613037109e+01,-1.180491161346435547e+01,-4.869004726409912109e+00,-1.374091720581054688e+01,-4.997491836547851562e+00
-1.193202590942382812e+01,-1.161145401000976562e+01,-4.872562408447265625e+00,-1.341942691802978516e+01,-5.233688354492187500e+00
-1.266979885101318359e+01,-1.145598983764648438e+01,-4.869745731353759766e+00,-1.313347530364990234e+01,-5.399742603302001953e+00
-1.324381446838378906e+01,-1.132920455932617188e+01,-4.870207786560058594e+00,-1.277193546295166016e+01,-5.525882720947265625e+00
-1.367522239685058594e+01,-1.116643810272216797e+01,-4.875274658203125000e+00,-1.229781913757324219e+01,-5.644902229309082031e+00
-1.398640537261962891e+01,-1.096641540527343750e+01,-4.886264801025390625e+00,-1.157912445068359375e+01,-5.787253856658935547e+00
-1.415822982788085938e+01,-1.067866897583007812e+01,-4.914269447326660156e+00,-1.061213874816894531e+01,-5.942861080169677734e+00
-1.422908878326416016e+01,-1.031269741058349609e+01,-4.997080802917480469e+00,-9.442941665649414062e+00,-6.123603820800781250e+00
-1.437496185302734375e+01,-9.930076599121093750e+00,-5.175105571746826172e+00,-8.357765197753906250e+00,-6.306674957275390625e+00
-1.449879455566406250e+01,-9.599807739257812500e+00,-5.463300704956054688e+00,-7.416645050048828125e+00,-6.521854400634765625e+00
-1.453155612945556641e+01,-9.337352752685546875e+00,-5.896203517913818359e+00,-6.667637825012207031e+00,-6.773032188415527344e+00
-1.454364967346191406e+01,-9.112687110900878906e+00,-6.419817924499511719e+00,-6.172030448913574219e+00,-7.191836357116699219e+00
-1.465603256225585938e+01,-8.961250305175781250e+00,-6.993853569030761719e+00,-5.860982418060302734e+00,-7.506007194519042969e+00
-1.470104789733886719e+01,-8.896629333496093750e+00,-7.569043159484863281e+00,-5.684672355651855469e+00,-7.635251045227050781e+00
-1.465515422821044922e+01,-8.910947799682617188e+00,-8.058975219726562500e+00,-5.593730449676513672e+00,-7.613945960998535156e+00
-1.459576892852783203e+01,-8.953130722045898438e+00,-8.444576263427734375e+00,-5.553999900817871094e+00,-7.480932235717773438e+00
-1.455878353118896484e+01,-9.028093338012695312e+00,-8.778325080871582031e+00,-5.527001380920410156e+00,-7.353872299194335938e+00
-1.440815544128417969e+01,-9.121141433715820312e+00,-9.168251991271972656e+00,-5.498961448669433594e+00,-7.265203475952148438e+00
-1.405670928955078125e+01,-9.240720748901367188e+00,-9.615665435791015625e+00,-5.465056419372558594e+00,-7.179941177368164062e+00
-1.380043792724609375e+01,-9.349822998046875000e+00,-1.002953433990478516e+01,-5.445281982421875000e+00,-7.048078536987304688e+00
-1.338021087646484375e+01,-9.537628173828125000e+00,-1.042908859252929688e+01,-5.409404754638671875e+00,-6.943657875061035156e+00
-1.334126949310302734e+01,-9.765268325805664062e+00,-1.068285560607910156e+01,-5.385732173919677734e+00,-6.785140991210937500e+00
-1.359532451629638672e+01,-9.949852943420410156e+00,-1.076915931701660156e+01,-5.392520904541015625e+00,-6.587399482727050781e+00
-1.364854240417480469e+01,-1.014010429382324219e+01,-1.085193824768066406e+01,-5.389700412750244141e+00,-6.492548942565917969e+00
-1.394543361663818359e+01,-1.028924179077148438e+01,-1.098191261291503906e+01,-5.377735137939453125e+00,-6.466833114624023438e+00
-1.430379962921142578e+01,-1.045885658264160156e+01,-1.111985969543457031e+01,-5.348434448242187500e+00,-6.563680648803710938e+00
-1.465795230865478516e+01,-1.064087104797363281e+01,-1.131477451324462891e+01,-5.303575515747070312e+00,-6.781391143798828125e+00
-1.486406040191650391e+01,-1.084303474426269531e+01,-1.156162071228027344e+01,-5.257702350616455078e+00,-7.082557678222656250e+00
-1.496988582611083984e+01,-1.105224609375000000e+01,-1.175052452087402344e+01,-5.203839302062988281e+00,-7.313411712646484375e+00
-1.476295566558837891e+01,-1.120268058776855469e+01,-1.203619194030761719e+01,-5.151655197143554688e+00,-7.639064788818359375e+00
-1.452584457397460938e+01,-1.134668350219726562e+01,-1.235354423522949219e+01,-5.109707355499267578e+00,-8.003480911254882812e+00
-1.434324169158935547e+01,-1.152524375915527344e+01,-1.258619689941406250e+01,-5.068902969360351562e+00,-8.258697509765625000e+00
-1.427770805358886719e+01,-1.169949245452880859e+01,-1.271413993835449219e+01,-5.040199279785156250e+00,-8.376299858093261719e+00
-1.417675495147705078e+01,-1.186639976501464844e+01,-1.285144805908203125e+01,-5.011606216430664062e+00,-8.505537986755371094e+00
-1.403493881225585938e+01,-1.201238250732421875e+01,-1.291262435913085938e+01,-4.980079174041748047e+00,-8.494153022766113281e+00
-1.413372230529785156e+01,-1.213156890869140625e+01,-1.286184310913085938e+01,-4.962195396423339844e+00,-8.270251274108886719e+00
-1.414843654632568359e+01,-1.222214698791503906e+01,-1.281748771667480469e+01,-4.955071449279785156e+00,-8.039850234985351562e+00
-1.436278724670410156e+01,-1.229199886322021484e+01,-1.272013473510742188e+01,-4.961056709289550781e+00,-7.800523757934570312e+00
-1.460023307800292969e+01,-1.233294868469238281e+01,-1.263962936401367188e+01,-4.968862533569335938e+00,-7.596252441406250000e+00
-1.479462623596191406e+01,-1.235106945037841797e+01,-1.255358314514160156e+01,-4.980438709259033203e+00,-7.422399520874023438e+00
-1.488998222351074219e+01,-1.236285591125488281e+01,-1.249410247802734375e+01,-4.987686634063720703e+00,-7.306446075439453125e+00
-1.492996215820312500e+01,-1.236540985107421875e+01,-1.244853782653808594e+01,-4.991866111755371094e+00,-7.228532791137695312e+00
-1.490239429473876953e+01,-1.236224460601806641e+01,-1.241591644287109375e+01,-4.992042541503906250e+00,-7.148984909057617188e+00
-1.488806533813476562e+01,-1.235452461242675781e+01,-1.237089729309082031e+01,-4.989420890808105469e+00,-7.061884880065917969e+00
-1.487221336364746094e+01,-1.235025501251220703e+01,-1.233232879638671875e+01,-4.986519336700439453e+00,-7.006949424743652344e+00
-1.490122604370117188e+01,-1.232923126220703125e+01,-1.229489517211914062e+01,-4.991518497467041016e+00,-6.917838096618652344e+00
-1.495977687835693359e+01,-1.231858062744140625e+01,-1.224450302124023438e+01,-5.000987052917480469e+00,-6.836350440979003906e+00
-1.495624542236328125e+01,-1.233067131042480469e+01,-1.221095085144042969e+01,-5.009332656860351562e+00,-6.778770446777343750e+00
-1.492449760437011719e+01,-1.234692955017089844e+01,-1.221958160400390625e+01,-5.017877578735351562e+00,-6.765109062194824219e+00
-1.488805675506591797e+01,-1.236609363555908203e+01,-1.221838951110839844e+01,-5.022430419921875000e+00,-6.735276222229003906e+00
-1.480923461914062500e+01,-1.238365936279296875e+01,-1.222602272033691406e+01,-5.026534080505371094e+00,-6.699080467224121094e+00
-1.474842643737792969e+01,-1.240620517730712891e+01,-1.223243522644042969e+01,-5.027764320373535156e+00,-6.675439834594726562e+00
-1.471516704559326172e+01,-1.241037178039550781e+01,-1.222408866882324219e+01,-5.029962539672851562e+00,-6.638352394104003906e+00
-1.466435337066650391e+01,-1.240986156463623047e+01,-1.221212482452392578e+01,-5.030582904815673828e+00,-6.589665412902832031e+00
-1.461351585388183594e+01,-1.241239738464355469e+01,-1.219545745849609375e+01,-5.028642654418945312e+00,-6.546298980712890625e+00
-1.442798137664794922e+01,-1.243704414367675781e+01,-1.222305011749267578e+01,-5.015803337097167969e+00,-6.579853057861328125e+00
-1.408019256591796875e+01,-1.245612144470214844e+01,-1.228147506713867188e+01,-4.996550559997558594e+00,-6.603333473205566406e+00
-1.389384555816650391e+01,-1.245166587829589844e+01,-1.229860115051269531e+01,-4.985293388366699219e+00,-6.583958625793457031e+00
-1.368775844573974609e+01,-1.247327995300292969e+01,-1.239004230499267578e+01,-4.964990615844726562e+00,-6.700815200805664062e+00
-1.354119682312011719e+01,-1.248669052124023438e+01,-1.251490783691406250e+01,-4.949595451354980469e+00,-6.834578514099121094e+00
-1.374744224548339844e+01,-1.248199081420898438e+01,-1.252759456634521484e+01,-4.956278800964355469e+00,-6.885594367980957031e+00
-1.402676486968994141e+01,-1.248604869842529297e+01,-1.252318954467773438e+01,-4.963055133819580078e+00,-6.960856437683105469e+00
-1.421582031250000000e+01,-1.250298881530761719e+01,-1.252862167358398438e+01,-4.966701984405517578e+00,-7.062441825866699219e+00
-1.418590927124023438e+01,-1.253314590454101562e+01,-1.254847621917724609e+01,-4.962235450744628906e+00,-7.123714447021484375e+00
-1.416133117675781250e+01,-1.255817890167236328e+01,-1.257379341125488281e+01,-4.957747936248779297e+00,-7.183316230773925781e+00
-1.397376060485839844e+01,-1.259824371337890625e+01,-1.260779190063476562e+01,-4.943740844726562500e+00,-7.247818946838378906e+00
-1.378251361846923828e+01,-1.264387130737304688e+01,-1.258480453491210938e+01,-4.928015232086181641e+00,-7.242887496948242188e+00
-1.370305442810058594e+01,-1.269242763519287109e+01,-1.255922889709472656e+01,-4.926849365234375000e+00,-7.219126701354980469e+00
-1.354717540740966797e+01,-1.274494171142578125e+01,-1.266138267517089844e+01,-4.916749954223632812e+00,-7.309756278991699219e+00
-1.351368141174316406e+01,-1.278272533416748047e+01,-1.274735260009765625e+01,-4.916556835174560547e+00,-7.399709701538085938e+00
-1.335039138793945312e+01,-1.284058475494384766e+01,-1.285190200805664062e+01,-4.908111572265625000e+00,-7.582666397094726562e+00
-1.343563938140869141e+01,-1.288094806671142578e+01,-1.293464660644531250e+01,-4.908068180084228516e+00,-7.760422706604003906e+00
-1.342532634735107422e+01,-1.292454242706298828e+01,-1.302875518798828125e+01,-4.903400897979736328e+00,-7.915759086608886719e+00
-1.333059597015380859e+01,-1.297474384307861328e+01,-1.314529037475585938e+01,-4.893492698669433594e+00,-8.099681854248046875e+00
-1.338870239257812500e+01,-1.300955200195312500e+01,-1.321878051757812500e+01,-4.883796215057373047e+00,-8.225756645202636719e+00
-1.361951351165771484e+01,-1.302754497528076172e+01,-1.325820541381835938e+01,-4.880838394165039062e+00,-8.261860847473144531e+00
-1.378265571594238281e+01,-1.306143569946289062e+01,-1.331275177001953125e+01,-4.878237724304199219e+00,-8.335131645202636719e+00
-1.401756477355957031e+01,-1.307172012329101562e+01,-1.336009025573730469e+01,-4.881164550781250000e+00,-8.357146263122558594e+00
-1.430856227874755859e+01,-1.307219314575195312e+01,-1.339771652221679688e+01,-4.888038635253906250e+00,-8.371215820312500000e+00
-1.438357734680175781e+01,-1.311242866516113281e+01,-1.348092651367187500e+01,-4.883066177368164062e+00,-8.412277221679687500e+00
-1.427015113830566406e+01,-1.317135524749755859e+01,-1.359271621704101562e+01,-4.865893363952636719e+00,-8.485135078430175781e+00
-1.430171012878417969e+01,-1.320036029815673828e+01,-1.363838195800781250e+01,-4.862967967987060547e+00,-8.464040756225585938e+00
-1.412850666046142578e+01,-1.322460746765136719e+01,-1.370189857482910156e+01,-4.869208335876464844e+00,-8.478704452514648438e+00
-1.389934825897216797e+01,-1.327790832519531250e+01,-1.373119544982910156e+01,-4.870373725891113281e+00,-8.424367904663085938e+00
-1.355637645721435547e+01,-1.337810039520263672e+01,-1.375140190124511719e+01,-4.851237773895263672e+00,-8.333223342895507812e+00
-1.295228099822998047e+01,-1.346277999877929688e+01,-1.387771415710449219e+01,-4.850670814514160156e+00,-8.460335731506347656e+00
-1.253458213806152344e+01,-1.346725845336914062e+01,-1.391953277587890625e+01,-4.834134101867675781e+00,-8.471775054931640625e+00
-1.266864967346191406e+01,-1.341774177551269531e+01,-1.385081672668457031e+01,-4.830211639404296875e+00,-8.315213203430175781e+00
-1.272419643402099609e+01,-1.336817550659179688e+01,-1.378713417053222656e+01,-4.835183143615722656e+00,-8.109286308288574219e+00
-1.257840538024902344e+01,-1.332963466644287109e+01,-1.374161338806152344e+01,-4.840765953063964844e+00,-7.884398460388183594e+00
-1.270211887359619141e+01,-1.328447628021240234e+01,-1.365076446533203125e+01,-4.844953060150146484e+00,-7.642606735229492188e+00
-1.297404289245605469e+01,-1.323422336578369141e+01,-1.356729125976562500e+01,-4.851478099822998047e+00,-7.450996398925781250e+00
-1.320456886291503906e+01,-1.318350887298583984e+01,-1.351521301269531250e+01,-4.855795860290527344e+00,-7.328349113464355469e+00
-1.334796524047851562e+01,-1.314229774475097656e+01,-1.351126289367675781e+01,-4.865625858306884766e+00,-7.304969787597656250e+00
-1.341841411590576172e+01,-1.311232566833496094e+01,-1.352278137207031250e+01,-4.869053840637207031e+00,-7.309841156005859375e+00
-1.304826450347900391e+01,-1.308905315399169922e+01,-1.359508895874023438e+01,-4.851617336273193359e+00,-7.276181221008300781e+00
-1.270329570770263672e+01,-1.305273532867431641e+01,-1.363990020751953125e+01,-4.843618392944335938e+00,-7.241142272949218750e+00
-1.246274471282958984e+01,-1.301889896392822266e+01,-1.364123153686523438e+01,-4.837178230285644531e+00,-7.192694664001464844e+00
-1.212955951690673828e+01,-1.299065876007080078e+01,-1.365647697448730469e+01,-4.824536323547363281e+00,-7.158720016479492188e+00
-1.181231594085693359e+01,-1.296473789215087891e+01,-1.365790939331054688e+01,-4.819251060485839844e+00,-7.138113021850585938e+00
-1.177071285247802734e+01,-1.293280792236328125e+01,-1.359667396545410156e+01,-4.820132732391357422e+00,-7.053380012512207031e+00
-1.182147216796875000e+01,-1.289746189117431641e+01,-1.354496192932128906e+01,-4.822328567504882812e+00,-6.974071502685546875e+00
-1.175876235961914062e+01,-1.287115192413330078e+01,-1.351362228393554688e+01,-4.824251651763916016e+00,-6.903122901916503906e+00
-1.173779773712158203e+01,-1.285283660888671875e+01,-1.346982574462890625e+01,-4.833944320678710938e+00,-6.848206520080566406e+00
-1.152118778228759766e+01,-1.282971954345703125e+01,-1.348440170288085938e+01,-4.838603019714355469e+00,-6.826213836669921875e+00
-1.123907470703125000e+01,-1.281389808654785156e+01,-1.349500846862792969e+01,-4.846382617950439453e+00,-6.781478881835937500e+00
-1.144817924499511719e+01,-1.280500507354736328e+01,-1.342669486999511719e+01,-4.856789112091064453e+00,-6.752679824829101562e+00
-1.176376056671142578e+01,-1.279849815368652344e+01,-1.338250350952148438e+01,-4.864506244659423828e+00,-6.763735771179199219e+00
-1.217371368408203125e+01,-1.281266593933105469e+01,-1.337169265747070312e+01,-4.877240180969238281e+00,-6.852442741394042969e+00
-1.259791755676269531e+01,-1.282444572448730469e+01,-1.337805747985839844e+01,-4.884145736694335938e+00,-6.929691314697265625e+00
-1.279192543029785156e+01,-1.283608055114746094e+01,-1.343829154968261719e+01,-4.885326385498046875e+00,-7.017560005187988281e+00
-1.288280487060546875e+01,-1.284164428710937500e+01,-1.351858901977539062e+01,-4.880698680877685547e+00,-7.075868606567382812e+00
-1.290082168579101562e+01,-1.284061908721923828e+01,-1.358396530151367188e+01,-4.873619079589843750e+00,-7.078871726989746094e+00
-1.297811508178710938e+01,-1.283431720733642578e+01,-1.360387039184570312e+01,-4.870816707611083984e+00,-7.034779548645019531e+00
-1.295931625366210938e+01,-1.283000087738037109e+01,-1.360033607482910156e+01,-4.866359710693359375e+00,-6.952033996582031250e+00
-1.276317882537841797e+01,-1.282964229583740234e+01,-1.359482383728027344e+01,-4.858633041381835938e+00,-6.840163230895996094e+00
-1.265989303588867188e+01,-1.280881977081298828e+01,-1.358677482604980469e+01,-4.861077785491943359e+00,-6.757520675659179688e+00
-1.260245609283447266e+01,-1.279231548309326172e+01,-1.361599349975585938e+01,-4.863312721252441406e+00,-6.771374702453613281e+00
-1.255263137817382812e+01,-1.276368331909179688e+01,-1.358614540100097656e+01,-4.866909503936767578e+00,-6.696860313415527344e+00
-1.260280323028564453e+01,-1.274764633178710938e+01,-1.353596115112304688e+01,-4.874417781829833984e+00,-6.615969657897949219e+00
-1.267685031890869141e+01,-1.273722839355468750e+01,-1.350083923339843750e+01,-4.882172584533691406e+00,-6.576620101928710938e+00
-1.278929710388183594e+01,-1.271787071228027344e+01,-1.348591995239257812e+01,-4.887743473052978516e+00,-6.577064514160156250e+00
-1.287314224243164062e+01,-1.270254039764404297e+01,-1.347752189636230469e+01,-4.892124176025390625e+00,-6.570389747619628906e+00
-1.288740158081054688e+01,-1.270482063293457031e+01,-1.347311973571777344e+01,-4.896785259246826172e+00,-6.581037521362304688e+00
-1.298081493377685547e+01,-1.269023704528808594e+01,-1.347314834594726562e+01,-4.901194095611572266e+00,-6.588481903076171875e+00
-1.297144699096679688e+01,-1.267372131347656250e+01,-1.353736114501953125e+01,-4.899431228637695312e+00,-6.647231101989746094e+00
-1.297109985351562500e+01,-1.265670108795166016e+01,-1.357447814941406250e+01,-4.897285461425781250e+00,-6.684831619262695312e+00
-1.313835239410400391e+01,-1.262864494323730469e+01,-1.357791900634765625e+01,-4.903307914733886719e+00,-6.711101531982421875e+00
-1.339221763610839844e+01,-1.261318492889404297e+01,-1.357904434204101562e+01,-4.913672447204589844e+00,-6.756279945373535156e+00
-1.371749114990234375e+01,-1.262080192565917969e+01,-1.360109138488769531e+01,-4.924189090728759766e+00,-6.848641395568847656e+00
-1.394780158996582031e+01,-1.262635135650634766e+01,-1.362718963623046875e+01,-4.931873798370361328e+00,-6.930359840393066406e+00
-1.410697937011718750e+01,-1.263564777374267578e+01,-1.369294357299804688e+01,-4.936089992523193359e+00,-7.040714263916015625e+00
-1.414402389526367188e+01,-1.265012931823730469e+01,-1.376345634460449219e+01,-4.930518150329589844e+00,-7.126090049743652344e+00
-1.419461154937744141e+01,-1.265562820434570312e+01,-1.381527709960937500e+01,-4.927378654479980469e+00,-7.169344902038574219e+00
-1.425053787231445312e+01,-1.265442848205566406e+01,-1.384609031677246094e+01,-4.929776191711425781e+00,-7.179436683654785156e+00
-1.431244945526123047e+01,-1.266003990173339844e+01,-1.386735916137695312e+01,-4.931159019470214844e+00,-7.191100120544433594e+00
-1.423831081390380859e+01,-1.267616462707519531e+01,-1.390745353698730469e+01,-4.925269126892089844e+00,-7.200457572937011719e+00
-1.412493133544921875e+01,-1.267834854125976562e+01,-1.392458534240722656e+01,-4.924593925476074219e+00,-7.136112213134765625e+00
-1.385079193115234375e+01,-1.268103218078613281e+01,-1.393450927734375000e+01,-4.925127983093261719e+00,-7.031506538391113281e+00
-1.354662132263183594e+01,-1.269452953338623047e+01,-1.391777801513671875e+01,-4.921724319458007812e+00,-6.920215606689453125e+00
-1.328081512451171875e+01,-1.271084499359130859e+01,-1.389405632019042969e+01,-4.916394710540771484e+00,-6.810892105102539062e+00
-1.305966377258300781e+01,-1.274661827087402344e+01,-1.381939506530761719e+01,-4.905251502990722656e+00,-6.600678443908691406e+00
-1.272797203063964844e+01,-1.279817104339599609e+01,-1.369894218444824219e+01,-4.894721508026123047e+00,-6.365487098693847656e+00
-1.248007869720458984e+01,-1.282610416412353516e+01,-1.355661010742187500e+01,-4.894908905029296875e+00,-6.132220268249511719e+00
-1.228697299957275391e+01,-1.279945373535156250e+01,-1.340450668334960938e+01,-4.910348892211914062e+00,-5.885912418365478516e+00
-1.203780174255371094e+01,-1.274666690826416016e+01,-1.334358215332031250e+01,-4.931920051574707031e+00,-5.730309009552001953e+00
-1.188900184631347656e+01,-1.267120265960693359e+01,-1.330665969848632812e+01,-4.951770782470703125e+00,-5.554136276245117188e+00
-1.176127815246582031e+01,-1.260955524444580078e+01,-1.324930572509765625e+01,-4.964339256286621094e+00,-5.362792968750000000e+00
-1.180235099792480469e+01,-1.258991432189941406e+01,-1.312141418457031250e+01,-4.966835975646972656e+00,-5.165329933166503906e+00
-1.181548690795898438e+01,-1.260004425048828125e+01,-1.297244834899902344e+01,-4.962802886962890625e+00,-4.976860046386718750e+00
-1.085614776611328125e+01,-1.255545234680175781e+01,-1.279636001586914062e+01,-4.992127895355224609e+00,-4.463210105895996094e+00
-1.010525894165039062e+01,-1.251881408691406250e+01,-1.268698787689208984e+01,-4.987576484680175781e+00,-4.094384670257568359e+00
-8.923378944396972656e+00,-1.240085697174072266e+01,-1.244634819030761719e+01,-5.039563655853271484e+00,-3.314571619033813477e+00
-6.945895671844482422e+00,-1.230728054046630859e+01,-1.237615299224853516e+01,-5.062665939331054688e+00,-2.715518474578857422e+00
-2.829478820785880089e-03,-1.191532707214355469e+01,-1.276570129394531250e+01,-5.559322357177734375e+00,-2.054493188858032227e+00
