-1.498212528228759766e+01,-5.891665458679199219e+00,-6.999926090240478516e+00,-9.436338424682617188e+00,-8.423591613769531250e+00
-1.501709747314453125e+01,-5.694354057312011719e+00,-7.475448608398437500e+00,-1.079908275604248047e+01,-8.396142959594726562e+00
-1.504316425323486328e+01,-5.659694194793701172e+00,-8.170578002929687500e+00,-1.210241889953613281e+01,-8.555740356445312500e+00
-1.563280773162841797e+01,-5.720981597900390625e+00,-8.872223854064941406e+00,-1.308707046508789062e+01,-8.800630569458007812e+00
-1.619404792785644531e+01,-5.792569637298583984e+00,-9.442481994628906250e+00,-1.374658107757568359e+01,-9.033458709716796875e+00
-1.650274085998535156e+01,-5.835699558258056641e+00,-9.875041007995605469e+00,-1.413025283813476562e+01,-9.261150360107421875e+00
-1.663628196716308594e+01,-5.855801582336425781e+00,-1.026619911193847656e+01,-1.431944656372070312e+01,-9.457312583923339844e+00
-1.658291053771972656e+01,-5.865013122558593750e+00,-1.061345386505126953e+01,-1.440986537933349609e+01,-9.606977462768554688e+00
-1.653626060485839844e+01,-5.873367309570312500e+00,-1.073190307617187500e+01,-1.443581962585449219e+01,-9.690226554870605469e+00
-1.636420440673828125e+01,-5.867435932159423828e+00,-1.086764240264892578e+01,-1.433329200744628906e+01,-9.724748611450195312e+00
-1.613904762268066406e+01,-5.851327896118164062e+00,-1.103055191040039062e+01,-1.407290267944335938e+01,-9.769428253173828125e+00
-1.583842086791992188e+01,-5.825115680694580078e+00,-1.145929813385009766e+01,-1.365340328216552734e+01,-9.865570068359375000e+00
-1.556673812866210938e+01,-5.816241264343261719e+00,-1.190423393249511719e+01,-1.340191459655761719e+01,-9.967239379882812500e+00
-1.539014530181884766e+01,-5.813075065612792969e+00,-1.235080909729003906e+01,-1.339358329772949219e+01,-1.008044338226318359e+01
-1.565933704376220703e+01,-5.805237293243408203e+00,-1.246800518035888672e+01,-1.352730274200439453e+01,-1.011588191986083984e+01
-1.621402168273925781e+01,-5.800476074218750000e+00,-1.238468551635742188e+01,-1.376710128784179688e+01,-1.009948348999023438e+01
-1.662968635559082031e+01,-5.802644252777099609e+00,-1.229136657714843750e+01,-1.397887039184570312e+01,-1.009961605072021484e+01
-1.689713096618652344e+01,-5.805581569671630859e+00,-1.220163249969482422e+01,-1.411552429199218750e+01,-1.011438369750976562e+01
-1.693219757080078125e+01,-5.807792663574218750e+00,-1.209731578826904297e+01,-1.421180343627929688e+01,-1.012131118774414062e+01
-1.684684562683105469e+01,-5.807314395904541016e+00,-1.204174518585205078e+01,-1.425312042236328125e+01,-1.014492225646972656e+01
-1.685783386230468750e+01,-5.808260440826416016e+00,-1.190326404571533203e+01,-1.432226943969726562e+01,-1.011815166473388672e+01
-1.709014701843261719e+01,-5.812141895294189453e+00,-1.175020503997802734e+01,-1.438120841979980469e+01,-1.012551307678222656e+01
-1.737036323547363281e+01,-5.812672138214111328e+00,-1.164055347442626953e+01,-1.442416381835937500e+01,-1.017195320129394531e+01
-1.760118293762207031e+01,-5.814359188079833984e+00,-1.146181201934814453e+01,-1.440694808959960938e+01,-1.024244785308837891e+01
-1.771820259094238281e+01,-5.814911842346191406e+00,-1.136232852935791016e+01,-1.433637237548828125e+01,-1.035598373413085938e+01
-1.782663536071777344e+01,-5.812956333160400391e+00,-1.135528850555419922e+01,-1.418579673767089844e+01,-1.050833225250244141e+01
-1.783842658996582031e+01,-5.811965465545654297e+00,-1.138312435150146484e+01,-1.397956848144531250e+01,-1.065388107299804688e+01
-1.766241073608398438e+01,-5.804309844970703125e+00,-1.147790622711181641e+01,-1.385295486450195312e+01,-1.075296211242675781e+01
-1.734877395629882812e+01,-5.790406703948974609e+00,-1.171810245513916016e+01,-1.371652698516845703e+01,-1.083038425445556641e+01
-1.706692314147949219e+01,-5.783885955810546875e+00,-1.186429119110107422e+01,-1.332868671417236328e+01,-1.089187622070312500e+01
-1.655714607238769531e+01,-5.776592731475830078e+00,-1.213579750061035156e+01,-1.298781013488769531e+01,-1.089398288726806641e+01
-1.608220863342285156e+01,-5.766066074371337891e+00,-1.259529209136962891e+01,-1.290516948699951172e+01,-1.090876483917236328e+01
-1.580282402038574219e+01,-5.764193534851074219e+00,-1.302977466583251953e+01,-1.294654846191406250e+01,-1.090788078308105469e+01
-1.560027980804443359e+01,-5.763352870941162109e+00,-1.338062953948974609e+01,-1.296232509613037109e+01,-1.090116119384765625e+01
-1.544101905822753906e+01,-5.760913848876953125e+00,-1.356875705718994141e+01,-1.297002983093261719e+01,-1.083976650238037109e+01
-1.525000286102294922e+01,-5.765794754028320312e+00,-1.382677555084228516e+01,-1.309161281585693359e+01,-1.080628108978271484e+01
-1.534500980377197266e+01,-5.764615535736083984e+00,-1.402034091949462891e+01,-1.341424942016601562e+01,-1.080696392059326172e+01
-1.571894645690917969e+01,-5.756816864013671875e+00,-1.411924457550048828e+01,-1.366699409484863281e+01,-1.083713626861572266e+01
-1.626357841491699219e+01,-5.750824928283691406e+00,-1.422704601287841797e+01,-1.381265258789062500e+01,-1.094207382202148438e+01
-1.672243499755859375e+01,-5.745475292205810547e+00,-1.423201465606689453e+01,-1.389234352111816406e+01,-1.105882263183593750e+01
-1.705081558227539062e+01,-5.735360145568847656e+00,-1.418387889862060547e+01,-1.390302658081054688e+01,-1.118302154541015625e+01
-1.753656959533691406e+01,-5.726586818695068359e+00,-1.411100769042968750e+01,-1.382203769683837891e+01,-1.135654926300048828e+01
-1.798737907409667969e+01,-5.718389987945556641e+00,-1.408823680877685547e+01,-1.367680931091308594e+01,-1.153394031524658203e+01
-1.828470230102539062e+01,-5.719013690948486328e+00,-1.417681026458740234e+01,-1.358315467834472656e+01,-1.161844158172607422e+01
-1.849506187438964844e+01,-5.714159011840820312e+00,-1.415907955169677734e+01,-1.345198726654052734e+01,-1.166062164306640625e+01
-1.848218345642089844e+01,-5.713203907012939453e+00,-1.412920093536376953e+01,-1.336204624176025391e+01,-1.162697219848632812e+01
-1.844926643371582031e+01,-5.706240653991699219e+00,-1.416865825653076172e+01,-1.328989601135253906e+01,-1.161574745178222656e+01
-1.842964744567871094e+01,-5.702842235565185547e+00,-1.412947368621826172e+01,-1.318401145935058594e+01,-1.163361263275146484e+01
-1.833697319030761719e+01,-5.700480461120605469e+00,-1.415550327301025391e+01,-1.319104099273681641e+01,-1.157540130615234375e+01
-1.823967552185058594e+01,-5.693660736083984375e+00,-1.419987201690673828e+01,-1.315725994110107422e+01,-1.155263328552246094e+01
-1.819104194641113281e+01,-5.680924892425537109e+00,-1.418262481689453125e+01,-1.303316116333007812e+01,-1.157153129577636719e+01
-1.809158706665039062e+01,-5.676380634307861328e+00,-1.417421245574951172e+01,-1.296383285522460938e+01,-1.155161190032958984e+01
-1.798887062072753906e+01,-5.675138473510742188e+00,-1.413852214813232422e+01,-1.281256103515625000e+01,-1.154838466644287109e+01
-1.796040153503417969e+01,-5.668223857879638672e+00,-1.401789760589599609e+01,-1.274642372131347656e+01,-1.152431774139404297e+01
-1.792288017272949219e+01,-5.658893585205078125e+00,-1.385508060455322266e+01,-1.272787284851074219e+01,-1.148329067230224609e+01
-1.790763092041015625e+01,-5.653412342071533203e+00,-1.368905925750732422e+01,-1.275765323638916016e+01,-1.143119239807128906e+01
-1.787212371826171875e+01,-5.651407241821289062e+00,-1.357133293151855469e+01,-1.276381111145019531e+01,-1.140001296997070312e+01
-1.785492515563964844e+01,-5.654964447021484375e+00,-1.349197292327880859e+01,-1.265679740905761719e+01,-1.140749359130859375e+01
-1.782980155944824219e+01,-5.656401157379150391e+00,-1.338311290740966797e+01,-1.249521064758300781e+01,-1.139917945861816406e+01
-1.775654602050781250e+01,-5.656652450561523438e+00,-1.321647739410400391e+01,-1.229855728149414062e+01,-1.137812042236328125e+01
-1.766506385803222656e+01,-5.657087802886962891e+00,-1.299690818786621094e+01,-1.214726257324218750e+01,-1.134572887420654297e+01
-1.759358406066894531e+01,-5.656776428222656250e+00,-1.274702358245849609e+01,-1.201772880554199219e+01,-1.132525634765625000e+01
-1.749040031433105469e+01,-5.654521942138671875e+00,-1.243254947662353516e+01,-1.195816516876220703e+01,-1.126378345489501953e+01
-1.724896049499511719e+01,-5.652313232421875000e+00,-1.220537090301513672e+01,-1.194710922241210938e+01,-1.117814540863037109e+01
-1.720347595214843750e+01,-5.667763233184814453e+00,-1.174359893798828125e+01,-1.205604171752929688e+01,-1.108882713317871094e+01
-1.727142906188964844e+01,-5.695776462554931641e+00,-1.100630664825439453e+01,-1.231993198394775391e+01,-1.092088317871093750e+01
-1.734385681152343750e+01,-5.725311279296875000e+00,-1.009918880462646484e+01,-1.265853309631347656e+01,-1.064171791076660156e+01
-1.731601524353027344e+01,-5.769197463989257812e+00,-8.677040100097656250e+00,-1.310925102233886719e+01,-1.018859100341796875e+01
-1.721510124206542969e+01,-5.805150985717773438e+00,-7.160789489746093750e+00,-1.352696609497070312e+01,-9.723475456237792969e+00
-1.703462028503417969e+01,-5.865497112274169922e+00,-5.826134681701660156e+00,-1.383816909790039062e+01,-9.401989936828613281e+00
-1.619725227355957031e+01,-5.897022247314453125e+00,-5.791936874389648438e+00,-1.367994213104248047e+01,-9.356277465820312500e+00
-1.615882873535156250e+01,-5.835268497467041016e+00,-6.569299697875976562e+00,-1.374168968200683594e+01,-9.549880027770996094e+00
-1.605034446716308594e+01,-5.779183864593505859e+00,-7.821557998657226562e+00,-1.360519504547119141e+01,-9.900957107543945312e+00
-1.575566864013671875e+01,-5.769841670989990234e+00,-8.877699851989746094e+00,-1.346879196166992188e+01,-1.010980033874511719e+01
-1.570927143096923828e+01,-5.783828258514404297e+00,-9.260972023010253906e+00,-1.344105529785156250e+01,-1.006520080566406250e+01
-1.589266109466552734e+01,-5.794404029846191406e+00,-9.206852912902832031e+00,-1.338246154785156250e+01,-1.001786422729492188e+01
-1.623806762695312500e+01,-5.793404579162597656e+00,-8.960675239562988281e+00,-1.345834445953369141e+01,-9.895935058593750000e+00
-1.652738380432128906e+01,-5.794013977050781250e+00,-8.686043739318847656e+00,-1.364662933349609375e+01,-9.759452819824218750e+00
-1.673843193054199219e+01,-5.804469108581542969e+00,-8.418545722961425781e+00,-1.383601760864257812e+01,-9.653656005859375000e+00
-1.630221176147460938e+01,-5.803850173950195312e+00,-8.879593849182128906e+00,-1.353071403503417969e+01,-9.781562805175781250e+00
-1.630694389343261719e+01,-5.807729244232177734e+00,-9.121540069580078125e+00,-1.341694164276123047e+01,-9.787438392639160156e+00
-1.563986301422119141e+01,-5.795715808868408203e+00,-9.816493034362792969e+00,-1.286973190307617188e+01,-9.954753875732421875e+00
-1.566421985626220703e+01,-5.777976989746093750e+00,-1.024591445922851562e+01,-1.263089084625244141e+01,-1.003893852233886719e+01
-1.592918395996093750e+01,-5.762604236602783203e+00,-1.040611076354980469e+01,-1.261305236816406250e+01,-1.005996894836425781e+01
-1.620153045654296875e+01,-5.745427131652832031e+00,-1.057671833038330078e+01,-1.272789192199707031e+01,-1.005340957641601562e+01
-1.642068672180175781e+01,-5.734710693359375000e+00,-1.076304340362548828e+01,-1.280381393432617188e+01,-1.007920646667480469e+01
-1.663639450073242188e+01,-5.731233596801757812e+00,-1.087691116333007812e+01,-1.289238071441650391e+01,-1.010381126403808594e+01
-1.683217430114746094e+01,-5.729177951812744141e+00,-1.092456340789794922e+01,-1.296647071838378906e+01,-1.014980697631835938e+01
-1.698122215270996094e+01,-5.731820583343505859e+00,-1.096054935455322266e+01,-1.310002326965332031e+01,-1.016922569274902344e+01
-1.704645156860351562e+01,-5.735793113708496094e+00,-1.106548595428466797e+01,-1.322954273223876953e+01,-1.023721504211425781e+01
-1.704294967651367188e+01,-5.736839771270751953e+00,-1.123705005645751953e+01,-1.318956279754638672e+01,-1.038184833526611328e+01
-1.637992858886718750e+01,-5.732068061828613281e+00,-1.175726604461669922e+01,-1.266081619262695312e+01,-1.056100273132324219e+01
-1.639288139343261719e+01,-5.722084999084472656e+00,-1.179390239715576172e+01,-1.232317066192626953e+01,-1.059788799285888672e+01
-1.655272293090820312e+01,-5.709399223327636719e+00,-1.158345603942871094e+01,-1.217663764953613281e+01,-1.051717948913574219e+01
-1.670892715454101562e+01,-5.701661109924316406e+00,-1.126547527313232422e+01,-1.225829029083251953e+01,-1.040592479705810547e+01
-1.683406066894531250e+01,-5.697713851928710938e+00,-1.088707160949707031e+01,-1.249596118927001953e+01,-1.028901672363281250e+01
-1.662998199462890625e+01,-5.705425262451171875e+00,-1.063712596893310547e+01,-1.285342311859130859e+01,-1.014350986480712891e+01
-1.607992172241210938e+01,-5.719526290893554688e+00,-1.066806507110595703e+01,-1.310194778442382812e+01,-1.010216903686523438e+01
-1.568497276306152344e+01,-5.735569953918457031e+00,-1.085027313232421875e+01,-1.322492313385009766e+01,-1.007003307342529297e+01
-1.543515300750732422e+01,-5.746738910675048828e+00,-1.112344169616699219e+01,-1.318078231811523438e+01,-1.010456752777099609e+01
-1.542310047149658203e+01,-5.756179332733154297e+00,-1.131384658813476562e+01,-1.306929206848144531e+01,-1.013769149780273438e+01
-1.549633789062500000e+01,-5.763680458068847656e+00,-1.154328250885009766e+01,-1.321372985839843750e+01,-1.016246795654296875e+01
-1.564331626892089844e+01,-5.765819072723388672e+00,-1.195425796508789062e+01,-1.342614173889160156e+01,-1.029940032958984375e+01
-1.603945922851562500e+01,-5.746901988983154297e+00,-1.242976284027099609e+01,-1.338763046264648438e+01,-1.060052108764648438e+01
-1.641403007507324219e+01,-5.720658779144287109e+00,-1.290038394927978516e+01,-1.313364601135253906e+01,-1.093180274963378906e+01
-1.670458221435546875e+01,-5.695694446563720703e+00,-1.325982379913330078e+01,-1.275640964508056641e+01,-1.120065593719482422e+01
-1.693692207336425781e+01,-5.675141811370849609e+00,-1.352821254730224609e+01,-1.239102172851562500e+01,-1.139558982849121094e+01
-1.716195869445800781e+01,-5.658586978912353516e+00,-1.366216182708740234e+01,-1.208610343933105469e+01,-1.151341152191162109e+01
-1.732910728454589844e+01,-5.643343448638916016e+00,-1.372056865692138672e+01,-1.185690593719482422e+01,-1.157040119171142578e+01
-1.744173812866210938e+01,-5.630528926849365234e+00,-1.369082069396972656e+01,-1.169483947753906250e+01,-1.158191108703613281e+01
-1.754002380371093750e+01,-5.621368885040283203e+00,-1.357742214202880859e+01,-1.158703231811523438e+01,-1.156593704223632812e+01
-1.755456733703613281e+01,-5.616379737854003906e+00,-1.344158077239990234e+01,-1.153206729888916016e+01,-1.153276634216308594e+01
-1.755413436889648438e+01,-5.614060401916503906e+00,-1.326739311218261719e+01,-1.154231452941894531e+01,-1.147896385192871094e+01
-1.750195884704589844e+01,-5.613379001617431641e+00,-1.308379459381103516e+01,-1.159653663635253906e+01,-1.140489864349365234e+01
-1.746651268005371094e+01,-5.615741252899169922e+00,-1.286874485015869141e+01,-1.164098644256591797e+01,-1.133168411254882812e+01
-1.744721412658691406e+01,-5.620100975036621094e+00,-1.265498828887939453e+01,-1.166982078552246094e+01,-1.127164840698242188e+01
-1.746334457397460938e+01,-5.623281955718994141e+00,-1.241449737548828125e+01,-1.169056224822998047e+01,-1.120500755310058594e+01
-1.755887222290039062e+01,-5.628242969512939453e+00,-1.219034671783447266e+01,-1.172526645660400391e+01,-1.115768623352050781e+01
-1.766126823425292969e+01,-5.633133411407470703e+00,-1.206662368774414062e+01,-1.173846530914306641e+01,-1.116282653808593750e+01
-1.775659370422363281e+01,-5.637470245361328125e+00,-1.195300960540771484e+01,-1.174042606353759766e+01,-1.118105316162109375e+01
-1.780642127990722656e+01,-5.642814636230468750e+00,-1.186034488677978516e+01,-1.175215721130371094e+01,-1.120034790039062500e+01
-1.774270057678222656e+01,-5.644987106323242188e+00,-1.175316143035888672e+01,-1.183361816406250000e+01,-1.117129421234130859e+01
-1.764887809753417969e+01,-5.653078556060791016e+00,-1.162528133392333984e+01,-1.190342903137207031e+01,-1.113143920898437500e+01
-1.759908294677734375e+01,-5.659272670745849609e+00,-1.143581485748291016e+01,-1.194085121154785156e+01,-1.108968639373779297e+01
-1.756069564819335938e+01,-5.661926269531250000e+00,-1.120078945159912109e+01,-1.194345855712890625e+01,-1.103747844696044922e+01
-1.752241134643554688e+01,-5.664938926696777344e+00,-1.087207889556884766e+01,-1.191594409942626953e+01,-1.094897270202636719e+01
-1.734077262878417969e+01,-5.674639225006103516e+00,-1.019677639007568359e+01,-1.191622734069824219e+01,-1.071266365051269531e+01
-1.685969543457031250e+01,-5.699980735778808594e+00,-9.019057273864746094e+00,-1.198478889465332031e+01,-1.021231269836425781e+01
-1.611137199401855469e+01,-5.725296497344970703e+00,-7.843436241149902344e+00,-1.223043823242187500e+01,-9.663178443908691406e+00
-1.581017017364501953e+01,-5.779688835144042969e+00,-6.591060638427734375e+00,-1.245850658416748047e+01,-9.272488594055175781e+00
-1.604923629760742188e+01,-5.833602428436279297e+00,-5.803959846496582031e+00,-1.265181732177734375e+01,-9.162723541259765625e+00
-1.646452522277832031e+01,-5.832111358642578125e+00,-5.545176506042480469e+00,-1.313634014129638672e+01,-9.089114189147949219e+00
-1.695136642456054688e+01,-5.791859149932861328e+00,-5.906828403472900391e+00,-1.355496025085449219e+01,-9.243850708007812500e+00
-1.736409568786621094e+01,-5.755294799804687500e+00,-6.585845947265625000e+00,-1.359565258026123047e+01,-9.549759864807128906e+00
-1.766575241088867188e+01,-5.740608692169189453e+00,-7.296128273010253906e+00,-1.357457351684570312e+01,-9.725841522216796875e+00
-1.785815811157226562e+01,-5.739987373352050781e+00,-7.911349296569824219e+00,-1.360976791381835938e+01,-9.839061737060546875e+00
-1.804116249084472656e+01,-5.744984149932861328e+00,-8.297364234924316406e+00,-1.362321472167968750e+01,-9.891172409057617188e+00
-1.820888137817382812e+01,-5.750138759613037109e+00,-8.433107376098632812e+00,-1.362323570251464844e+01,-9.910157203674316406e+00
-1.831903648376464844e+01,-5.755622863769531250e+00,-8.451395034790039062e+00,-1.357411384582519531e+01,-9.926923751831054688e+00
-1.842545509338378906e+01,-5.751914501190185547e+00,-8.515800476074218750e+00,-1.347603797912597656e+01,-1.000398254394531250e+01
-1.839198112487792969e+01,-5.741560935974121094e+00,-8.726164817810058594e+00,-1.323336791992187500e+01,-1.017690658569335938e+01
-1.835653305053710938e+01,-5.730535507202148438e+00,-8.998036384582519531e+00,-1.289166355133056641e+01,-1.034854602813720703e+01
-1.819713973999023438e+01,-5.722032070159912109e+00,-9.250493049621582031e+00,-1.242542171478271484e+01,-1.049644851684570312e+01
-1.794579505920410156e+01,-5.706214427947998047e+00,-9.578294754028320312e+00,-1.190472984313964844e+01,-1.065342140197753906e+01
-1.772078132629394531e+01,-5.685466766357421875e+00,-9.917700767517089844e+00,-1.139796257019042969e+01,-1.080090999603271484e+01
-1.739859580993652344e+01,-5.668787479400634766e+00,-1.026137638092041016e+01,-1.094501304626464844e+01,-1.091878890991210938e+01
-1.697889137268066406e+01,-5.659235000610351562e+00,-1.058853912353515625e+01,-1.057869911193847656e+01,-1.098740196228027344e+01
-1.659215736389160156e+01,-5.654819011688232422e+00,-1.076696300506591797e+01,-1.041190910339355469e+01,-1.096419048309326172e+01
-1.635939598083496094e+01,-5.655165672302246094e+00,-1.082034015655517578e+01,-1.043703651428222656e+01,-1.087809658050537109e+01
-1.638490104675292969e+01,-5.657095432281494141e+00,-1.067073345184326172e+01,-1.063645362854003906e+01,-1.073347091674804688e+01
-1.647290802001953125e+01,-5.661255359649658203e+00,-1.037619018554687500e+01,-1.087028217315673828e+01,-1.059882926940917969e+01
-1.635985374450683594e+01,-5.657477378845214844e+00,-1.020986557006835938e+01,-1.089166069030761719e+01,-1.058330249786376953e+01
-1.630664825439453125e+01,-5.657305240631103516e+00,-9.964249610900878906e+00,-1.070426845550537109e+01,-1.056996726989746094e+01
-1.626613044738769531e+01,-5.646509647369384766e+00,-9.643838882446289062e+00,-1.065603637695312500e+01,-1.045474529266357422e+01
-1.610257720947265625e+01,-5.642050743103027344e+00,-9.437862396240234375e+00,-1.102974033355712891e+01,-1.029883956909179688e+01
-1.606407165527343750e+01,-5.620371818542480469e+00,-1.001041507720947266e+01,-1.134153366088867188e+01,-1.054454040527343750e+01
-1.623302078247070312e+01,-5.618967056274414062e+00,-1.088208007812500000e+01,-1.138457965850830078e+01,-1.092131233215332031e+01
-1.654130363464355469e+01,-5.621418952941894531e+00,-1.173086833953857422e+01,-1.130739974975585938e+01,-1.122139930725097656e+01
-1.680839347839355469e+01,-5.619390487670898438e+00,-1.231594753265380859e+01,-1.123322010040283203e+01,-1.136512470245361328e+01
-1.704718399047851562e+01,-5.616024017333984375e+00,-1.266066265106201172e+01,-1.121315383911132812e+01,-1.140131282806396484e+01
-1.724448394775390625e+01,-5.614113807678222656e+00,-1.282758235931396484e+01,-1.127128410339355469e+01,-1.137251472473144531e+01
-1.731182670593261719e+01,-5.612360954284667969e+00,-1.281854534149169922e+01,-1.136716175079345703e+01,-1.129342842102050781e+01
-1.739531135559082031e+01,-5.614390373229980469e+00,-1.267579936981201172e+01,-1.149922943115234375e+01,-1.121332359313964844e+01
-1.739608573913574219e+01,-5.619769573211669922e+00,-1.245286083221435547e+01,-1.166186809539794922e+01,-1.110851764678955078e+01
-1.736043548583984375e+01,-5.628780364990234375e+00,-1.220095634460449219e+01,-1.180739593505859375e+01,-1.102533340454101562e+01
-1.738054847717285156e+01,-5.639129161834716797e+00,-1.189881420135498047e+01,-1.194046020507812500e+01,-1.096849536895751953e+01
-1.742866706848144531e+01,-5.650422096252441406e+00,-1.153259181976318359e+01,-1.207831192016601562e+01,-1.090498924255371094e+01
-1.743501281738281250e+01,-5.660708904266357422e+00,-1.114753341674804688e+01,-1.220597076416015625e+01,-1.083989048004150391e+01
-1.749391555786132812e+01,-5.670514583587646484e+00,-1.072319698333740234e+01,-1.230729866027832031e+01,-1.077498626708984375e+01
-1.760909461975097656e+01,-5.678367137908935547e+00,-1.027966499328613281e+01,-1.238084602355957031e+01,-1.072767829895019531e+01
-1.769549179077148438e+01,-5.680744171142578125e+00,-9.927206993103027344e+00,-1.242139053344726562e+01,-1.071164417266845703e+01
-1.776013565063476562e+01,-5.681215763092041016e+00,-9.654804229736328125e+00,-1.244861507415771484e+01,-1.072705459594726562e+01
-1.780508613586425781e+01,-5.683840751647949219e+00,-9.487116813659667969e+00,-1.247563552856445312e+01,-1.076144409179687500e+01
-1.784264183044433594e+01,-5.690659046173095703e+00,-9.322356224060058594e+00,-1.249720954895019531e+01,-1.076979255676269531e+01
-1.784287643432617188e+01,-5.697222709655761719e+00,-9.138556480407714844e+00,-1.250503253936767578e+01,-1.076709842681884766e+01
-1.784116363525390625e+01,-5.703763484954833984e+00,-8.902612686157226562e+00,-1.253459167480468750e+01,-1.075086784362792969e+01
-1.778600120544433594e+01,-5.707161426544189453e+00,-8.606139183044433594e+00,-1.257106494903564453e+01,-1.071548080444335938e+01
-1.772711372375488281e+01,-5.713603973388671875e+00,-8.142262458801269531e+00,-1.261909294128417969e+01,-1.062091350555419922e+01
-1.749865531921386719e+01,-5.731276035308837891e+00,-7.119957923889160156e+00,-1.256933784484863281e+01,-1.030889892578125000e+01
-1.694010925292968750e+01,-5.809241294860839844e+00,-5.624288082122802734e+00,-1.253193473815917969e+01,-9.868313789367675781e+00
-1.616497802734375000e+01,-5.986426830291748047e+00,-4.405953884124755859e+00,-1.257022285461425781e+01,-9.519107818603515625e+00
-1.617338180541992188e+01,-6.337931632995605469e+00,-3.592079401016235352e+00,-1.294553756713867188e+01,-9.346499443054199219e+00
-1.618117713928222656e+01,-6.820601463317871094e+00,-3.203707218170166016e+00,-1.327478408813476562e+01,-9.406028747558593750e+00
-1.633656120300292969e+01,-7.317126274108886719e+00,-3.076390743255615234e+00,-1.350149536132812500e+01,-9.571728706359863281e+00
-1.666536140441894531e+01,-7.674913406372070312e+00,-3.071422815322875977e+00,-1.366053199768066406e+01,-9.725323677062988281e+00
-1.688145446777343750e+01,-7.866867065429687500e+00,-3.126904726028442383e+00,-1.370515632629394531e+01,-9.842223167419433594e+00
-1.711242675781250000e+01,-7.991216659545898438e+00,-3.129586219787597656e+00,-1.375008678436279297e+01,-9.833545684814453125e+00
-1.720815658569335938e+01,-8.093450546264648438e+00,-3.120132446289062500e+00,-1.374762916564941406e+01,-9.758417129516601562e+00
-1.739524841308593750e+01,-8.320970535278320312e+00,-3.086578607559204102e+00,-1.368433094024658203e+01,-9.735621452331542969e+00
-1.700985908508300781e+01,-8.671380996704101562e+00,-3.033923387527465820e+00,-1.343178176879882812e+01,-9.728326797485351562e+00
-1.674201583862304688e+01,-8.859696388244628906e+00,-3.048019886016845703e+00,-1.344925498962402344e+01,-9.648950576782226562e+00
-1.618270874023437500e+01,-8.871054649353027344e+00,-3.075199127197265625e+00,-1.377519035339355469e+01,-9.433730125427246094e+00
-1.630751228332519531e+01,-8.734580993652343750e+00,-3.170800209045410156e+00,-1.401645278930664062e+01,-9.480451583862304688e+00
-1.676863861083984375e+01,-8.417675018310546875e+00,-3.270402669906616211e+00,-1.408025646209716797e+01,-9.655067443847656250e+00
-1.724985504150390625e+01,-7.971127510070800781e+00,-3.380033493041992188e+00,-1.401462459564208984e+01,-9.857785224914550781e+00
-1.759315299987792969e+01,-7.452424049377441406e+00,-3.511847496032714844e+00,-1.392143726348876953e+01,-9.995550155639648438e+00
-1.781833457946777344e+01,-6.955135822296142578e+00,-3.672797203063964844e+00,-1.383319854736328125e+01,-1.007015991210937500e+01
-1.784218788146972656e+01,-6.563138484954833984e+00,-3.830890178680419922e+00,-1.373414039611816406e+01,-1.009715366363525391e+01
-1.781712341308593750e+01,-6.296066761016845703e+00,-3.959102630615234375e+00,-1.360956573486328125e+01,-1.010031795501708984e+01
-1.793022155761718750e+01,-6.092823028564453125e+00,-4.152711391448974609e+00,-1.347566509246826172e+01,-1.013900661468505859e+01
-1.798713684082031250e+01,-5.973476886749267578e+00,-4.256566524505615234e+00,-1.333879089355468750e+01,-1.008349323272705078e+01
-1.793401908874511719e+01,-5.967824935913085938e+00,-4.152502059936523438e+00,-1.314191436767578125e+01,-9.994920730590820312e+00
-1.784581375122070312e+01,-6.033937931060791016e+00,-3.933273792266845703e+00,-1.310198211669921875e+01,-9.875879287719726562e+00
-1.713762855529785156e+01,-5.963700294494628906e+00,-4.344402790069580078e+00,-1.262608337402343750e+01,-9.852241516113281250e+00
-1.691659164428710938e+01,-5.861062049865722656e+00,-4.791139602661132812e+00,-1.229857635498046875e+01,-9.957870483398437500e+00
-1.687903213500976562e+01,-5.803341865539550781e+00,-5.050123214721679688e+00,-1.220539474487304688e+01,-9.982728958129882812e+00
-1.694753456115722656e+01,-5.791210174560546875e+00,-5.098737716674804688e+00,-1.230127906799316406e+01,-9.920855522155761719e+00
-1.706964874267578125e+01,-5.791829109191894531e+00,-5.102520942687988281e+00,-1.248338890075683594e+01,-9.915653228759765625e+00
-1.714608955383300781e+01,-5.759928703308105469e+00,-5.368013381958007812e+00,-1.256072044372558594e+01,-1.005324935913085938e+01
-1.721392440795898438e+01,-5.738074302673339844e+00,-5.597241401672363281e+00,-1.267687416076660156e+01,-1.011735916137695312e+01
-1.725828170776367188e+01,-5.743961334228515625e+00,-5.521220207214355469e+00,-1.279170417785644531e+01,-1.003570175170898438e+01
-1.674968910217285156e+01,-5.774731636047363281e+00,-5.278024673461914062e+00,-1.271369361877441406e+01,-9.930132865905761719e+00
-1.587150573730468750e+01,-5.778015613555908203e+00,-5.704582214355468750e+00,-1.234033012390136719e+01,-9.873349189758300781e+00
-1.510300254821777344e+01,-5.791884899139404297e+00,-5.908119201660156250e+00,-1.208642196655273438e+01,-9.818956375122070312e+00
-1.529508686065673828e+01,-5.792783260345458984e+00,-6.080475807189941406e+00,-1.240425968170166016e+01,-9.808809280395507812e+00
-1.602437210083007812e+01,-5.792170524597167969e+00,-6.360966682434082031e+00,-1.294811058044433594e+01,-9.898956298828125000e+00
-1.676479911804199219e+01,-5.795929431915283203e+00,-6.843071460723876953e+00,-1.331633853912353516e+01,-1.015919303894042969e+01
-1.738096618652343750e+01,-5.803285121917724609e+00,-7.506136894226074219e+00,-1.346625804901123047e+01,-1.048424720764160156e+01
-1.771470260620117188e+01,-5.809057235717773438e+00,-8.152936935424804688e+00,-1.348380088806152344e+01,-1.076164913177490234e+01
-1.798235130310058594e+01,-5.809825420379638672e+00,-8.687509536743164062e+00,-1.339981937408447266e+01,-1.095398521423339844e+01
-1.816734504699707031e+01,-5.807725429534912109e+00,-9.094295501708984375e+00,-1.331415653228759766e+01,-1.104981327056884766e+01
-1.824820137023925781e+01,-5.798500537872314453e+00,-9.504354476928710938e+00,-1.318698024749755859e+01,-1.117098236083984375e+01
-1.832191276550292969e+01,-5.783738613128662109e+00,-9.832226753234863281e+00,-1.299359321594238281e+01,-1.128709030151367188e+01
-1.834818649291992188e+01,-5.769460678100585938e+00,-1.007465648651123047e+01,-1.285408496856689453e+01,-1.133935737609863281e+01
-1.834433555603027344e+01,-5.756955623626708984e+00,-1.027143478393554688e+01,-1.270331764221191406e+01,-1.137892246246337891e+01
-1.832739639282226562e+01,-5.743771076202392578e+00,-1.036040782928466797e+01,-1.254765415191650391e+01,-1.140563964843750000e+01
-1.826535224914550781e+01,-5.729860305786132812e+00,-1.037462615966796875e+01,-1.238494491577148438e+01,-1.141793918609619141e+01
-1.799755668640136719e+01,-5.719906806945800781e+00,-1.002910614013671875e+01,-1.214571475982666016e+01,-1.124857044219970703e+01
-1.728305053710937500e+01,-5.728034496307373047e+00,-9.115124702453613281e+00,-1.175325012207031250e+01,-1.087484169006347656e+01
-1.693608665466308594e+01,-5.714216709136962891e+00,-7.879213333129882812e+00,-1.163779735565185547e+01,-1.043700695037841797e+01
-1.665263748168945312e+01,-5.683455467224121094e+00,-7.135597229003906250e+00,-1.186387252807617188e+01,-1.018626403808593750e+01
-1.659161758422851562e+01,-5.705996990203857422e+00,-6.339115142822265625e+00,-1.237756919860839844e+01,-9.880424499511718750e+00
-1.668653106689453125e+01,-5.740861892700195312e+00,-5.869334220886230469e+00,-1.284906196594238281e+01,-9.746858596801757812e+00
-1.683925247192382812e+01,-5.775140285491943359e+00,-5.625778198242187500e+00,-1.303958320617675781e+01,-9.744728088378906250e+00
-1.689616584777832031e+01,-5.803620815277099609e+00,-5.462842941284179688e+00,-1.303104782104492188e+01,-9.746154785156250000e+00
-1.699805641174316406e+01,-5.765803337097167969e+00,-5.749655723571777344e+00,-1.287046146392822266e+01,-9.830937385559082031e+00
-1.741076469421386719e+01,-5.720222473144531250e+00,-6.335660934448242188e+00,-1.272220325469970703e+01,-9.996896743774414062e+00
-1.778851890563964844e+01,-5.684746265411376953e+00,-7.168455123901367188e+00,-1.242536449432373047e+01,-1.023720359802246094e+01
-1.788797378540039062e+01,-5.666690349578857422e+00,-7.997313499450683594e+00,-1.214698314666748047e+01,-1.047354316711425781e+01
-1.781875228881835938e+01,-5.667771816253662109e+00,-8.405220031738281250e+00,-1.208279037475585938e+01,-1.048837852478027344e+01
-1.774858474731445312e+01,-5.672392845153808594e+00,-8.426815986633300781e+00,-1.217106533050537109e+01,-1.031039237976074219e+01
-1.764339637756347656e+01,-5.681872367858886719e+00,-8.207780838012695312e+00,-1.237614059448242188e+01,-1.003775691986083984e+01
-1.759425354003906250e+01,-5.700881004333496094e+00,-7.926736831665039062e+00,-1.257535171508789062e+01,-9.814904212951660156e+00
-1.761614418029785156e+01,-5.714291095733642578e+00,-7.733304023742675781e+00,-1.270513629913330078e+01,-9.735773086547851562e+00
-1.771087265014648438e+01,-5.715795516967773438e+00,-7.725481986999511719e+00,-1.269113063812255859e+01,-9.810647964477539062e+00
-1.768723487854003906e+01,-5.710407733917236328e+00,-8.004401206970214844e+00,-1.246492481231689453e+01,-1.006238842010498047e+01
-1.762694549560546875e+01,-5.698044300079345703e+00,-8.507188796997070312e+00,-1.213238334655761719e+01,-1.036172866821289062e+01
-1.757242393493652344e+01,-5.686362743377685547e+00,-9.113995552062988281e+00,-1.176057815551757812e+01,-1.062506961822509766e+01
-1.747192192077636719e+01,-5.678738117218017578e+00,-9.654642105102539062e+00,-1.139305019378662109e+01,-1.082475852966308594e+01
-1.736377143859863281e+01,-5.670929908752441406e+00,-1.008071422576904297e+01,-1.108488178253173828e+01,-1.093114757537841797e+01
-1.725089263916015625e+01,-5.662794113159179688e+00,-1.033441257476806641e+01,-1.084790897369384766e+01,-1.098364639282226562e+01
-1.719739913940429688e+01,-5.654965400695800781e+00,-1.048631858825683594e+01,-1.073153972625732422e+01,-1.098320293426513672e+01
-1.711292839050292969e+01,-5.651906490325927734e+00,-1.059268951416015625e+01,-1.071721744537353516e+01,-1.095655822753906250e+01
-1.706799507141113281e+01,-5.651278018951416016e+00,-1.062539196014404297e+01,-1.085508346557617188e+01,-1.090492820739746094e+01
-1.705825614929199219e+01,-5.653520584106445312e+00,-1.057961273193359375e+01,-1.105820941925048828e+01,-1.085503673553466797e+01
-1.712360954284667969e+01,-5.656194210052490234e+00,-1.052361106872558594e+01,-1.129269123077392578e+01,-1.084043312072753906e+01
-1.713873291015625000e+01,-5.657825469970703125e+00,-1.053518772125244141e+01,-1.140055561065673828e+01,-1.089489078521728516e+01
-1.643866920471191406e+01,-5.665839195251464844e+00,-1.104237556457519531e+01,-1.119601631164550781e+01,-1.092633724212646484e+01
-1.619756698608398438e+01,-5.669910430908203125e+00,-1.111197948455810547e+01,-1.087414836883544922e+01,-1.085876941680908203e+01
-1.627429008483886719e+01,-5.656197547912597656e+00,-1.120045185089111328e+01,-1.105872440338134766e+01,-1.073745918273925781e+01
-1.656404876708984375e+01,-5.651288986206054688e+00,-1.145380401611328125e+01,-1.146625328063964844e+01,-1.079858589172363281e+01
-1.679478263854980469e+01,-5.655367851257324219e+00,-1.178699207305908203e+01,-1.172068023681640625e+01,-1.095355510711669922e+01
-1.699374198913574219e+01,-5.652885437011718750e+00,-1.219395351409912109e+01,-1.177888584136962891e+01,-1.111515140533447266e+01
-1.720778274536132812e+01,-5.645659446716308594e+00,-1.251111507415771484e+01,-1.181394577026367188e+01,-1.120063018798828125e+01
-1.730908584594726562e+01,-5.641598701477050781e+00,-1.275776004791259766e+01,-1.188351631164550781e+01,-1.120055198669433594e+01
-1.734015846252441406e+01,-5.638250827789306641e+00,-1.283306121826171875e+01,-1.192785358428955078e+01,-1.114503192901611328e+01
-1.744469261169433594e+01,-5.639855384826660156e+00,-1.278179836273193359e+01,-1.196274375915527344e+01,-1.107714557647705078e+01
-1.754223632812500000e+01,-5.640777111053466797e+00,-1.269643688201904297e+01,-1.197628402709960938e+01,-1.102361583709716797e+01
-1.751212692260742188e+01,-5.638074874877929688e+00,-1.267140674591064453e+01,-1.192116928100585938e+01,-1.103378677368164062e+01
-1.740637779235839844e+01,-5.633724212646484375e+00,-1.268498134613037109e+01,-1.181075477600097656e+01,-1.108229160308837891e+01
-1.729408454895019531e+01,-5.630483627319335938e+00,-1.269335365295410156e+01,-1.169223022460937500e+01,-1.112436580657958984e+01
-1.724192810058593750e+01,-5.628237247467041016e+00,-1.265416049957275391e+01,-1.160255813598632812e+01,-1.114343452453613281e+01
-1.725687217712402344e+01,-5.627247333526611328e+00,-1.244769763946533203e+01,-1.155080413818359375e+01,-1.110160160064697266e+01
-1.732435798645019531e+01,-5.628042697906494141e+00,-1.219967937469482422e+01,-1.156955814361572266e+01,-1.104434776306152344e+01
-1.742166900634765625e+01,-5.630404472351074219e+00,-1.194267749786376953e+01,-1.160796356201171875e+01,-1.100510787963867188e+01
-1.749143981933593750e+01,-5.633734226226806641e+00,-1.169970798492431641e+01,-1.159638786315917969e+01,-1.099035453796386719e+01
-1.749595451354980469e+01,-5.634096622467041016e+00,-1.151810550689697266e+01,-1.157625961303710938e+01,-1.100648689270019531e+01
-1.732646179199218750e+01,-5.635559082031250000e+00,-1.130795764923095703e+01,-1.162578105926513672e+01,-1.098248672485351562e+01
-1.726344680786132812e+01,-5.643564701080322266e+00,-1.103402519226074219e+01,-1.165234565734863281e+01,-1.094373035430908203e+01
-1.711635589599609375e+01,-5.656538009643554688e+00,-1.031151771545410156e+01,-1.171685314178466797e+01,-1.071607780456542969e+01
-1.633970069885253906e+01,-5.687235832214355469e+00,-9.153257369995117188e+00,-1.149797344207763672e+01,-1.025736999511718750e+01
-1.575357437133789062e+01,-5.743557453155517578e+00,-7.429209709167480469e+00,-1.119408321380615234e+01,-9.619584083557128906e+00
-1.541961860656738281e+01,-5.850275039672851562e+00,-5.883072376251220703e+00,-1.103161525726318359e+01,-9.089729309082031250e+00
-1.545788288116455078e+01,-5.935551643371582031e+00,-5.041583061218261719e+00,-1.158230781555175781e+01,-8.762216567993164062e+00
-1.566891574859619141e+01,-6.015125274658203125e+00,-4.561014652252197266e+00,-1.269030952453613281e+01,-8.543761253356933594e+00
-1.593868255615234375e+01,-6.066496849060058594e+00,-4.420518875122070312e+00,-1.355490875244140625e+01,-8.525915145874023438e+00
-1.629198646545410156e+01,-6.052239418029785156e+00,-4.523860454559326172e+00,-1.402598667144775391e+01,-8.636209487915039062e+00
-1.663070869445800781e+01,-6.016275405883789062e+00,-4.695182323455810547e+00,-1.422097206115722656e+01,-8.769674301147460938e+00
-1.699715805053710938e+01,-5.946177005767822266e+00,-5.013068199157714844e+00,-1.426777648925781250e+01,-8.944055557250976562e+00
-1.739908790588378906e+01,-5.875912666320800781e+00,-5.451867580413818359e+00,-1.426187896728515625e+01,-9.136500358581542969e+00
-1.771341514587402344e+01,-5.826583385467529297e+00,-5.929808616638183594e+00,-1.421459484100341797e+01,-9.305093765258789062e+00
-1.779445266723632812e+01,-5.795108318328857422e+00,-6.387959957122802734e+00,-1.418010807037353516e+01,-9.436747550964355469e+00
-1.778755187988281250e+01,-5.779437541961669922e+00,-6.744562149047851562e+00,-1.418942356109619141e+01,-9.474414825439453125e+00
-1.764780616760253906e+01,-5.790060520172119141e+00,-6.945801734924316406e+00,-1.416528511047363281e+01,-9.406131744384765625e+00
-1.747661399841308594e+01,-5.795929431915283203e+00,-7.119938850402832031e+00,-1.406426715850830078e+01,-9.327839851379394531e+00
-1.735907363891601562e+01,-5.799133777618408203e+00,-7.112339973449707031e+00,-1.398719787597656250e+01,-9.234341621398925781e+00
-1.715043640136718750e+01,-5.801486968994140625e+00,-6.936941146850585938e+00,-1.366511249542236328e+01,-9.172625541687011719e+00
-1.698985099792480469e+01,-5.774309158325195312e+00,-7.052350997924804688e+00,-1.354851722717285156e+01,-9.201347351074218750e+00
-1.697305107116699219e+01,-5.755130290985107422e+00,-7.368625640869140625e+00,-1.349745750427246094e+01,-9.370649337768554688e+00
-1.699045753479003906e+01,-5.752067089080810547e+00,-7.599442481994628906e+00,-1.346409988403320312e+01,-9.522211074829101562e+00
-1.697290802001953125e+01,-5.753939151763916016e+00,-7.953248977661132812e+00,-1.345335006713867188e+01,-9.687660217285156250e+00
-1.710648155212402344e+01,-5.757401943206787109e+00,-8.121390342712402344e+00,-1.343081665039062500e+01,-9.805302619934082031e+00
-1.734442901611328125e+01,-5.754833698272705078e+00,-8.223744392395019531e+00,-1.334545898437500000e+01,-9.890839576721191406e+00
-1.755387306213378906e+01,-5.750479221343994141e+00,-8.358569145202636719e+00,-1.318246650695800781e+01,-9.991918563842773438e+00
-1.771662521362304688e+01,-5.747293949127197266e+00,-8.419432640075683594e+00,-1.295639514923095703e+01,-1.008881187438964844e+01
-1.787370681762695312e+01,-5.746352195739746094e+00,-7.988141059875488281e+00,-1.281478786468505859e+01,-1.005370998382568359e+01
-1.804266548156738281e+01,-5.733271121978759766e+00,-7.413426399230957031e+00,-1.268160438537597656e+01,-1.004828834533691406e+01
-1.820644760131835938e+01,-5.714443206787109375e+00,-6.864014625549316406e+00,-1.246850204467773438e+01,-1.007496452331542969e+01
-1.823456954956054688e+01,-5.697601795196533203e+00,-6.413844108581542969e+00,-1.215143394470214844e+01,-1.009918212890625000e+01
-1.822562789916992188e+01,-5.664443492889404297e+00,-6.181607246398925781e+00,-1.171268653869628906e+01,-1.019853687286376953e+01
-1.811312484741210938e+01,-5.607452392578125000e+00,-6.128389358520507812e+00,-1.096618461608886719e+01,-1.028162384033203125e+01
-1.749016189575195312e+01,-5.521999835968017578e+00,-6.357660293579101562e+00,-9.324767112731933594e+00,-1.039821338653564453e+01
-1.650040435791015625e+01,-5.476262569427490234e+00,-6.883760452270507812e+00,-7.192494392395019531e+00,-1.046738433837890625e+01
-1.596210956573486328e+01,-5.609761714935302734e+00,-7.686527252197265625e+00,-5.708105087280273438e+00,-1.065866947174072266e+01
-1.554966545104980469e+01,-5.844827175140380859e+00,-8.415812492370605469e+00,-5.077360153198242188e+00,-1.085319614410400391e+01
-1.530185317993164062e+01,-6.043982505798339844e+00,-8.980890274047851562e+00,-4.866032600402832031e+00,-1.099071121215820312e+01
-1.541455936431884766e+01,-6.185973167419433594e+00,-9.247925758361816406e+00,-4.797059059143066406e+00,-1.096615791320800781e+01
-1.578299617767333984e+01,-6.271927833557128906e+00,-9.196976661682128906e+00,-4.799656391143798828e+00,-1.069985294342041016e+01
-1.626303863525390625e+01,-6.297310829162597656e+00,-8.866575241088867188e+00,-4.870015144348144531e+00,-1.025809955596923828e+01
-1.681579971313476562e+01,-6.293173313140869141e+00,-8.383461952209472656e+00,-4.978595733642578125e+00,-9.768803596496582031e+00
-1.719800949096679688e+01,-6.308567047119140625e+00,-7.925986289978027344e+00,-5.055310249328613281e+00,-9.364656448364257812e+00
-1.731401062011718750e+01,-6.362954616546630859e+00,-7.549182891845703125e+00,-5.069474697113037109e+00,-9.048368453979492188e+00
-1.730658340454101562e+01,-6.455711841583251953e+00,-7.311153411865234375e+00,-5.010784149169921875e+00,-8.850303649902343750e+00
-1.717772293090820312e+01,-6.591115474700927734e+00,-7.295518875122070312e+00,-4.880440711975097656e+00,-8.808762550354003906e+00
-1.697212791442871094e+01,-6.779813289642333984e+00,-7.405777931213378906e+00,-4.719311714172363281e+00,-8.851872444152832031e+00
-1.669635200500488281e+01,-7.009964942932128906e+00,-7.549943923950195312e+00,-4.566162109375000000e+00,-8.907266616821289062e+00
-1.638260078430175781e+01,-7.275615215301513672e+00,-7.734899520874023438e+00,-4.430275917053222656e+00,-8.988985061645507812e+00
-1.612175178527832031e+01,-7.546626091003417969e+00,-7.888551712036132812e+00,-4.319979667663574219e+00,-9.046827316284179688e+00
-1.603353118896484375e+01,-7.791861534118652344e+00,-8.022706985473632812e+00,-4.237354278564453125e+00,-9.110065460205078125e+00
-1.600077438354492188e+01,-8.051860809326171875e+00,-8.125930786132812500e+00,-4.164203643798828125e+00,-9.182724952697753906e+00
-1.604582595825195312e+01,-8.331543922424316406e+00,-8.195502281188964844e+00,-4.103675842285156250e+00,-9.270223617553710938e+00
-1.609377670288085938e+01,-8.582960128784179688e+00,-8.234631538391113281e+00,-4.061125755310058594e+00,-9.302245140075683594e+00
-1.579957962036132812e+01,-8.881356239318847656e+00,-8.348675727844238281e+00,-4.010786056518554688e+00,-9.397688865661621094e+00
-1.565537452697753906e+01,-9.173809051513671875e+00,-8.441251754760742188e+00,-3.963895082473754883e+00,-9.471262931823730469e+00
-1.562758255004882812e+01,-9.414950370788574219e+00,-8.444923400878906250e+00,-3.928581476211547852e+00,-9.396265029907226562e+00
-1.580035114288330078e+01,-9.605859756469726562e+00,-8.432999610900878906e+00,-3.917700052261352539e+00,-9.324253082275390625e+00
-1.601533699035644531e+01,-9.799694061279296875e+00,-8.391424179077148438e+00,-3.901146650314331055e+00,-9.274810791015625000e+00
-1.612941741943359375e+01,-9.979701995849609375e+00,-8.377037048339843750e+00,-3.887978792190551758e+00,-9.255549430847167969e+00
-1.620803833007812500e+01,-1.012872886657714844e+01,-8.327280998229980469e+00,-3.879832029342651367e+00,-9.192076683044433594e+00
-1.635026931762695312e+01,-1.024243164062500000e+01,-8.276864051818847656e+00,-3.877278566360473633e+00,-9.101953506469726562e+00
-1.643921852111816406e+01,-1.037147903442382812e+01,-8.247229576110839844e+00,-3.866628885269165039e+00,-9.040749549865722656e+00
-1.646395301818847656e+01,-1.051281452178955078e+01,-8.252332687377929688e+00,-3.851904153823852539e+00,-8.986702919006347656e+00
-1.654249763488769531e+01,-1.064103317260742188e+01,-8.283366203308105469e+00,-3.838670015335083008e+00,-8.959062576293945312e+00
-1.664980125427246094e+01,-1.074934768676757812e+01,-8.332502365112304688e+00,-3.829204797744750977e+00,-8.924682617187500000e+00
-1.672849845886230469e+01,-1.083373069763183594e+01,-8.394189834594726562e+00,-3.823016881942749023e+00,-8.887077331542968750e+00
-1.663005828857421875e+01,-1.093408393859863281e+01,-8.481245994567871094e+00,-3.809230566024780273e+00,-8.890852928161621094e+00
-1.625944709777832031e+01,-1.106892585754394531e+01,-8.583374023437500000e+00,-3.785040616989135742e+00,-8.889523506164550781e+00
-1.576084995269775391e+01,-1.120987892150878906e+01,-8.667693138122558594e+00,-3.761960268020629883e+00,-8.784025192260742188e+00
-1.533260917663574219e+01,-1.131386184692382812e+01,-8.633766174316406250e+00,-3.747622251510620117e+00,-8.434291839599609375e+00
-1.460071182250976562e+01,-1.140152740478515625e+01,-8.536665916442871094e+00,-3.739732027053833008e+00,-7.883144378662109375e+00
-1.378468132019042969e+01,-1.148213386535644531e+01,-8.432674407958984375e+00,-3.741675615310668945e+00,-7.314300537109375000e+00
-1.247636413574218750e+01,-1.156561851501464844e+01,-8.385106086730957031e+00,-3.740366220474243164e+00,-6.736046314239501953e+00
-1.105066490173339844e+01,-1.164702415466308594e+01,-8.347731590270996094e+00,-3.738945245742797852e+00,-6.073858261108398438e+00
-9.952158927917480469e+00,-1.170139122009277344e+01,-8.294284820556640625e+00,-3.739996194839477539e+00,-5.349340438842773438e+00
-9.849983215332031250e+00,-1.165454673767089844e+01,-8.193007469177246094e+00,-3.782321214675903320e+00,-4.761686801910400391e+00
-1.095538330078125000e+01,-1.158919048309326172e+01,-7.966346740722656250e+00,-3.855262041091918945e+00,-4.317852020263671875e+00
-1.264043998718261719e+01,-1.150417041778564453e+01,-7.755022048950195312e+00,-3.910874605178833008e+00,-4.246088504791259766e+00
-1.426019859313964844e+01,-1.140277004241943359e+01,-7.598212242126464844e+00,-3.942159891128540039e+00,-4.461420059204101562e+00
-1.555394744873046875e+01,-1.131430244445800781e+01,-7.502807617187500000e+00,-3.944244146347045898e+00,-4.819747924804687500e+00
-1.641881752014160156e+01,-1.121340370178222656e+01,-7.494109153747558594e+00,-3.921853780746459961e+00,-5.223272323608398438e+00
-1.682402992248535156e+01,-1.113145256042480469e+01,-7.499968528747558594e+00,-3.907756090164184570e+00,-5.444732666015625000e+00
-1.689686203002929688e+01,-1.103497028350830078e+01,-7.527264595031738281e+00,-3.904435396194458008e+00,-5.497501373291015625e+00
-1.686900901794433594e+01,-1.089489269256591797e+01,-7.597142219543457031e+00,-3.894427537918090820e+00,-5.485891819000244141e+00
-1.654442787170410156e+01,-1.072837829589843750e+01,-7.731909751892089844e+00,-3.893096208572387695e+00,-5.398144721984863281e+00
-1.606014060974121094e+01,-1.054281902313232422e+01,-7.814764022827148438e+00,-3.918202638626098633e+00,-5.105564117431640625e+00
-1.550542736053466797e+01,-1.036199474334716797e+01,-7.881414413452148438e+00,-3.945095300674438477e+00,-4.772666454315185547e+00
-1.494547748565673828e+01,-1.018274879455566406e+01,-7.910586357116699219e+00,-3.981962442398071289e+00,-4.398994445800781250e+00
-1.399199104309082031e+01,-1.008545875549316406e+01,-7.917551040649414062e+00,-4.008579254150390625e+00,-3.825213670730590820e+00
-1.259268093109130859e+01,-1.015320682525634766e+01,-7.890233039855957031e+00,-4.017420768737792969e+00,-2.906951665878295898e+00
-1.098990821838378906e+01,-1.046927738189697266e+01,-7.690320968627929688e+00,-4.043169975280761719e+00,-1.759277582168579102e+00
-7.947434902191162109e+00,-1.091727161407470703e+01,-7.651638984680175781e+00,-4.203344345092773438e+00,-8.988534808158874512e-01
-5.396340275183320045e-04,-1.129652309417724609e+01,-8.336021423339843750e+00,-4.882971763610839844e+00,-1.542953252792358398e+00
