-1.094429683685302734e+01,-6.010560512542724609e+00,-3.203373670578002930e+00,-1.064308357238769531e+01,-1.034825706481933594e+01
-1.000611591339111328e+01,-5.847350597381591797e+00,-4.263141155242919922e+00,-1.133571434020996094e+01,-1.055891704559326172e+01
-9.604792594909667969e+00,-5.836655139923095703e+00,-5.435498714447021484e+00,-1.217813968658447266e+01,-1.086562347412109375e+01
-9.929265022277832031e+00,-5.889205455780029297e+00,-6.599100112915039062e+00,-1.318157863616943359e+01,-1.125312423706054688e+01
-1.079457855224609375e+01,-5.935766220092773438e+00,-7.672140121459960938e+00,-1.409992218017578125e+01,-1.170693969726562500e+01
-1.186632442474365234e+01,-5.955470085144042969e+00,-8.528935432434082031e+00,-1.477706241607666016e+01,-1.210771465301513672e+01
-1.256463527679443359e+01,-5.940451145172119141e+00,-8.868182182312011719e+00,-1.495297241210937500e+01,-1.230608463287353516e+01
-1.316654396057128906e+01,-5.922433853149414062e+00,-9.268405914306640625e+00,-1.516712951660156250e+01,-1.256124687194824219e+01
-1.361464595794677734e+01,-5.908557415008544922e+00,-9.581925392150878906e+00,-1.530979537963867188e+01,-1.275239372253417969e+01
-1.389598846435546875e+01,-5.893266677856445312e+00,-9.792036056518554688e+00,-1.536749935150146484e+01,-1.290188407897949219e+01
-1.386402797698974609e+01,-5.877187252044677734e+00,-9.779450416564941406e+00,-1.513895320892333984e+01,-1.291965198516845703e+01
-1.386279106140136719e+01,-5.870386600494384766e+00,-9.930890083312988281e+00,-1.503033924102783203e+01,-1.297582244873046875e+01
-1.388303089141845703e+01,-5.865442276000976562e+00,-1.009635639190673828e+01,-1.491627979278564453e+01,-1.304556846618652344e+01
-1.386511898040771484e+01,-5.861066818237304688e+00,-1.023809814453125000e+01,-1.483631706237792969e+01,-1.309925842285156250e+01
-1.376963615417480469e+01,-5.855481147766113281e+00,-1.032313728332519531e+01,-1.483186054229736328e+01,-1.309981155395507812e+01
-1.370922279357910156e+01,-5.850424289703369141e+00,-1.036281394958496094e+01,-1.483956146240234375e+01,-1.306436157226562500e+01
-1.349079132080078125e+01,-5.838778495788574219e+00,-1.023237514495849609e+01,-1.468446159362792969e+01,-1.295454692840576172e+01
-1.348687553405761719e+01,-5.845489025115966797e+00,-1.023489761352539062e+01,-1.466812705993652344e+01,-1.290275955200195312e+01
-1.344195747375488281e+01,-5.848424911499023438e+00,-1.026329898834228516e+01,-1.471925926208496094e+01,-1.289580535888671875e+01
-1.344063568115234375e+01,-5.849478244781494141e+00,-1.026207351684570312e+01,-1.488250160217285156e+01,-1.292195034027099609e+01
-1.332576179504394531e+01,-5.852080345153808594e+00,-1.027414226531982422e+01,-1.504576969146728516e+01,-1.291368198394775391e+01
-1.275280666351318359e+01,-5.860603332519531250e+00,-1.043054580688476562e+01,-1.510635662078857422e+01,-1.293478870391845703e+01
-1.257842826843261719e+01,-5.865989685058593750e+00,-1.052002620697021484e+01,-1.515073871612548828e+01,-1.293087768554687500e+01
-1.254281234741210938e+01,-5.865876674652099609e+00,-1.053897857666015625e+01,-1.518077373504638672e+01,-1.288537788391113281e+01
-1.269073963165283203e+01,-5.868190765380859375e+00,-1.053144264221191406e+01,-1.528016662597656250e+01,-1.283563804626464844e+01
-1.262399959564208984e+01,-5.857072830200195312e+00,-1.039737987518310547e+01,-1.521336936950683594e+01,-1.277414894104003906e+01
-1.303718852996826172e+01,-5.856009960174560547e+00,-1.038009834289550781e+01,-1.529640865325927734e+01,-1.282853317260742188e+01
-1.337242889404296875e+01,-5.849690914154052734e+00,-1.041561222076416016e+01,-1.536626815795898438e+01,-1.293397045135498047e+01
-1.368199539184570312e+01,-5.841937541961669922e+00,-1.044561386108398438e+01,-1.536898422241210938e+01,-1.309010791778564453e+01
-1.393456649780273438e+01,-5.836482048034667969e+00,-1.044733142852783203e+01,-1.534261894226074219e+01,-1.322465801239013672e+01
-1.416084480285644531e+01,-5.832347393035888672e+00,-1.041029548645019531e+01,-1.531657505035400391e+01,-1.329801654815673828e+01
-1.431471061706542969e+01,-5.835365772247314453e+00,-1.034149456024169922e+01,-1.533675003051757812e+01,-1.329784011840820312e+01
-1.442153453826904297e+01,-5.837938308715820312e+00,-1.023660755157470703e+01,-1.541148376464843750e+01,-1.326362419128417969e+01
-1.448260211944580078e+01,-5.841959476470947266e+00,-1.017901992797851562e+01,-1.548124980926513672e+01,-1.326434040069580078e+01
-1.453778266906738281e+01,-5.840478420257568359e+00,-1.024314498901367188e+01,-1.551290321350097656e+01,-1.332375335693359375e+01
-1.453820419311523438e+01,-5.839153289794921875e+00,-1.031963348388671875e+01,-1.552016067504882812e+01,-1.336944675445556641e+01
-1.451471328735351562e+01,-5.831667423248291016e+00,-1.037084007263183594e+01,-1.548233795166015625e+01,-1.341313743591308594e+01
-1.453385829925537109e+01,-5.828033447265625000e+00,-1.038931560516357422e+01,-1.548075962066650391e+01,-1.343119525909423828e+01
-1.456092834472656250e+01,-5.826275348663330078e+00,-1.037454509735107422e+01,-1.549001502990722656e+01,-1.342791175842285156e+01
-1.461724662780761719e+01,-5.825310707092285156e+00,-1.032002544403076172e+01,-1.548286437988281250e+01,-1.343826770782470703e+01
-1.465286254882812500e+01,-5.823281288146972656e+00,-1.023240184783935547e+01,-1.551588726043701172e+01,-1.343067169189453125e+01
-1.462434482574462891e+01,-5.825619220733642578e+00,-1.017971897125244141e+01,-1.553063583374023438e+01,-1.341385650634765625e+01
-1.460492706298828125e+01,-5.827716827392578125e+00,-1.012999629974365234e+01,-1.552578067779541016e+01,-1.339299774169921875e+01
-1.455977344512939453e+01,-5.823684692382812500e+00,-1.008283996582031250e+01,-1.543204975128173828e+01,-1.342875576019287109e+01
-1.450639057159423828e+01,-5.824888706207275391e+00,-1.003837966918945312e+01,-1.536623573303222656e+01,-1.342696571350097656e+01
-1.444556903839111328e+01,-5.823233127593994141e+00,-9.939223289489746094e+00,-1.529475212097167969e+01,-1.339122200012207031e+01
-1.439700794219970703e+01,-5.839657306671142578e+00,-9.784628868103027344e+00,-1.534265136718750000e+01,-1.329344081878662109e+01
-1.420947837829589844e+01,-5.860636711120605469e+00,-9.555468559265136719e+00,-1.543299388885498047e+01,-1.314781951904296875e+01
-1.397216033935546875e+01,-5.889263153076171875e+00,-9.181623458862304688e+00,-1.561446475982666016e+01,-1.293378734588623047e+01
-1.377981376647949219e+01,-5.921752452850341797e+00,-8.710394859313964844e+00,-1.583105278015136719e+01,-1.270626068115234375e+01
-1.370109844207763672e+01,-5.953950881958007812e+00,-8.168079376220703125e+00,-1.602554130554199219e+01,-1.252732849121093750e+01
-1.354344940185546875e+01,-5.969480037689208984e+00,-7.933135986328125000e+00,-1.616833114624023438e+01,-1.244092464447021484e+01
-1.332802391052246094e+01,-5.979229927062988281e+00,-7.781289100646972656e+00,-1.624621963500976562e+01,-1.235637760162353516e+01
-1.310214424133300781e+01,-5.993617534637451172e+00,-7.607313156127929688e+00,-1.628147315979003906e+01,-1.222031688690185547e+01
-1.271022415161132812e+01,-6.000352382659912109e+00,-7.222778320312500000e+00,-1.614909172058105469e+01,-1.201973628997802734e+01
-1.271891117095947266e+01,-5.999278068542480469e+00,-6.938059806823730469e+00,-1.617532920837402344e+01,-1.188479804992675781e+01
-1.290624237060546875e+01,-5.989411830902099609e+00,-6.751397132873535156e+00,-1.622044372558593750e+01,-1.188175964355468750e+01
-1.307442092895507812e+01,-5.976376533508300781e+00,-6.664910316467285156e+00,-1.622766876220703125e+01,-1.196135616302490234e+01
-1.323365688323974609e+01,-5.960222244262695312e+00,-6.846433639526367188e+00,-1.618611907958984375e+01,-1.213339328765869141e+01
-1.349228477478027344e+01,-5.948934078216552734e+00,-7.137014389038085938e+00,-1.609821701049804688e+01,-1.233413982391357422e+01
-1.382370853424072266e+01,-5.938969135284423828e+00,-7.422593116760253906e+00,-1.600327682495117188e+01,-1.253451442718505859e+01
-1.406291484832763672e+01,-5.932360172271728516e+00,-7.711645126342773438e+00,-1.592062568664550781e+01,-1.268656539916992188e+01
-1.419406890869140625e+01,-5.928336620330810547e+00,-7.972604751586914062e+00,-1.584846878051757812e+01,-1.277844810485839844e+01
-1.430735874176025391e+01,-5.924211978912353516e+00,-8.192423820495605469e+00,-1.577355289459228516e+01,-1.286271858215332031e+01
-1.433781433105468750e+01,-5.915786743164062500e+00,-8.439303398132324219e+00,-1.568184661865234375e+01,-1.295425987243652344e+01
-1.432990455627441406e+01,-5.909421443939208984e+00,-8.645606994628906250e+00,-1.561069488525390625e+01,-1.301247787475585938e+01
-1.429787635803222656e+01,-5.903523445129394531e+00,-8.780188560485839844e+00,-1.554966449737548828e+01,-1.304159545898437500e+01
-1.419680023193359375e+01,-5.898697853088378906e+00,-8.873199462890625000e+00,-1.549636936187744141e+01,-1.305701541900634766e+01
-1.402868938446044922e+01,-5.893792629241943359e+00,-8.970391273498535156e+00,-1.545885276794433594e+01,-1.305850696563720703e+01
-1.373040008544921875e+01,-5.888682365417480469e+00,-9.047256469726562500e+00,-1.538831043243408203e+01,-1.306660461425781250e+01
-1.342092227935791016e+01,-5.887757301330566406e+00,-9.037959098815917969e+00,-1.524846935272216797e+01,-1.305428409576416016e+01
-1.304541110992431641e+01,-5.894492149353027344e+00,-8.826942443847656250e+00,-1.498640251159667969e+01,-1.290015697479248047e+01
-1.289464473724365234e+01,-5.889569282531738281e+00,-8.760325431823730469e+00,-1.489103603363037109e+01,-1.278772068023681641e+01
-1.268039703369140625e+01,-5.893342971801757812e+00,-8.752218246459960938e+00,-1.484285736083984375e+01,-1.271106529235839844e+01
-1.239277553558349609e+01,-5.889643192291259766e+00,-8.848285675048828125e+00,-1.470647907257080078e+01,-1.268307018280029297e+01
-1.254542446136474609e+01,-5.880231380462646484e+00,-9.070419311523437500e+00,-1.484636688232421875e+01,-1.270543956756591797e+01
-1.293221473693847656e+01,-5.869465827941894531e+00,-9.302683830261230469e+00,-1.506807518005371094e+01,-1.282473087310791016e+01
-1.329908561706542969e+01,-5.853302478790283203e+00,-9.435345649719238281e+00,-1.519466209411621094e+01,-1.300770473480224609e+01
-1.365189170837402344e+01,-5.841187953948974609e+00,-9.497743606567382812e+00,-1.519750976562500000e+01,-1.319191741943359375e+01
-1.388017177581787109e+01,-5.832401275634765625e+00,-9.532596588134765625e+00,-1.511123752593994141e+01,-1.332443141937255859e+01
-1.410175323486328125e+01,-5.822626590728759766e+00,-9.490690231323242188e+00,-1.502454757690429688e+01,-1.339843273162841797e+01
-1.436506843566894531e+01,-5.815542221069335938e+00,-9.371777534484863281e+00,-1.492832374572753906e+01,-1.345418834686279297e+01
-1.455341148376464844e+01,-5.812420368194580078e+00,-9.239960670471191406e+00,-1.480750274658203125e+01,-1.349986839294433594e+01
-1.462635421752929688e+01,-5.808975696563720703e+00,-9.176814079284667969e+00,-1.469464778900146484e+01,-1.352277469635009766e+01
-1.465509986877441406e+01,-5.810870647430419922e+00,-9.121508598327636719e+00,-1.465423011779785156e+01,-1.349956035614013672e+01
-1.465518760681152344e+01,-5.820600509643554688e+00,-8.976256370544433594e+00,-1.471100997924804688e+01,-1.339865112304687500e+01
-1.455097579956054688e+01,-5.836965084075927734e+00,-8.763659477233886719e+00,-1.478620147705078125e+01,-1.324588108062744141e+01
-1.436155796051025391e+01,-5.856078624725341797e+00,-8.505981445312500000e+00,-1.488572120666503906e+01,-1.304529666900634766e+01
-1.416917800903320312e+01,-5.871566295623779297e+00,-8.280779838562011719e+00,-1.500776576995849609e+01,-1.286617374420166016e+01
-1.399186515808105469e+01,-5.883867740631103516e+00,-8.101476669311523438e+00,-1.517239284515380859e+01,-1.271474838256835938e+01
-1.390856456756591797e+01,-5.888136386871337891e+00,-7.950219154357910156e+00,-1.527318572998046875e+01,-1.264448356628417969e+01
-1.394600296020507812e+01,-5.883200645446777344e+00,-7.858593940734863281e+00,-1.524995040893554688e+01,-1.271376609802246094e+01
-1.412297725677490234e+01,-5.874112606048583984e+00,-7.856633186340332031e+00,-1.517295265197753906e+01,-1.285142993927001953e+01
-1.431922531127929688e+01,-5.866857528686523438e+00,-7.947602272033691406e+00,-1.507478713989257812e+01,-1.300220012664794922e+01
-1.447865581512451172e+01,-5.859465122222900391e+00,-8.060350418090820312e+00,-1.496162033081054688e+01,-1.311704158782958984e+01
-1.442269706726074219e+01,-5.852037906646728516e+00,-8.145274162292480469e+00,-1.479236602783203125e+01,-1.318428421020507812e+01
-1.430822181701660156e+01,-5.846414089202880859e+00,-8.250150680541992188e+00,-1.471485900878906250e+01,-1.319587230682373047e+01
-1.424030113220214844e+01,-5.841387271881103516e+00,-8.334878921508789062e+00,-1.470919609069824219e+01,-1.318552112579345703e+01
-1.423322677612304688e+01,-5.841871738433837891e+00,-8.386282920837402344e+00,-1.477532768249511719e+01,-1.314611816406250000e+01
-1.422728538513183594e+01,-5.846705436706542969e+00,-8.395140647888183594e+00,-1.486998176574707031e+01,-1.308576679229736328e+01
-1.420274448394775391e+01,-5.850395679473876953e+00,-8.366310119628906250e+00,-1.489985466003417969e+01,-1.306757259368896484e+01
-1.412632179260253906e+01,-5.851109981536865234e+00,-8.325177192687988281e+00,-1.484458732604980469e+01,-1.307813930511474609e+01
-1.410324096679687500e+01,-5.849153995513916016e+00,-8.314579010009765625e+00,-1.473353004455566406e+01,-1.312589073181152344e+01
-1.411574268341064453e+01,-5.846900463104248047e+00,-8.318876266479492188e+00,-1.461944484710693359e+01,-1.319031429290771484e+01
-1.410048389434814453e+01,-5.844789981842041016e+00,-8.394341468811035156e+00,-1.452719306945800781e+01,-1.324873065948486328e+01
-1.397124290466308594e+01,-5.839976310729980469e+00,-8.476056098937988281e+00,-1.437596321105957031e+01,-1.331484794616699219e+01
-1.370085048675537109e+01,-5.831805706024169922e+00,-8.587327003479003906e+00,-1.419045639038085938e+01,-1.335369968414306641e+01
-1.335718727111816406e+01,-5.818571090698242188e+00,-8.722560882568359375e+00,-1.400206565856933594e+01,-1.336327648162841797e+01
-1.297879123687744141e+01,-5.810106277465820312e+00,-8.865531921386718750e+00,-1.381151008605957031e+01,-1.331068325042724609e+01
-1.279319477081298828e+01,-5.811835765838623047e+00,-8.889171600341796875e+00,-1.378552722930908203e+01,-1.309817218780517578e+01
-1.267391872406005859e+01,-5.830918312072753906e+00,-8.724184989929199219e+00,-1.393980216979980469e+01,-1.282497119903564453e+01
-1.271689987182617188e+01,-5.859923362731933594e+00,-8.499977111816406250e+00,-1.422885322570800781e+01,-1.259678554534912109e+01
-1.272924995422363281e+01,-5.886492729187011719e+00,-8.287726402282714844e+00,-1.453027057647705078e+01,-1.244098472595214844e+01
-1.308116722106933594e+01,-5.899824619293212891e+00,-8.299244880676269531e+00,-1.495475578308105469e+01,-1.245648860931396484e+01
-1.352952384948730469e+01,-5.910138130187988281e+00,-8.385734558105468750e+00,-1.526097297668457031e+01,-1.257538318634033203e+01
-1.390142440795898438e+01,-5.911275863647460938e+00,-8.484710693359375000e+00,-1.542837619781494141e+01,-1.271253585815429688e+01
-1.421051979064941406e+01,-5.910529136657714844e+00,-8.539202690124511719e+00,-1.552755737304687500e+01,-1.280956840515136719e+01
-1.450989246368408203e+01,-5.915867805480957031e+00,-8.518858909606933594e+00,-1.561276721954345703e+01,-1.287690639495849609e+01
-1.478019142150878906e+01,-5.919484615325927734e+00,-8.431363105773925781e+00,-1.570205307006835938e+01,-1.292368793487548828e+01
-1.488820457458496094e+01,-5.924087047576904297e+00,-8.241151809692382812e+00,-1.574493598937988281e+01,-1.290354347229003906e+01
-1.489783191680908203e+01,-5.928718090057373047e+00,-8.008512496948242188e+00,-1.576741981506347656e+01,-1.284996986389160156e+01
-1.484111785888671875e+01,-5.931303024291992188e+00,-7.757054328918457031e+00,-1.578228187561035156e+01,-1.277771282196044922e+01
-1.472922134399414062e+01,-5.934958934783935547e+00,-7.492822647094726562e+00,-1.581265926361083984e+01,-1.269745159149169922e+01
-1.466552925109863281e+01,-5.937849044799804688e+00,-7.242311477661132812e+00,-1.582481384277343750e+01,-1.264324188232421875e+01
-1.460533046722412109e+01,-5.939308643341064453e+00,-6.985036849975585938e+00,-1.577786254882812500e+01,-1.260595989227294922e+01
-1.446880722045898438e+01,-5.936618328094482422e+00,-6.854939460754394531e+00,-1.568431091308593750e+01,-1.260949611663818359e+01
-1.428979110717773438e+01,-5.929051399230957031e+00,-6.781393051147460938e+00,-1.550562667846679688e+01,-1.265623664855957031e+01
-1.394437789916992188e+01,-5.930810451507568359e+00,-6.614827156066894531e+00,-1.526494216918945312e+01,-1.263691139221191406e+01
-1.366268253326416016e+01,-5.924176216125488281e+00,-6.463731765747070312e+00,-1.496991348266601562e+01,-1.263136959075927734e+01
-1.345202064514160156e+01,-5.907925128936767578e+00,-6.447106361389160156e+00,-1.466340541839599609e+01,-1.266225433349609375e+01
-1.326950645446777344e+01,-5.888434886932373047e+00,-6.441905021667480469e+00,-1.434813499450683594e+01,-1.265534973144531250e+01
-1.271336174011230469e+01,-5.868040561676025391e+00,-6.404741287231445312e+00,-1.384439563751220703e+01,-1.255437946319580078e+01
-1.218061065673828125e+01,-5.839891433715820312e+00,-6.399133682250976562e+00,-1.336522102355957031e+01,-1.244098758697509766e+01
-1.162273597717285156e+01,-5.817078113555908203e+00,-6.473879814147949219e+00,-1.296768379211425781e+01,-1.230786037445068359e+01
-1.197741317749023438e+01,-5.795980453491210938e+00,-6.691382408142089844e+00,-1.326389598846435547e+01,-1.226928806304931641e+01
-1.237149143218994141e+01,-5.790940284729003906e+00,-7.246213912963867188e+00,-1.379506492614746094e+01,-1.245318984985351562e+01
-1.289161014556884766e+01,-5.801671504974365234e+00,-7.829279899597167969e+00,-1.426910495758056641e+01,-1.270459461212158203e+01
-1.340422534942626953e+01,-5.814173698425292969e+00,-8.178727149963378906e+00,-1.465245628356933594e+01,-1.283138275146484375e+01
-1.379762268066406250e+01,-5.822598934173583984e+00,-8.397521972656250000e+00,-1.494244003295898438e+01,-1.289929485321044922e+01
-1.409230136871337891e+01,-5.825415134429931641e+00,-8.507903099060058594e+00,-1.510306835174560547e+01,-1.294714927673339844e+01
-1.434880065917968750e+01,-5.828067302703857422e+00,-8.567984580993652344e+00,-1.518755149841308594e+01,-1.296912670135498047e+01
-1.453783226013183594e+01,-5.827388286590576172e+00,-8.585160255432128906e+00,-1.517389965057373047e+01,-1.300683879852294922e+01
-1.461534118652343750e+01,-5.825520515441894531e+00,-8.663995742797851562e+00,-1.513278770446777344e+01,-1.303420066833496094e+01
-1.465459442138671875e+01,-5.819365501403808594e+00,-8.760070800781250000e+00,-1.506392478942871094e+01,-1.306999492645263672e+01
-1.469022083282470703e+01,-5.814289093017578125e+00,-8.893227577209472656e+00,-1.497154998779296875e+01,-1.311832809448242188e+01
-1.470085525512695312e+01,-5.807790279388427734e+00,-9.021981239318847656e+00,-1.484701538085937500e+01,-1.316597557067871094e+01
-1.470837783813476562e+01,-5.799959182739257812e+00,-9.172821044921875000e+00,-1.466345405578613281e+01,-1.325453090667724609e+01
-1.472167587280273438e+01,-5.795852184295654297e+00,-9.240509033203125000e+00,-1.448288631439208984e+01,-1.333163452148437500e+01
-1.471907997131347656e+01,-5.794216632843017578e+00,-9.231685638427734375e+00,-1.439266967773437500e+01,-1.333941173553466797e+01
-1.462277030944824219e+01,-5.798205375671386719e+00,-9.181925773620605469e+00,-1.440858268737792969e+01,-1.326903152465820312e+01
-1.440783500671386719e+01,-5.808177947998046875e+00,-9.160173416137695312e+00,-1.448871326446533203e+01,-1.319442844390869141e+01
-1.410700416564941406e+01,-5.817931175231933594e+00,-9.147040367126464844e+00,-1.450540351867675781e+01,-1.316117954254150391e+01
-1.375958156585693359e+01,-5.825225830078125000e+00,-9.077207565307617188e+00,-1.444133949279785156e+01,-1.313895702362060547e+01
-1.339116191864013672e+01,-5.829277992248535156e+00,-8.989045143127441406e+00,-1.423756790161132812e+01,-1.311816596984863281e+01
-1.309110927581787109e+01,-5.841614723205566406e+00,-8.848908424377441406e+00,-1.409118175506591797e+01,-1.298069953918457031e+01
-1.300728416442871094e+01,-5.855179309844970703e+00,-8.737044334411621094e+00,-1.405799293518066406e+01,-1.284405612945556641e+01
-1.304380035400390625e+01,-5.871861457824707031e+00,-8.613687515258789062e+00,-1.422152519226074219e+01,-1.272746562957763672e+01
-1.322894954681396484e+01,-5.875667095184326172e+00,-8.768137931823730469e+00,-1.450717830657958984e+01,-1.275732803344726562e+01
-1.358437728881835938e+01,-5.876697540283203125e+00,-8.993864059448242188e+00,-1.476601696014404297e+01,-1.285383510589599609e+01
-1.405594062805175781e+01,-5.877599716186523438e+00,-9.169391632080078125e+00,-1.496637058258056641e+01,-1.297893428802490234e+01
-1.442907238006591797e+01,-5.874700546264648438e+00,-9.308726310729980469e+00,-1.504564857482910156e+01,-1.311597728729248047e+01
-1.469699668884277344e+01,-5.873915195465087891e+00,-9.380217552185058594e+00,-1.509854125976562500e+01,-1.321817970275878906e+01
-1.485857295989990234e+01,-5.872549533843994141e+00,-9.361696243286132812e+00,-1.515809917449951172e+01,-1.326228046417236328e+01
-1.492137908935546875e+01,-5.873116493225097656e+00,-9.297610282897949219e+00,-1.522684097290039062e+01,-1.327033996582031250e+01
-1.486965179443359375e+01,-5.872924327850341797e+00,-9.200404167175292969e+00,-1.528522491455078125e+01,-1.325986385345458984e+01
-1.474694442749023438e+01,-5.874354839324951172e+00,-9.089272499084472656e+00,-1.530327320098876953e+01,-1.323633193969726562e+01
-1.462314319610595703e+01,-5.875124454498291016e+00,-9.004494667053222656e+00,-1.527773857116699219e+01,-1.322723484039306641e+01
-1.446844291687011719e+01,-5.875894069671630859e+00,-8.954389572143554688e+00,-1.521267127990722656e+01,-1.321362972259521484e+01
-1.426160049438476562e+01,-5.875188350677490234e+00,-8.888441085815429688e+00,-1.508550739288330078e+01,-1.318636894226074219e+01
-1.402095317840576172e+01,-5.875810146331787109e+00,-8.847468376159667969e+00,-1.491683292388916016e+01,-1.313053512573242188e+01
-1.383258914947509766e+01,-5.868906974792480469e+00,-8.878903388977050781e+00,-1.469472217559814453e+01,-1.311010074615478516e+01
-1.370859622955322266e+01,-5.870284080505371094e+00,-8.795093536376953125e+00,-1.454943847656250000e+01,-1.299846363067626953e+01
-1.348355293273925781e+01,-5.874896526336669922e+00,-8.616872787475585938e+00,-1.445973396301269531e+01,-1.283949184417724609e+01
-1.294703102111816406e+01,-5.879386425018310547e+00,-8.544753074645996094e+00,-1.431264877319335938e+01,-1.268883323669433594e+01
-1.299234580993652344e+01,-5.871247291564941406e+00,-8.625876426696777344e+00,-1.442266082763671875e+01,-1.260438346862792969e+01
-1.308440017700195312e+01,-5.856012344360351562e+00,-8.962285041809082031e+00,-1.456642913818359375e+01,-1.273040485382080078e+01
-1.337292385101318359e+01,-5.844107627868652344e+00,-9.232522010803222656e+00,-1.469005584716796875e+01,-1.288149738311767578e+01
-1.375338649749755859e+01,-5.837670803070068359e+00,-9.329545974731445312e+00,-1.483554649353027344e+01,-1.298561286926269531e+01
-1.413490104675292969e+01,-5.833535194396972656e+00,-9.258271217346191406e+00,-1.498858833312988281e+01,-1.304562091827392578e+01
-1.449579334259033203e+01,-5.839908599853515625e+00,-9.087732315063476562e+00,-1.519100093841552734e+01,-1.304322147369384766e+01
-1.469996452331542969e+01,-5.848631858825683594e+00,-8.912029266357421875e+00,-1.535962867736816406e+01,-1.301467990875244141e+01
-1.478854274749755859e+01,-5.851405620574951172e+00,-8.798156738281250000e+00,-1.545187950134277344e+01,-1.301011848449707031e+01
-1.479557800292968750e+01,-5.855528831481933594e+00,-8.759402275085449219e+00,-1.549057674407958984e+01,-1.297785186767578125e+01
-1.478372764587402344e+01,-5.859076023101806641e+00,-8.727252006530761719e+00,-1.549671554565429688e+01,-1.296379947662353516e+01
-1.478750419616699219e+01,-5.862930774688720703e+00,-8.610272407531738281e+00,-1.545648002624511719e+01,-1.294074344635009766e+01
-1.474693870544433594e+01,-5.864831924438476562e+00,-8.572566032409667969e+00,-1.536975383758544922e+01,-1.295763301849365234e+01
-1.449823379516601562e+01,-5.851058483123779297e+00,-8.779655456542968750e+00,-1.511446285247802734e+01,-1.306902980804443359e+01
-1.413846683502197266e+01,-5.839993476867675781e+00,-8.983002662658691406e+00,-1.478287887573242188e+01,-1.316239929199218750e+01
-1.380822372436523438e+01,-5.828788280487060547e+00,-9.121673583984375000e+00,-1.452657318115234375e+01,-1.318676185607910156e+01
-1.351188278198242188e+01,-5.819565773010253906e+00,-9.134270668029785156e+00,-1.429693603515625000e+01,-1.316992378234863281e+01
-1.319329929351806641e+01,-5.814720153808593750e+00,-8.966175079345703125e+00,-1.408318519592285156e+01,-1.308873558044433594e+01
-1.309266662597656250e+01,-5.820787429809570312e+00,-8.781351089477539062e+00,-1.409637451171875000e+01,-1.291642856597900391e+01
-1.288791275024414062e+01,-5.814918041229248047e+00,-8.710423469543457031e+00,-1.404658317565917969e+01,-1.276657104492187500e+01
-1.314885139465332031e+01,-5.833976745605468750e+00,-8.597591400146484375e+00,-1.433403587341308594e+01,-1.266568279266357422e+01
-1.346603298187255859e+01,-5.844694137573242188e+00,-8.722040176391601562e+00,-1.469310569763183594e+01,-1.272502326965332031e+01
-1.374082088470458984e+01,-5.849619865417480469e+00,-8.927886009216308594e+00,-1.491832733154296875e+01,-1.287391757965087891e+01
-1.401261043548583984e+01,-5.851875782012939453e+00,-9.089167594909667969e+00,-1.505353355407714844e+01,-1.301814365386962891e+01
-1.435063171386718750e+01,-5.858858585357666016e+00,-9.110740661621093750e+00,-1.518074035644531250e+01,-1.309455585479736328e+01
-1.462428760528564453e+01,-5.866001605987548828e+00,-9.063976287841796875e+00,-1.528029632568359375e+01,-1.314017772674560547e+01
-1.468225669860839844e+01,-5.871055126190185547e+00,-8.999203681945800781e+00,-1.535822772979736328e+01,-1.314544773101806641e+01
-1.460156440734863281e+01,-5.878247737884521484e+00,-8.900326728820800781e+00,-1.543535900115966797e+01,-1.311070919036865234e+01
-1.451605606079101562e+01,-5.883583545684814453e+00,-8.807781219482421875e+00,-1.547391796112060547e+01,-1.307895088195800781e+01
-1.441773033142089844e+01,-5.887172698974609375e+00,-8.733949661254882812e+00,-1.544740104675292969e+01,-1.307009792327880859e+01
-1.435558605194091797e+01,-5.887753963470458984e+00,-8.708444595336914062e+00,-1.539044189453125000e+01,-1.307440662384033203e+01
-1.433024501800537109e+01,-5.882139205932617188e+00,-8.735581398010253906e+00,-1.523041343688964844e+01,-1.308103656768798828e+01
-1.416277694702148438e+01,-5.875215053558349609e+00,-8.742268562316894531e+00,-1.498936653137207031e+01,-1.303506374359130859e+01
-1.397563743591308594e+01,-5.872369289398193359e+00,-8.708048820495605469e+00,-1.477617168426513672e+01,-1.292398929595947266e+01
-1.383843517303466797e+01,-5.871021747589111328e+00,-8.730085372924804688e+00,-1.468899059295654297e+01,-1.277812194824218750e+01
-1.367496776580810547e+01,-5.871808052062988281e+00,-8.741757392883300781e+00,-1.461247062683105469e+01,-1.264586544036865234e+01
-1.350126647949218750e+01,-5.859364986419677734e+00,-8.994318962097167969e+00,-1.458501815795898438e+01,-1.266073894500732422e+01
-1.345117950439453125e+01,-5.850726127624511719e+00,-9.188382148742675781e+00,-1.462985515594482422e+01,-1.270990467071533203e+01
-1.354380416870117188e+01,-5.840471267700195312e+00,-9.202829360961914062e+00,-1.477084541320800781e+01,-1.268646430969238281e+01
-1.386249256134033203e+01,-5.838484764099121094e+00,-9.068295478820800781e+00,-1.496086883544921875e+01,-1.267581844329833984e+01
-1.425998210906982422e+01,-5.847379684448242188e+00,-8.842112541198730469e+00,-1.516392135620117188e+01,-1.265146446228027344e+01
-1.458073616027832031e+01,-5.857143878936767578e+00,-8.633947372436523438e+00,-1.530705738067626953e+01,-1.263254070281982422e+01
-1.484836006164550781e+01,-5.861039161682128906e+00,-8.446288108825683594e+00,-1.535098361968994141e+01,-1.265861129760742188e+01
-1.504294013977050781e+01,-5.865912437438964844e+00,-8.282900810241699219e+00,-1.531716346740722656e+01,-1.272689247131347656e+01
-1.513841152191162109e+01,-5.866433143615722656e+00,-8.139194488525390625e+00,-1.524115085601806641e+01,-1.276944255828857422e+01
-1.519379615783691406e+01,-5.865418434143066406e+00,-7.999547004699707031e+00,-1.514298057556152344e+01,-1.279184722900390625e+01
-1.519826412200927734e+01,-5.865900993347167969e+00,-7.907319068908691406e+00,-1.504363441467285156e+01,-1.278072834014892578e+01
-1.510580539703369141e+01,-5.860498905181884766e+00,-7.886651039123535156e+00,-1.494572830200195312e+01,-1.275699424743652344e+01
-1.498657798767089844e+01,-5.853418827056884766e+00,-7.969925880432128906e+00,-1.484313678741455078e+01,-1.281153964996337891e+01
-1.485297775268554688e+01,-5.846204757690429688e+00,-8.057605743408203125e+00,-1.472295761108398438e+01,-1.286393928527832031e+01
-1.462126255035400391e+01,-5.840921401977539062e+00,-8.035785675048828125e+00,-1.456749725341796875e+01,-1.287894439697265625e+01
-1.428884506225585938e+01,-5.832472324371337891e+00,-7.923630714416503906e+00,-1.431615161895751953e+01,-1.286461353302001953e+01
-1.378891181945800781e+01,-5.817569255828857422e+00,-7.765805244445800781e+00,-1.386635208129882812e+01,-1.283780384063720703e+01
-1.337243461608886719e+01,-5.791618347167968750e+00,-7.702457427978515625e+00,-1.334734630584716797e+01,-1.285905456542968750e+01
-1.297402858734130859e+01,-5.770224571228027344e+00,-7.605573654174804688e+00,-1.303785705566406250e+01,-1.282635974884033203e+01
-1.268253135681152344e+01,-5.759517669677734375e+00,-7.911141395568847656e+00,-1.312228012084960938e+01,-1.286468791961669922e+01
-1.256641674041748047e+01,-5.768606185913085938e+00,-8.401745796203613281e+00,-1.334003639221191406e+01,-1.294730854034423828e+01
-1.269885444641113281e+01,-5.779794216156005859e+00,-8.735603332519531250e+00,-1.365844535827636719e+01,-1.299272632598876953e+01
-1.309512805938720703e+01,-5.796797275543212891e+00,-8.881948471069335938e+00,-1.408054924011230469e+01,-1.300684165954589844e+01
-1.359449291229248047e+01,-5.821270942687988281e+00,-8.821018218994140625e+00,-1.450062179565429688e+01,-1.297032070159912109e+01
-1.381957340240478516e+01,-5.851795196533203125e+00,-8.618245124816894531e+00,-1.482407569885253906e+01,-1.288047599792480469e+01
-1.401114654541015625e+01,-5.875757217407226562e+00,-8.420617103576660156e+00,-1.508344459533691406e+01,-1.279172611236572266e+01
-1.400567436218261719e+01,-5.893686294555664062e+00,-8.169101715087890625e+00,-1.528135776519775391e+01,-1.270878601074218750e+01
-1.393760967254638672e+01,-5.911713123321533203e+00,-7.942959785461425781e+00,-1.542023849487304688e+01,-1.262435054779052734e+01
-1.382987785339355469e+01,-5.923104286193847656e+00,-7.785040855407714844e+00,-1.548433685302734375e+01,-1.256334972381591797e+01
-1.367652416229248047e+01,-5.924878597259521484e+00,-7.720067024230957031e+00,-1.544126319885253906e+01,-1.252828598022460938e+01
-1.340024185180664062e+01,-5.920671939849853516e+00,-7.765708923339843750e+00,-1.528783607482910156e+01,-1.248982715606689453e+01
-1.302814674377441406e+01,-5.915941238403320312e+00,-7.804853439331054688e+00,-1.502199172973632812e+01,-1.241719341278076172e+01
-1.269386672973632812e+01,-5.925285339355468750e+00,-7.520978927612304688e+00,-1.480476760864257812e+01,-1.219438457489013672e+01
-1.204570674896240234e+01,-5.926547050476074219e+00,-7.157951354980468750e+00,-1.456054973602294922e+01,-1.196085834503173828e+01
-1.193813610076904297e+01,-5.906844139099121094e+00,-7.202802658081054688e+00,-1.449481868743896484e+01,-1.182807254791259766e+01
-1.214752388000488281e+01,-5.896108627319335938e+00,-7.498039245605468750e+00,-1.461230850219726562e+01,-1.180954170227050781e+01
-1.236199378967285156e+01,-5.881329059600830078e+00,-8.067963600158691406e+00,-1.474063205718994141e+01,-1.201373386383056641e+01
-1.273611068725585938e+01,-5.881589412689208984e+00,-8.444735527038574219e+00,-1.495528125762939453e+01,-1.212790679931640625e+01
-1.310795879364013672e+01,-5.874979972839355469e+00,-8.561123847961425781e+00,-1.514221572875976562e+01,-1.221244335174560547e+01
-1.356492614746093750e+01,-5.875039577484130859e+00,-8.496465682983398438e+00,-1.532318115234375000e+01,-1.225906658172607422e+01
-1.402872848510742188e+01,-5.877277851104736328e+00,-8.405009269714355469e+00,-1.546240711212158203e+01,-1.232483291625976562e+01
-1.432601165771484375e+01,-5.876003265380859375e+00,-8.323670387268066406e+00,-1.547331809997558594e+01,-1.238306045532226562e+01
-1.453010845184326172e+01,-5.876024246215820312e+00,-8.298033714294433594e+00,-1.542030143737792969e+01,-1.245111846923828125e+01
-1.460018444061279297e+01,-5.872899055480957031e+00,-8.377511978149414062e+00,-1.532727718353271484e+01,-1.250833415985107422e+01
-1.456085872650146484e+01,-5.865463733673095703e+00,-8.545970916748046875e+00,-1.519128894805908203e+01,-1.256790828704833984e+01
-1.447068595886230469e+01,-5.855288982391357422e+00,-8.752951622009277344e+00,-1.498452186584472656e+01,-1.264891624450683594e+01
-1.440226936340332031e+01,-5.848252296447753906e+00,-8.894379615783691406e+00,-1.480950641632080078e+01,-1.269093894958496094e+01
-1.436075210571289062e+01,-5.843672752380371094e+00,-8.951793670654296875e+00,-1.472726249694824219e+01,-1.269673347473144531e+01
-1.427703380584716797e+01,-5.840071678161621094e+00,-9.068038940429687500e+00,-1.468958473205566406e+01,-1.274324226379394531e+01
-1.402759838104248047e+01,-5.834815025329589844e+00,-9.228711128234863281e+00,-1.460025215148925781e+01,-1.279036331176757812e+01
-1.374148178100585938e+01,-5.827023029327392578e+00,-9.332314491271972656e+00,-1.448260784149169922e+01,-1.279033946990966797e+01
-1.334773540496826172e+01,-5.824715614318847656e+00,-9.331732749938964844e+00,-1.437590980529785156e+01,-1.277364158630371094e+01
-1.282622432708740234e+01,-5.827938556671142578e+00,-9.281925201416015625e+00,-1.422622585296630859e+01,-1.273862361907958984e+01
-1.220596122741699219e+01,-5.833981990814208984e+00,-9.044525146484375000e+00,-1.401738834381103516e+01,-1.263666820526123047e+01
-1.175410842895507812e+01,-5.848055839538574219e+00,-8.751966476440429688e+00,-1.399233341217041016e+01,-1.240824508666992188e+01
-1.167106056213378906e+01,-5.853476047515869141e+00,-8.758899688720703125e+00,-1.414005851745605469e+01,-1.229337787628173828e+01
-1.173406982421875000e+01,-5.865191936492919922e+00,-8.892798423767089844e+00,-1.438000297546386719e+01,-1.223838329315185547e+01
-1.179395675659179688e+01,-5.890111923217773438e+00,-8.940974235534667969e+00,-1.465594482421875000e+01,-1.213988304138183594e+01
-1.167728900909423828e+01,-5.925988197326660156e+00,-8.664524078369140625e+00,-1.486730194091796875e+01,-1.198255634307861328e+01
-1.167615318298339844e+01,-5.953680992126464844e+00,-8.369750976562500000e+00,-1.510214424133300781e+01,-1.187645244598388672e+01
-1.191645145416259766e+01,-5.968201637268066406e+00,-8.190859794616699219e+00,-1.538757324218750000e+01,-1.184727668762207031e+01
-1.217165374755859375e+01,-5.977028369903564453e+00,-8.107964515686035156e+00,-1.559701156616210938e+01,-1.188101005554199219e+01
-1.226577281951904297e+01,-5.990293502807617188e+00,-7.987540245056152344e+00,-1.573914909362792969e+01,-1.187643051147460938e+01
-1.240746021270751953e+01,-5.991494178771972656e+00,-7.919816970825195312e+00,-1.585795402526855469e+01,-1.191156101226806641e+01
-1.261576366424560547e+01,-5.986410617828369141e+00,-7.880270004272460938e+00,-1.593217182159423828e+01,-1.198901653289794922e+01
-1.285904884338378906e+01,-5.980089664459228516e+00,-7.847851753234863281e+00,-1.598174858093261719e+01,-1.208632469177246094e+01
-1.313599300384521484e+01,-5.972544670104980469e+00,-7.833710670471191406e+00,-1.600868225097656250e+01,-1.219843196868896484e+01
-1.349874114990234375e+01,-5.965105533599853516e+00,-7.707056045532226562e+00,-1.600447082519531250e+01,-1.229466152191162109e+01
-1.384511756896972656e+01,-5.958449363708496094e+00,-7.596984863281250000e+00,-1.598136520385742188e+01,-1.237471199035644531e+01
-1.400731182098388672e+01,-5.950410842895507812e+00,-7.537369728088378906e+00,-1.597703361511230469e+01,-1.241530132293701172e+01
-1.403039646148681641e+01,-5.942166805267333984e+00,-7.609166145324707031e+00,-1.592455959320068359e+01,-1.247741031646728516e+01
-1.403145217895507812e+01,-5.936444759368896484e+00,-7.729227066040039062e+00,-1.578842163085937500e+01,-1.252826881408691406e+01
-1.400070667266845703e+01,-5.928306102752685547e+00,-7.908463478088378906e+00,-1.565143489837646484e+01,-1.257330608367919922e+01
-1.397945880889892578e+01,-5.922130584716796875e+00,-8.016065597534179688e+00,-1.553085517883300781e+01,-1.259674644470214844e+01
-1.389756965637207031e+01,-5.912621498107910156e+00,-8.119288444519042969e+00,-1.538483810424804688e+01,-1.266501808166503906e+01
-1.372810840606689453e+01,-5.907047271728515625e+00,-8.219428062438964844e+00,-1.515957927703857422e+01,-1.271750831604003906e+01
-1.359914779663085938e+01,-5.906532764434814453e+00,-8.139194488525390625e+00,-1.487354755401611328e+01,-1.267778396606445312e+01
-1.335909748077392578e+01,-5.897285461425781250e+00,-8.164710998535156250e+00,-1.457387542724609375e+01,-1.262807273864746094e+01
-1.293713569641113281e+01,-5.873623371124267578e+00,-8.354188919067382812e+00,-1.413948440551757812e+01,-1.260821628570556641e+01
-1.241764354705810547e+01,-5.847048759460449219e+00,-8.590788841247558594e+00,-1.356980228424072266e+01,-1.256267070770263672e+01
-1.195821475982666016e+01,-5.830046176910400391e+00,-8.763919830322265625e+00,-1.308853340148925781e+01,-1.242039203643798828e+01
-1.180398273468017578e+01,-5.813408851623535156e+00,-9.060299873352050781e+00,-1.280757045745849609e+01,-1.235430240631103516e+01
-1.197253036499023438e+01,-5.795780181884765625e+00,-9.217056274414062500e+00,-1.279236888885498047e+01,-1.244608020782470703e+01
-1.244279003143310547e+01,-5.784289360046386719e+00,-9.174056053161621094e+00,-1.299589443206787109e+01,-1.256783866882324219e+01
-1.292223930358886719e+01,-5.783011913299560547e+00,-9.017722129821777344e+00,-1.326713752746582031e+01,-1.266140747070312500e+01
-1.348029232025146484e+01,-5.790206432342529297e+00,-8.744691848754882812e+00,-1.353857994079589844e+01,-1.271658802032470703e+01
-1.392652130126953125e+01,-5.798432826995849609e+00,-8.410708427429199219e+00,-1.372070503234863281e+01,-1.272733402252197266e+01
-1.415441131591796875e+01,-5.806903362274169922e+00,-8.147666931152343750e+00,-1.384667873382568359e+01,-1.270095157623291016e+01
-1.434186363220214844e+01,-5.819587707519531250e+00,-7.898406028747558594e+00,-1.401591873168945312e+01,-1.266120243072509766e+01
-1.442197418212890625e+01,-5.831284046173095703e+00,-7.678066253662109375e+00,-1.411153221130371094e+01,-1.265831947326660156e+01
-1.448905658721923828e+01,-5.837171077728271484e+00,-7.505502700805664062e+00,-1.417684745788574219e+01,-1.265950489044189453e+01
-1.456174468994140625e+01,-5.838449478149414062e+00,-7.414019584655761719e+00,-1.421489810943603516e+01,-1.268591880798339844e+01
-1.460979461669921875e+01,-5.843631744384765625e+00,-7.372125625610351562e+00,-1.421330356597900391e+01,-1.275103473663330078e+01
-1.455655193328857422e+01,-5.843168735504150391e+00,-7.389624595642089844e+00,-1.413190650939941406e+01,-1.283321475982666016e+01
-1.454631805419921875e+01,-5.842878341674804688e+00,-7.400667190551757812e+00,-1.408242988586425781e+01,-1.288592910766601562e+01
-1.454875946044921875e+01,-5.842646121978759766e+00,-7.345468521118164062e+00,-1.402953338623046875e+01,-1.292165851593017578e+01
-1.440213203430175781e+01,-5.841676235198974609e+00,-7.325151443481445312e+00,-1.387561130523681641e+01,-1.297179794311523438e+01
-1.430409622192382812e+01,-5.839793205261230469e+00,-7.193340301513671875e+00,-1.378388595581054688e+01,-1.297002124786376953e+01
-1.416708564758300781e+01,-5.833898067474365234e+00,-7.011881828308105469e+00,-1.367198562622070312e+01,-1.297071552276611328e+01
-1.391922855377197266e+01,-5.820810317993164062e+00,-6.927478790283203125e+00,-1.343369674682617188e+01,-1.304018020629882812e+01
-1.360385513305664062e+01,-5.795223712921142578e+00,-6.980688095092773438e+00,-1.282810211181640625e+01,-1.319735240936279297e+01
-1.319537734985351562e+01,-5.753741741180419922e+00,-7.071066856384277344e+00,-1.177044391632080078e+01,-1.336269950866699219e+01
-1.295024871826171875e+01,-5.706913471221923828e+00,-7.116701126098632812e+00,-1.062095546722412109e+01,-1.345079421997070312e+01
-1.316846179962158203e+01,-5.660952568054199219e+00,-7.119960784912109375e+00,-1.013514518737792969e+01,-1.345025253295898438e+01
-1.365124988555908203e+01,-5.614362239837646484e+00,-7.204664230346679688e+00,-1.046586799621582031e+01,-1.336164093017578125e+01
-1.393705272674560547e+01,-5.613786220550537109e+00,-7.359755516052246094e+00,-1.119830322265625000e+01,-1.325117778778076172e+01
-1.396868515014648438e+01,-5.654086112976074219e+00,-7.434554100036621094e+00,-1.201400947570800781e+01,-1.312300491333007812e+01
-1.386234951019287109e+01,-5.705088615417480469e+00,-7.302212715148925781e+00,-1.277785873413085938e+01,-1.293012046813964844e+01
-1.344346141815185547e+01,-5.744714736938476562e+00,-7.373477935791015625e+00,-1.304682540893554688e+01,-1.288893985748291016e+01
-1.305803775787353516e+01,-5.768107414245605469e+00,-7.376217842102050781e+00,-1.298772335052490234e+01,-1.283471012115478516e+01
-1.284083843231201172e+01,-5.780407905578613281e+00,-7.288827896118164062e+00,-1.285346603393554688e+01,-1.275489044189453125e+01
-1.295478248596191406e+01,-5.788427829742431641e+00,-7.206729888916015625e+00,-1.302029037475585938e+01,-1.266409015655517578e+01
-1.319778823852539062e+01,-5.788737297058105469e+00,-7.368424415588378906e+00,-1.343017959594726562e+01,-1.269946861267089844e+01
-1.354660034179687500e+01,-5.801321029663085938e+00,-7.657199859619140625e+00,-1.389958953857421875e+01,-1.280504703521728516e+01
-1.384873104095458984e+01,-5.817406654357910156e+00,-7.892918586730957031e+00,-1.418042850494384766e+01,-1.293206691741943359e+01
-1.417573928833007812e+01,-5.830217838287353516e+00,-8.043904304504394531e+00,-1.430719280242919922e+01,-1.303697395324707031e+01
-1.439005279541015625e+01,-5.837175846099853516e+00,-8.050368309020996094e+00,-1.436871623992919922e+01,-1.308755302429199219e+01
-1.450980949401855469e+01,-5.846983432769775391e+00,-7.800078392028808594e+00,-1.444692230224609375e+01,-1.301785373687744141e+01
-1.461013317108154297e+01,-5.853788852691650391e+00,-7.377161026000976562e+00,-1.455464553833007812e+01,-1.289177894592285156e+01
-1.468267917633056641e+01,-5.864088535308837891e+00,-6.738165855407714844e+00,-1.464727783203125000e+01,-1.272307014465332031e+01
-1.479790019989013672e+01,-5.864488124847412109e+00,-5.984834671020507812e+00,-1.475949859619140625e+01,-1.255734729766845703e+01
-1.480334472656250000e+01,-5.849542617797851562e+00,-5.397816658020019531e+00,-1.471382522583007812e+01,-1.257348060607910156e+01
-1.476829147338867188e+01,-5.831692695617675781e+00,-4.971892833709716797e+00,-1.447462558746337891e+01,-1.269858932495117188e+01
-1.472943782806396484e+01,-5.806602954864501953e+00,-4.615669250488281250e+00,-1.420364189147949219e+01,-1.280398941040039062e+01
-1.467012977600097656e+01,-5.773506641387939453e+00,-4.347176551818847656e+00,-1.388851547241210938e+01,-1.289042186737060547e+01
-1.462667655944824219e+01,-5.741294384002685547e+00,-4.047483444213867188e+00,-1.354626083374023438e+01,-1.290905380249023438e+01
-1.450965690612792969e+01,-5.714677333831787109e+00,-3.578649520874023438e+00,-1.314358520507812500e+01,-1.280411434173583984e+01
-1.394624519348144531e+01,-5.695220470428466797e+00,-2.810959815979003906e+00,-1.224131202697753906e+01,-1.255920219421386719e+01
-1.302709197998046875e+01,-5.673178672790527344e+00,-1.995035052299499512e+00,-1.113915824890136719e+01,-1.221515941619873047e+01
-1.213653755187988281e+01,-5.645905494689941406e+00,-1.664007902145385742e+00,-9.815216064453125000e+00,-1.202807044982910156e+01
-1.165174961090087891e+01,-5.636229991912841797e+00,-2.108660221099853516e+00,-8.499144554138183594e+00,-1.212156105041503906e+01
-1.159177875518798828e+01,-5.695883750915527344e+00,-3.062812089920043945e+00,-7.536350250244140625e+00,-1.238306713104248047e+01
-1.166135215759277344e+01,-5.851046085357666016e+00,-4.231755256652832031e+00,-6.949350357055664062e+00,-1.263453197479248047e+01
-1.192879581451416016e+01,-5.985837936401367188e+00,-5.048357009887695312e+00,-6.817770957946777344e+00,-1.277814102172851562e+01
-1.217632484436035156e+01,-6.142420291900634766e+00,-5.589610576629638672e+00,-6.732674121856689453e+00,-1.287387657165527344e+01
-1.259724140167236328e+01,-6.227179527282714844e+00,-5.833745956420898438e+00,-6.747091293334960938e+00,-1.281282043457031250e+01
-1.291781520843505859e+01,-6.279028892517089844e+00,-5.979679107666015625e+00,-6.780460834503173828e+00,-1.265494251251220703e+01
-1.317455291748046875e+01,-6.309709548950195312e+00,-6.067563056945800781e+00,-6.826972961425781250e+00,-1.245466709136962891e+01
-1.346046257019042969e+01,-6.318021774291992188e+00,-6.043390274047851562e+00,-6.886993408203125000e+00,-1.222708129882812500e+01
-1.365129470825195312e+01,-6.369252204895019531e+00,-6.002190589904785156e+00,-6.881960391998291016e+00,-1.206293010711669922e+01
-1.381012916564941406e+01,-6.493692398071289062e+00,-5.934600830078125000e+00,-6.763599872589111328e+00,-1.196559143066406250e+01
-1.378847312927246094e+01,-6.693294525146484375e+00,-5.969002723693847656e+00,-6.576662063598632812e+00,-1.197748756408691406e+01
-1.349017047882080078e+01,-7.017581939697265625e+00,-6.114723205566406250e+00,-6.316407203674316406e+00,-1.203673648834228516e+01
-1.314246559143066406e+01,-7.407443046569824219e+00,-6.265225410461425781e+00,-6.063628196716308594e+00,-1.210941314697265625e+01
-1.293701744079589844e+01,-7.823943138122558594e+00,-6.379119873046875000e+00,-5.851840019226074219e+00,-1.214456462860107422e+01
-1.299135875701904297e+01,-8.207133293151855469e+00,-6.428908348083496094e+00,-5.703594207763671875e+00,-1.213153266906738281e+01
-1.305684375762939453e+01,-8.533067703247070312e+00,-6.454939842224121094e+00,-5.607880115509033203e+00,-1.205753993988037109e+01
-1.316671752929687500e+01,-8.823813438415527344e+00,-6.472191810607910156e+00,-5.542899608612060547e+00,-1.198234081268310547e+01
-1.322709465026855469e+01,-9.102056503295898438e+00,-6.472047805786132812e+00,-5.485789299011230469e+00,-1.186624813079833984e+01
-1.315816593170166016e+01,-9.405576705932617188e+00,-6.520322799682617188e+00,-5.433218955993652344e+00,-1.175297927856445312e+01
-1.301163005828857422e+01,-9.713642120361328125e+00,-6.599380493164062500e+00,-5.383843898773193359e+00,-1.167598152160644531e+01
-1.287072753906250000e+01,-1.001225471496582031e+01,-6.676749229431152344e+00,-5.336000442504882812e+00,-1.160847091674804688e+01
-1.289799022674560547e+01,-1.028542327880859375e+01,-6.707295417785644531e+00,-5.296717643737792969e+00,-1.153436565399169922e+01
-1.295570850372314453e+01,-1.053938484191894531e+01,-6.724796295166015625e+00,-5.266586780548095703e+00,-1.147907257080078125e+01
-1.296537780761718750e+01,-1.080123329162597656e+01,-6.743899345397949219e+00,-5.232931137084960938e+00,-1.145954227447509766e+01
-1.303658962249755859e+01,-1.106034088134765625e+01,-6.749119758605957031e+00,-5.204672813415527344e+00,-1.144698238372802734e+01
-1.319213008880615234e+01,-1.130308151245117188e+01,-6.764883995056152344e+00,-5.175414562225341797e+00,-1.143899440765380859e+01
-1.321215629577636719e+01,-1.155781555175781250e+01,-6.803757667541503906e+00,-5.139021873474121094e+00,-1.148570823669433594e+01
-1.314294910430908203e+01,-1.183184814453125000e+01,-6.867742538452148438e+00,-5.105799674987792969e+00,-1.160111618041992188e+01
-1.311299800872802734e+01,-1.207710266113281250e+01,-6.929638862609863281e+00,-5.074749469757080078e+00,-1.169747066497802734e+01
-1.307378387451171875e+01,-1.230805587768554688e+01,-6.984029769897460938e+00,-5.042396545410156250e+00,-1.181065654754638672e+01
-1.294632720947265625e+01,-1.252968502044677734e+01,-7.058889389038085938e+00,-5.007016181945800781e+00,-1.190165138244628906e+01
-1.279191493988037109e+01,-1.273403930664062500e+01,-7.146901130676269531e+00,-4.975082397460937500e+00,-1.200621128082275391e+01
-1.269802856445312500e+01,-1.290627670288085938e+01,-7.216592788696289062e+00,-4.947423458099365234e+00,-1.206309795379638672e+01
-1.262541866302490234e+01,-1.302736091613769531e+01,-7.265511512756347656e+00,-4.927883148193359375e+00,-1.208252811431884766e+01
-1.265863704681396484e+01,-1.310594749450683594e+01,-7.285325050354003906e+00,-4.918281555175781250e+00,-1.205010032653808594e+01
-1.283923912048339844e+01,-1.313591670989990234e+01,-7.302830696105957031e+00,-4.920972347259521484e+00,-1.201321411132812500e+01
-1.301163196563720703e+01,-1.314359188079833984e+01,-7.349822998046875000e+00,-4.928372383117675781e+00,-1.200614452362060547e+01
-1.310340499877929688e+01,-1.314493179321289062e+01,-7.402898788452148438e+00,-4.934096336364746094e+00,-1.196653938293457031e+01
-1.309909057617187500e+01,-1.313111495971679688e+01,-7.471300125122070312e+00,-4.935258865356445312e+00,-1.190176105499267578e+01
-1.307184314727783203e+01,-1.312003231048583984e+01,-7.523399353027343750e+00,-4.930177688598632812e+00,-1.182065296173095703e+01
-1.311325168609619141e+01,-1.310899734497070312e+01,-7.579938888549804688e+00,-4.927905559539794922e+00,-1.174855899810791016e+01
-1.324602413177490234e+01,-1.311307525634765625e+01,-7.633760452270507812e+00,-4.922597885131835938e+00,-1.175528240203857422e+01
-1.335486030578613281e+01,-1.312085533142089844e+01,-7.695688247680664062e+00,-4.916208267211914062e+00,-1.180539608001708984e+01
-1.359039783477783203e+01,-1.309300041198730469e+01,-7.688122749328613281e+00,-4.926449775695800781e+00,-1.182049274444580078e+01
-1.392379570007324219e+01,-1.303916740417480469e+01,-7.659581184387207031e+00,-4.950298786163330078e+00,-1.180853557586669922e+01
-1.417669486999511719e+01,-1.295666122436523438e+01,-7.668015480041503906e+00,-4.969227790832519531e+00,-1.174227046966552734e+01
-1.440337276458740234e+01,-1.285086822509765625e+01,-7.649340629577636719e+00,-4.989223480224609375e+00,-1.157942008972167969e+01
-1.450884056091308594e+01,-1.274127769470214844e+01,-7.644531250000000000e+00,-5.016119003295898438e+00,-1.136109638214111328e+01
-1.443579196929931641e+01,-1.266439056396484375e+01,-7.626955986022949219e+00,-5.035435676574707031e+00,-1.111929798126220703e+01
-1.426866912841796875e+01,-1.258507919311523438e+01,-7.585034370422363281e+00,-5.048550128936767578e+00,-1.081977462768554688e+01
-1.383699989318847656e+01,-1.249458503723144531e+01,-7.630653381347656250e+00,-5.059701919555664062e+00,-1.056591987609863281e+01
-1.345031547546386719e+01,-1.238148212432861328e+01,-7.680049896240234375e+00,-5.073523521423339844e+00,-1.033563804626464844e+01
-1.339393520355224609e+01,-1.224627876281738281e+01,-7.662093162536621094e+00,-5.095130920410156250e+00,-1.014498805999755859e+01
-1.341683769226074219e+01,-1.212781906127929688e+01,-7.630628585815429688e+00,-5.110922813415527344e+00,-1.003130531311035156e+01
-1.341793060302734375e+01,-1.205735397338867188e+01,-7.617649078369140625e+00,-5.120891571044921875e+00,-1.000613307952880859e+01
-1.320598793029785156e+01,-1.202402687072753906e+01,-7.620865821838378906e+00,-5.121417045593261719e+00,-9.970141410827636719e+00
-1.284054851531982422e+01,-1.203487396240234375e+01,-7.575303077697753906e+00,-5.121125698089599609e+00,-9.788790702819824219e+00
-1.203925704956054688e+01,-1.213617897033691406e+01,-7.519980430603027344e+00,-5.108551502227783203e+00,-9.460298538208007812e+00
-1.110818004608154297e+01,-1.224309921264648438e+01,-7.509155273437500000e+00,-5.088660240173339844e+00,-8.985027313232421875e+00
-1.043933296203613281e+01,-1.238678169250488281e+01,-7.550415992736816406e+00,-5.064032077789306641e+00,-8.615903854370117188e+00
-1.036249637603759766e+01,-1.260145092010498047e+01,-7.660740852355957031e+00,-5.031468868255615234e+00,-8.640575408935546875e+00
-1.062156581878662109e+01,-1.284464454650878906e+01,-7.887222290039062500e+00,-5.000611305236816406e+00,-9.074235916137695312e+00
-1.074434375762939453e+01,-1.316264915466308594e+01,-8.185348510742187500e+00,-4.969902038574218750e+00,-1.006943035125732422e+01
-1.134406757354736328e+01,-1.334472656250000000e+01,-8.313752174377441406e+00,-4.951946258544921875e+00,-1.091879940032958984e+01
-1.207570457458496094e+01,-1.344501686096191406e+01,-8.315670967102050781e+00,-4.934296607971191406e+00,-1.148929119110107422e+01
-1.255739498138427734e+01,-1.353422737121582031e+01,-8.285936355590820312e+00,-4.904532909393310547e+00,-1.191875553131103516e+01
-1.283795166015625000e+01,-1.360314941406250000e+01,-8.234289169311523438e+00,-4.876482009887695312e+00,-1.212897014617919922e+01
-1.319441795349121094e+01,-1.361870384216308594e+01,-8.153758049011230469e+00,-4.861210346221923828e+00,-1.218293762207031250e+01
-1.348254966735839844e+01,-1.358558082580566406e+01,-8.093610763549804688e+00,-4.856553077697753906e+00,-1.216382026672363281e+01
-1.365752410888671875e+01,-1.353466224670410156e+01,-8.073495864868164062e+00,-4.855654239654541016e+00,-1.210891819000244141e+01
-1.361892795562744141e+01,-1.349107456207275391e+01,-8.085099220275878906e+00,-4.854844093322753906e+00,-1.205137348175048828e+01
-1.359828948974609375e+01,-1.344051551818847656e+01,-8.108473777770996094e+00,-4.860420227050781250e+00,-1.203333854675292969e+01
-1.359517765045166016e+01,-1.339968204498291016e+01,-8.152689933776855469e+00,-4.865679740905761719e+00,-1.208550930023193359e+01
-1.340142631530761719e+01,-1.335621452331542969e+01,-8.214327812194824219e+00,-4.862396717071533203e+00,-1.206278800964355469e+01
-1.325604152679443359e+01,-1.331541442871093750e+01,-8.265893936157226562e+00,-4.863418102264404297e+00,-1.203536510467529297e+01
-1.299308872222900391e+01,-1.329570293426513672e+01,-8.328927993774414062e+00,-4.859902858734130859e+00,-1.203649997711181641e+01
-1.270814990997314453e+01,-1.329814720153808594e+01,-8.400663375854492188e+00,-4.851391792297363281e+00,-1.206255149841308594e+01
-1.224162578582763672e+01,-1.328318977355957031e+01,-8.455194473266601562e+00,-4.837136268615722656e+00,-1.196558570861816406e+01
-1.175374889373779297e+01,-1.323741722106933594e+01,-8.464953422546386719e+00,-4.832553863525390625e+00,-1.173669147491455078e+01
-1.149932289123535156e+01,-1.316741561889648438e+01,-8.409336090087890625e+00,-4.839144706726074219e+00,-1.145102882385253906e+01
-1.137817192077636719e+01,-1.311556911468505859e+01,-8.327562332153320312e+00,-4.846629619598388672e+00,-1.119692134857177734e+01
-1.142336177825927734e+01,-1.308329772949218750e+01,-8.204319953918457031e+00,-4.853163719177246094e+00,-1.096444320678710938e+01
-1.149431896209716797e+01,-1.306307697296142578e+01,-8.093420982360839844e+00,-4.862087249755859375e+00,-1.080381107330322266e+01
-1.175185203552246094e+01,-1.305952072143554688e+01,-7.968434333801269531e+00,-4.872436046600341797e+00,-1.078210926055908203e+01
-1.215339851379394531e+01,-1.307375907897949219e+01,-7.844889640808105469e+00,-4.882017135620117188e+00,-1.085573959350585938e+01
-1.242949104309082031e+01,-1.310545349121093750e+01,-7.770605087280273438e+00,-4.886385440826416016e+00,-1.100093936920166016e+01
-1.252562713623046875e+01,-1.314948654174804688e+01,-7.746052742004394531e+00,-4.888019561767578125e+00,-1.112161445617675781e+01
-1.254099845886230469e+01,-1.318730831146240234e+01,-7.764508247375488281e+00,-4.888774871826171875e+00,-1.119718742370605469e+01
-1.249078273773193359e+01,-1.318724250793457031e+01,-7.808698654174804688e+00,-4.890696525573730469e+00,-1.116702842712402344e+01
-1.257489204406738281e+01,-1.314798736572265625e+01,-7.808948516845703125e+00,-4.896951198577880859e+00,-1.107569503784179688e+01
-1.284280681610107422e+01,-1.309663486480712891e+01,-7.814842224121093750e+00,-4.909673690795898438e+00,-1.100844383239746094e+01
-1.311184406280517578e+01,-1.302867698669433594e+01,-7.848566055297851562e+00,-4.917523384094238281e+00,-1.101431941986083984e+01
-1.340823650360107422e+01,-1.293525600433349609e+01,-7.905341148376464844e+00,-4.927553653717041016e+00,-1.103138923645019531e+01
-1.375440406799316406e+01,-1.281688499450683594e+01,-7.940783500671386719e+00,-4.949910163879394531e+00,-1.106130886077880859e+01
-1.405970478057861328e+01,-1.272779655456542969e+01,-7.923389434814453125e+00,-4.966228485107421875e+00,-1.113471794128417969e+01
-1.413445854187011719e+01,-1.266753578186035156e+01,-7.947455406188964844e+00,-4.972990989685058594e+00,-1.119683933258056641e+01
-1.429313278198242188e+01,-1.258127403259277344e+01,-7.902747154235839844e+00,-4.986941814422607422e+00,-1.113809394836425781e+01
-1.437922286987304688e+01,-1.250136280059814453e+01,-7.831941604614257812e+00,-5.004783630371093750e+00,-1.096680164337158203e+01
-1.453297424316406250e+01,-1.243324851989746094e+01,-7.752686500549316406e+00,-5.020302772521972656e+00,-1.084244060516357422e+01
-1.460109138488769531e+01,-1.238281536102294922e+01,-7.725541114807128906e+00,-5.029528617858886719e+00,-1.079237651824951172e+01
-1.463880825042724609e+01,-1.233108139038085938e+01,-7.700930595397949219e+00,-5.038420677185058594e+00,-1.073946857452392578e+01
-1.449152660369873047e+01,-1.227081871032714844e+01,-7.647152900695800781e+00,-5.047491073608398438e+00,-1.055807399749755859e+01
-1.420361328125000000e+01,-1.218466758728027344e+01,-7.579606056213378906e+00,-5.058441162109375000e+00,-1.030022907257080078e+01
-1.362157917022705078e+01,-1.210594749450683594e+01,-7.490732192993164062e+00,-5.067960262298583984e+00,-9.904960632324218750e+00
-1.281996059417724609e+01,-1.200637722015380859e+01,-7.313434600830078125e+00,-5.092895507812500000e+00,-9.108466148376464844e+00
-1.143627071380615234e+01,-1.188872718811035156e+01,-7.035216331481933594e+00,-5.126802444458007812e+00,-7.917035102844238281e+00
-9.667355537414550781e+00,-1.179648017883300781e+01,-6.671273231506347656e+00,-5.152460575103759766e+00,-6.432294845581054688e+00
-8.199258804321289062e+00,-1.173336982727050781e+01,-6.201772689819335938e+00,-5.201914787292480469e+00,-4.807301521301269531e+00
-7.589521884918212891e+00,-1.171239757537841797e+01,-5.861179351806640625e+00,-5.275891780853271484e+00,-3.679905414581298828e+00
-7.717115879058837891e+00,-1.173165035247802734e+01,-5.720715522766113281e+00,-5.356968402862548828e+00,-3.236618518829345703e+00
-8.500879287719726562e+00,-1.178333187103271484e+01,-5.731103897094726562e+00,-5.370532989501953125e+00,-3.492412090301513672e+00
-9.905202865600585938e+00,-1.187073516845703125e+01,-5.766753196716308594e+00,-5.292327880859375000e+00,-4.387456417083740234e+00
-1.141506195068359375e+01,-1.203613948822021484e+01,-5.943443298339843750e+00,-5.203301906585693359e+00,-5.850358963012695312e+00
-1.245588874816894531e+01,-1.228850173950195312e+01,-6.305253982543945312e+00,-5.159450054168701172e+00,-7.590304374694824219e+00
-1.317428302764892578e+01,-1.252594852447509766e+01,-6.708318710327148438e+00,-5.130379676818847656e+00,-8.992074966430664062e+00
-1.349251270294189453e+01,-1.272601413726806641e+01,-7.037413597106933594e+00,-5.091018199920654297e+00,-9.867237091064453125e+00
-1.350631046295166016e+01,-1.290133953094482422e+01,-7.287351608276367188e+00,-5.031502723693847656e+00,-1.040203762054443359e+01
-1.341817474365234375e+01,-1.306379508972167969e+01,-7.425871849060058594e+00,-4.976137638092041016e+00,-1.070370388031005859e+01
-1.325997161865234375e+01,-1.317594909667968750e+01,-7.514132499694824219e+00,-4.937417984008789062e+00,-1.084447002410888672e+01
-1.295223045349121094e+01,-1.323433494567871094e+01,-7.612415313720703125e+00,-4.911984443664550781e+00,-1.089262962341308594e+01
-1.249378967285156250e+01,-1.324647045135498047e+01,-7.690610885620117188e+00,-4.894597530364990234e+00,-1.081666660308837891e+01
-1.171635437011718750e+01,-1.324111557006835938e+01,-7.780376434326171875e+00,-4.884717464447021484e+00,-1.066767978668212891e+01
-1.093711853027343750e+01,-1.320550632476806641e+01,-7.794827461242675781e+00,-4.880020141601562500e+00,-1.038847637176513672e+01
-1.029203128814697266e+01,-1.313922309875488281e+01,-7.774264335632324219e+00,-4.878812789916992188e+00,-1.009186553955078125e+01
-1.006997108459472656e+01,-1.304742813110351562e+01,-7.715392112731933594e+00,-4.880695343017578125e+00,-9.810466766357421875e+00
-9.970424652099609375e+00,-1.295522594451904297e+01,-7.623684883117675781e+00,-4.887546539306640625e+00,-9.572816848754882812e+00
-1.013070774078369141e+01,-1.285915374755859375e+01,-7.475998878479003906e+00,-4.907807350158691406e+00,-9.355764389038085938e+00
-1.077774238586425781e+01,-1.277599716186523438e+01,-7.301087379455566406e+00,-4.933710098266601562e+00,-9.304230690002441406e+00
-1.158390712738037109e+01,-1.270490264892578125e+01,-7.155361175537109375e+00,-4.965495109558105469e+00,-9.392917633056640625e+00
-1.226294422149658203e+01,-1.268278408050537109e+01,-7.149616241455078125e+00,-4.981019020080566406e+00,-9.718640327453613281e+00
-1.277492332458496094e+01,-1.274964523315429688e+01,-7.223207473754882812e+00,-4.975498199462890625e+00,-1.021758270263671875e+01
-1.312152290344238281e+01,-1.285779762268066406e+01,-7.344344139099121094e+00,-4.957938194274902344e+00,-1.069227218627929688e+01
-1.315942573547363281e+01,-1.296831130981445312e+01,-7.501060485839843750e+00,-4.934200286865234375e+00,-1.104039859771728516e+01
-1.315635681152343750e+01,-1.307263565063476562e+01,-7.651092529296875000e+00,-4.916592121124267578e+00,-1.128164100646972656e+01
-1.301358413696289062e+01,-1.314986228942871094e+01,-7.771574020385742188e+00,-4.899372577667236328e+00,-1.137337970733642578e+01
-1.284055042266845703e+01,-1.318614768981933594e+01,-7.842111587524414062e+00,-4.892299652099609375e+00,-1.134279823303222656e+01
-1.262512969970703125e+01,-1.317685890197753906e+01,-7.839767456054687500e+00,-4.894856452941894531e+00,-1.111244964599609375e+01
-1.229882335662841797e+01,-1.310928535461425781e+01,-7.793260574340820312e+00,-4.907390594482421875e+00,-1.069542026519775391e+01
-1.190553379058837891e+01,-1.298336982727050781e+01,-7.694124221801757812e+00,-4.933209419250488281e+00,-1.010355091094970703e+01
-1.152760887145996094e+01,-1.279797744750976562e+01,-7.445806503295898438e+00,-4.968613624572753906e+00,-9.299786567687988281e+00
-1.130996990203857422e+01,-1.258145141601562500e+01,-7.150732994079589844e+00,-5.007058620452880859e+00,-8.532947540283203125e+00
-1.115807437896728516e+01,-1.239428615570068359e+01,-6.845384597778320312e+00,-5.040671825408935547e+00,-7.853361129760742188e+00
-1.110897254943847656e+01,-1.224931240081787109e+01,-6.580700874328613281e+00,-5.066292285919189453e+00,-7.413943290710449219e+00
-1.112372684478759766e+01,-1.215574741363525391e+01,-6.410217285156250000e+00,-5.081948757171630859e+00,-7.252711296081542969e+00
-1.148011779785156250e+01,-1.209534645080566406e+01,-6.326880455017089844e+00,-5.092800140380859375e+00,-7.393193244934082031e+00
-1.206509494781494141e+01,-1.206089591979980469e+01,-6.332074165344238281e+00,-5.099659919738769531e+00,-7.759440422058105469e+00
-1.269026565551757812e+01,-1.204069709777832031e+01,-6.362759590148925781e+00,-5.107443809509277344e+00,-8.225594520568847656e+00
-1.307408523559570312e+01,-1.202976417541503906e+01,-6.455264091491699219e+00,-5.109455108642578125e+00,-8.646493911743164062e+00
-1.320838737487792969e+01,-1.200188636779785156e+01,-6.550725936889648438e+00,-5.114848613739013672e+00,-8.893498420715332031e+00
-1.299075317382812500e+01,-1.195025348663330078e+01,-6.507594108581542969e+00,-5.126090049743652344e+00,-8.799985885620117188e+00
-1.256274032592773438e+01,-1.185744285583496094e+01,-6.443842887878417969e+00,-5.138757705688476562e+00,-8.548633575439453125e+00
-1.200285339355468750e+01,-1.179004859924316406e+01,-6.347462654113769531e+00,-5.145831584930419922e+00,-8.182543754577636719e+00
-1.134049320220947266e+01,-1.181669425964355469e+01,-6.194577217102050781e+00,-5.128481864929199219e+00,-7.672536373138427734e+00
-1.096778869628906250e+01,-1.184851646423339844e+01,-5.959866523742675781e+00,-5.124515533447265625e+00,-7.117879867553710938e+00
-1.061498165130615234e+01,-1.186231803894042969e+01,-5.763535499572753906e+00,-5.135601997375488281e+00,-6.665518760681152344e+00
-1.033420658111572266e+01,-1.181780338287353516e+01,-5.662561416625976562e+00,-5.164986133575439453e+00,-6.333217620849609375e+00
-9.860584259033203125e+00,-1.171654891967773438e+01,-5.600564002990722656e+00,-5.208888530731201172e+00,-5.976124763488769531e+00
-8.986837387084960938e+00,-1.158500576019287109e+01,-5.519782066345214844e+00,-5.278495311737060547e+00,-5.291006088256835938e+00
-7.668438911437988281e+00,-1.149948596954345703e+01,-5.455603599548339844e+00,-5.344203948974609375e+00,-4.421620845794677734e+00
-6.559849262237548828e+00,-1.149215030670166016e+01,-5.458171844482421875e+00,-5.377432823181152344e+00,-3.655153274536132812e+00
-5.830222129821777344e+00,-1.153502655029296875e+01,-5.384614944458007812e+00,-5.463793754577636719e+00,-2.876792907714843750e+00
-5.434832572937011719e+00,-1.158392143249511719e+01,-5.359246253967285156e+00,-5.562503814697265625e+00,-2.339320182800292969e+00
-4.929950714111328125e+00,-1.160159873962402344e+01,-5.413411617279052734e+00,-5.661334991455078125e+00,-2.016966819763183594e+00
-4.676095962524414062e+00,-1.157379341125488281e+01,-5.449270725250244141e+00,-5.862318038940429688e+00,-1.744499206542968750e+00
-4.279333591461181641e+00,-1.161050128936767578e+01,-5.509628295898437500e+00,-5.986040115356445312e+00,-1.592452049255371094e+00
-4.384195059537887573e-02,-1.153347396850585938e+01,-5.926578521728515625e+00,-6.347239971160888672e+00,-1.851481437683105469e+00
