-1.419396877288818359e+01,-5.960653781890869141e+00,-6.957813262939453125e+00,-1.034458351135253906e+01,-1.250965499877929688e+01
-1.406353855133056641e+01,-5.764101505279541016e+00,-7.446668624877929688e+00,-1.144789886474609375e+01,-1.269602298736572266e+01
-1.436405849456787109e+01,-5.748456954956054688e+00,-7.818365573883056641e+00,-1.214861297607421875e+01,-1.288706016540527344e+01
-1.484621429443359375e+01,-5.767571449279785156e+00,-8.091670036315917969e+00,-1.250504302978515625e+01,-1.308658218383789062e+01
-1.525081539154052734e+01,-5.738306522369384766e+00,-9.026827812194824219e+00,-1.296653938293457031e+01,-1.348749446868896484e+01
-1.535478782653808594e+01,-5.755546092987060547e+00,-1.008239746093750000e+01,-1.334098434448242188e+01,-1.388653755187988281e+01
-1.539621067047119141e+01,-5.790980815887451172e+00,-1.094533157348632812e+01,-1.361778831481933594e+01,-1.418768787384033203e+01
-1.581853199005126953e+01,-5.813002109527587891e+00,-1.165501022338867188e+01,-1.402711105346679688e+01,-1.446384048461914062e+01
-1.636912918090820312e+01,-5.819051742553710938e+00,-1.230971717834472656e+01,-1.430294418334960938e+01,-1.477235603332519531e+01
-1.686930274963378906e+01,-5.818381786346435547e+00,-1.282589721679687500e+01,-1.441383743286132812e+01,-1.503387928009033203e+01
-1.722985267639160156e+01,-5.815366744995117188e+00,-1.319376373291015625e+01,-1.444695281982421875e+01,-1.520211601257324219e+01
-1.737289619445800781e+01,-5.809237480163574219e+00,-1.351871871948242188e+01,-1.442180061340332031e+01,-1.531761264801025391e+01
-1.744077491760253906e+01,-5.799124717712402344e+00,-1.371107864379882812e+01,-1.434298706054687500e+01,-1.539862442016601562e+01
-1.745525550842285156e+01,-5.793306350708007812e+00,-1.371637725830078125e+01,-1.427325439453125000e+01,-1.538782882690429688e+01
-1.740149879455566406e+01,-5.797523021697998047e+00,-1.359040260314941406e+01,-1.417983245849609375e+01,-1.531149101257324219e+01
-1.726369094848632812e+01,-5.801927566528320312e+00,-1.340840339660644531e+01,-1.405136108398437500e+01,-1.526488685607910156e+01
-1.680963325500488281e+01,-5.788411140441894531e+00,-1.320156669616699219e+01,-1.376187705993652344e+01,-1.517718696594238281e+01
-1.653963661193847656e+01,-5.796092510223388672e+00,-1.290069961547851562e+01,-1.367892456054687500e+01,-1.504401206970214844e+01
-1.635956001281738281e+01,-5.803648948669433594e+00,-1.251613044738769531e+01,-1.378396606445312500e+01,-1.486807632446289062e+01
-1.630809783935546875e+01,-5.811262130737304688e+00,-1.199425888061523438e+01,-1.408340835571289062e+01,-1.464638614654541016e+01
-1.592419338226318359e+01,-5.812551498413085938e+00,-1.150792121887207031e+01,-1.405001640319824219e+01,-1.447910118103027344e+01
-1.551022338867187500e+01,-5.808397293090820312e+00,-1.102533721923828125e+01,-1.382621002197265625e+01,-1.432774448394775391e+01
-1.555898380279541016e+01,-5.791152954101562500e+00,-1.084930229187011719e+01,-1.390049171447753906e+01,-1.431354522705078125e+01
-1.565272331237792969e+01,-5.782698631286621094e+00,-1.100132369995117188e+01,-1.407403373718261719e+01,-1.440359497070312500e+01
-1.543531703948974609e+01,-5.782694339752197266e+00,-1.113001060485839844e+01,-1.394073486328125000e+01,-1.447100257873535156e+01
-1.548386001586914062e+01,-5.780660629272460938e+00,-1.147258758544921875e+01,-1.406284523010253906e+01,-1.450181007385253906e+01
-1.570199680328369141e+01,-5.781352996826171875e+00,-1.200544548034667969e+01,-1.430835723876953125e+01,-1.457231521606445312e+01
-1.584317779541015625e+01,-5.790520191192626953e+00,-1.262534332275390625e+01,-1.450869941711425781e+01,-1.465781402587890625e+01
-1.589774131774902344e+01,-5.797431468963623047e+00,-1.312343406677246094e+01,-1.462571907043457031e+01,-1.474605655670166016e+01
-1.610451889038085938e+01,-5.805270671844482422e+00,-1.339766693115234375e+01,-1.476473426818847656e+01,-1.479967880249023438e+01
-1.630261421203613281e+01,-5.799442768096923828e+00,-1.362127494812011719e+01,-1.490110969543457031e+01,-1.488542556762695312e+01
-1.659349632263183594e+01,-5.790617942810058594e+00,-1.387390136718750000e+01,-1.491901206970214844e+01,-1.505648612976074219e+01
-1.693859672546386719e+01,-5.784185409545898438e+00,-1.408445167541503906e+01,-1.486181068420410156e+01,-1.523104190826416016e+01
-1.727554512023925781e+01,-5.777028083801269531e+00,-1.425107192993164062e+01,-1.474935913085937500e+01,-1.538767242431640625e+01
-1.748499298095703125e+01,-5.770849704742431641e+00,-1.439157676696777344e+01,-1.463755226135253906e+01,-1.549055194854736328e+01
-1.763928413391113281e+01,-5.765428543090820312e+00,-1.448994255065917969e+01,-1.452368736267089844e+01,-1.556197071075439453e+01
-1.770896530151367188e+01,-5.761538505554199219e+00,-1.455299758911132812e+01,-1.444424629211425781e+01,-1.558011722564697266e+01
-1.774332046508789062e+01,-5.761370658874511719e+00,-1.451097679138183594e+01,-1.441300582885742188e+01,-1.552949237823486328e+01
-1.741714477539062500e+01,-5.750658035278320312e+00,-1.432213592529296875e+01,-1.415381813049316406e+01,-1.542569732666015625e+01
-1.718990325927734375e+01,-5.760755062103271484e+00,-1.417390251159667969e+01,-1.415567588806152344e+01,-1.524818992614746094e+01
-1.719038963317871094e+01,-5.779031276702880859e+00,-1.401969146728515625e+01,-1.428235054016113281e+01,-1.510359001159667969e+01
-1.717976188659667969e+01,-5.793952941894531250e+00,-1.375767898559570312e+01,-1.438940811157226562e+01,-1.499026393890380859e+01
-1.694017410278320312e+01,-5.799611091613769531e+00,-1.353006935119628906e+01,-1.447607231140136719e+01,-1.493295001983642578e+01
-1.661007118225097656e+01,-5.803541660308837891e+00,-1.348268699645996094e+01,-1.455032157897949219e+01,-1.492359352111816406e+01
-1.629018402099609375e+01,-5.814277648925781250e+00,-1.333694076538085938e+01,-1.464382362365722656e+01,-1.486529731750488281e+01
-1.611775588989257812e+01,-5.835215091705322266e+00,-1.294444656372070312e+01,-1.479247283935546875e+01,-1.473246383666992188e+01
-1.600687599182128906e+01,-5.855891227722167969e+00,-1.233004188537597656e+01,-1.495059967041015625e+01,-1.456149101257324219e+01
-1.568436622619628906e+01,-5.856305122375488281e+00,-1.162629508972167969e+01,-1.491138076782226562e+01,-1.435897159576416016e+01
-1.583356952667236328e+01,-5.853346347808837891e+00,-1.074585533142089844e+01,-1.512516212463378906e+01,-1.408684635162353516e+01
-1.560351943969726562e+01,-5.835410594940185547e+00,-9.909807205200195312e+00,-1.503115653991699219e+01,-1.388159751892089844e+01
-1.580792617797851562e+01,-5.808098793029785156e+00,-9.233505249023437500e+00,-1.516171264648437500e+01,-1.375621414184570312e+01
-1.598888206481933594e+01,-5.785801410675048828e+00,-8.874629020690917969e+00,-1.532690811157226562e+01,-1.373538017272949219e+01
-1.610695075988769531e+01,-5.777523517608642578e+00,-8.549377441406250000e+00,-1.540160369873046875e+01,-1.371614646911621094e+01
-1.578562545776367188e+01,-5.775602340698242188e+00,-8.644426345825195312e+00,-1.533927154541015625e+01,-1.381453418731689453e+01
-1.559628677368164062e+01,-5.786072254180908203e+00,-9.207790374755859375e+00,-1.524318504333496094e+01,-1.404803466796875000e+01
-1.496917057037353516e+01,-5.810090541839599609e+00,-9.796966552734375000e+00,-1.492120933532714844e+01,-1.419555950164794922e+01
-1.484412956237792969e+01,-5.806322097778320312e+00,-1.074541187286376953e+01,-1.472234916687011719e+01,-1.445481300354003906e+01
-1.494306945800781250e+01,-5.815458297729492188e+00,-1.152943229675292969e+01,-1.467840766906738281e+01,-1.460662078857421875e+01
-1.514647102355957031e+01,-5.822175502777099609e+00,-1.206613731384277344e+01,-1.463884353637695312e+01,-1.470014953613281250e+01
-1.529304599761962891e+01,-5.824101448059082031e+00,-1.243711090087890625e+01,-1.458197975158691406e+01,-1.472827816009521484e+01
-1.540337562561035156e+01,-5.822929382324218750e+00,-1.272464561462402344e+01,-1.457682609558105469e+01,-1.470895290374755859e+01
-1.568860912322998047e+01,-5.823327064514160156e+00,-1.286278533935546875e+01,-1.461472511291503906e+01,-1.471995067596435547e+01
-1.591141700744628906e+01,-5.823913097381591797e+00,-1.296539115905761719e+01,-1.459097862243652344e+01,-1.476400947570800781e+01
-1.607371139526367188e+01,-5.821599960327148438e+00,-1.297256660461425781e+01,-1.464103889465332031e+01,-1.476298046112060547e+01
-1.625204277038574219e+01,-5.825313568115234375e+00,-1.287311935424804688e+01,-1.474454116821289062e+01,-1.472346687316894531e+01
-1.648558998107910156e+01,-5.835546016693115234e+00,-1.262277221679687500e+01,-1.489074707031250000e+01,-1.465589332580566406e+01
-1.667705535888671875e+01,-5.836760520935058594e+00,-1.242866325378417969e+01,-1.508408927917480469e+01,-1.462724685668945312e+01
-1.688905906677246094e+01,-5.831540584564208984e+00,-1.240294265747070312e+01,-1.518843650817871094e+01,-1.471595382690429688e+01
-1.707069396972656250e+01,-5.829143047332763672e+00,-1.243525505065917969e+01,-1.525987243652343750e+01,-1.482616806030273438e+01
-1.719580078125000000e+01,-5.824962139129638672e+00,-1.255758857727050781e+01,-1.526194381713867188e+01,-1.497023391723632812e+01
-1.727121162414550781e+01,-5.821336746215820312e+00,-1.268960762023925781e+01,-1.519904708862304688e+01,-1.509670639038085938e+01
-1.731687545776367188e+01,-5.821032524108886719e+00,-1.271265029907226562e+01,-1.508427047729492188e+01,-1.518225955963134766e+01
-1.728078460693359375e+01,-5.822702884674072266e+00,-1.272001075744628906e+01,-1.500489234924316406e+01,-1.522409725189208984e+01
-1.723835945129394531e+01,-5.823642730712890625e+00,-1.267132186889648438e+01,-1.495151519775390625e+01,-1.521423912048339844e+01
-1.719782447814941406e+01,-5.833692073822021484e+00,-1.232879066467285156e+01,-1.496238899230957031e+01,-1.506387901306152344e+01
-1.715332794189453125e+01,-5.845784664154052734e+00,-1.176712417602539062e+01,-1.506628036499023438e+01,-1.479063320159912109e+01
-1.711567878723144531e+01,-5.851613044738769531e+00,-1.106453895568847656e+01,-1.523000526428222656e+01,-1.447935009002685547e+01
-1.708623313903808594e+01,-5.845671653747558594e+00,-1.032133483886718750e+01,-1.539206123352050781e+01,-1.422058963775634766e+01
-1.700731658935546875e+01,-5.830119609832763672e+00,-9.639769554138183594e+00,-1.551046180725097656e+01,-1.402649116516113281e+01
-1.694863700866699219e+01,-5.805644035339355469e+00,-9.088102340698242188e+00,-1.560771179199218750e+01,-1.387198352813720703e+01
-1.683813858032226562e+01,-5.779664039611816406e+00,-8.872573852539062500e+00,-1.560245132446289062e+01,-1.383171844482421875e+01
-1.639506530761718750e+01,-5.772391319274902344e+00,-8.726301193237304688e+00,-1.518608474731445312e+01,-1.385908222198486328e+01
-1.613808631896972656e+01,-5.758903026580810547e+00,-8.938131332397460938e+00,-1.502042198181152344e+01,-1.390415191650390625e+01
-1.597340774536132812e+01,-5.757768630981445312e+00,-9.672390937805175781e+00,-1.491337013244628906e+01,-1.405823993682861328e+01
-1.594616508483886719e+01,-5.775518894195556641e+00,-1.045400428771972656e+01,-1.480135154724121094e+01,-1.423366069793701172e+01
-1.603569030761718750e+01,-5.793430328369140625e+00,-1.119166755676269531e+01,-1.473434066772460938e+01,-1.440317249298095703e+01
-1.613268470764160156e+01,-5.809031486511230469e+00,-1.183877563476562500e+01,-1.468683815002441406e+01,-1.455795001983642578e+01
-1.620761489868164062e+01,-5.819914817810058594e+00,-1.227741432189941406e+01,-1.465536308288574219e+01,-1.465133476257324219e+01
-1.620545387268066406e+01,-5.820785522460937500e+00,-1.273892021179199219e+01,-1.464671325683593750e+01,-1.472623157501220703e+01
-1.608645820617675781e+01,-5.815998554229736328e+00,-1.317547798156738281e+01,-1.462599563598632812e+01,-1.477555847167968750e+01
-1.615343475341796875e+01,-5.814296245574951172e+00,-1.338423347473144531e+01,-1.463505744934082031e+01,-1.479339218139648438e+01
-1.622807693481445312e+01,-5.812133312225341797e+00,-1.342718696594238281e+01,-1.464213752746582031e+01,-1.478705883026123047e+01
-1.627655792236328125e+01,-5.813402652740478516e+00,-1.342649078369140625e+01,-1.464375877380371094e+01,-1.478553104400634766e+01
-1.636136054992675781e+01,-5.817318916320800781e+00,-1.329043388366699219e+01,-1.469727897644042969e+01,-1.476624298095703125e+01
-1.645436859130859375e+01,-5.823656082153320312e+00,-1.305584144592285156e+01,-1.479213142395019531e+01,-1.474774742126464844e+01
-1.655103111267089844e+01,-5.833448886871337891e+00,-1.272214317321777344e+01,-1.490253639221191406e+01,-1.472035789489746094e+01
-1.663283538818359375e+01,-5.846202373504638672e+00,-1.219280815124511719e+01,-1.512058639526367188e+01,-1.459429550170898438e+01
-1.669823455810546875e+01,-5.856621265411376953e+00,-1.141114807128906250e+01,-1.541667366027832031e+01,-1.440116214752197266e+01
-1.679877281188964844e+01,-5.851940631866455078e+00,-1.066601181030273438e+01,-1.569811820983886719e+01,-1.426356315612792969e+01
-1.695667648315429688e+01,-5.844043254852294922e+00,-1.020258712768554688e+01,-1.588786125183105469e+01,-1.425712966918945312e+01
-1.722105026245117188e+01,-5.835889339447021484e+00,-1.007412528991699219e+01,-1.593968582153320312e+01,-1.439703083038330078e+01
-1.741250801086425781e+01,-5.834017276763916016e+00,-1.030046081542968750e+01,-1.587199974060058594e+01,-1.462461757659912109e+01
-1.750562667846679688e+01,-5.830188274383544922e+00,-1.066530990600585938e+01,-1.567131042480468750e+01,-1.488267707824707031e+01
-1.753440666198730469e+01,-5.830182075500488281e+00,-1.096503067016601562e+01,-1.545736694335937500e+01,-1.505489635467529297e+01
-1.757055091857910156e+01,-5.828820228576660156e+00,-1.112191200256347656e+01,-1.525409507751464844e+01,-1.513678932189941406e+01
-1.747823333740234375e+01,-5.821984767913818359e+00,-1.116345214843750000e+01,-1.499400520324707031e+01,-1.515922451019287109e+01
-1.717041969299316406e+01,-5.819469451904296875e+00,-1.122783470153808594e+01,-1.474525642395019531e+01,-1.510400199890136719e+01
-1.685474014282226562e+01,-5.817562103271484375e+00,-1.138661193847656250e+01,-1.451175880432128906e+01,-1.505971813201904297e+01
-1.630388069152832031e+01,-5.804387092590332031e+00,-1.138250923156738281e+01,-1.411904335021972656e+01,-1.494983005523681641e+01
-1.601062011718750000e+01,-5.796685695648193359e+00,-1.148478317260742188e+01,-1.400312614440917969e+01,-1.482276535034179688e+01
-1.562397956848144531e+01,-5.787077903747558594e+00,-1.138294410705566406e+01,-1.378794097900390625e+01,-1.465096378326416016e+01
-1.558717823028564453e+01,-5.787471294403076172e+00,-1.153190803527832031e+01,-1.368114471435546875e+01,-1.464212417602539062e+01
-1.583976364135742188e+01,-5.790126800537109375e+00,-1.175531768798828125e+01,-1.375883674621582031e+01,-1.470409107208251953e+01
-1.616089057922363281e+01,-5.798618316650390625e+00,-1.193646240234375000e+01,-1.395053482055664062e+01,-1.475814056396484375e+01
-1.649089431762695312e+01,-5.801218986511230469e+00,-1.213040924072265625e+01,-1.420114898681640625e+01,-1.484615230560302734e+01
-1.680533790588378906e+01,-5.804983139038085938e+00,-1.222954940795898438e+01,-1.445299339294433594e+01,-1.489365005493164062e+01
-1.712356376647949219e+01,-5.810984611511230469e+00,-1.223792076110839844e+01,-1.467687606811523438e+01,-1.492125701904296875e+01
-1.730503845214843750e+01,-5.814820766448974609e+00,-1.228447151184082031e+01,-1.481993293762207031e+01,-1.502065277099609375e+01
-1.744978904724121094e+01,-5.808935165405273438e+00,-1.245040321350097656e+01,-1.483777046203613281e+01,-1.519828033447265625e+01
-1.747974014282226562e+01,-5.800149440765380859e+00,-1.265129089355468750e+01,-1.474195289611816406e+01,-1.537462043762207031e+01
-1.742583084106445312e+01,-5.795821666717529297e+00,-1.273015403747558594e+01,-1.464837837219238281e+01,-1.547015476226806641e+01
-1.726535797119140625e+01,-5.795932769775390625e+00,-1.254177856445312500e+01,-1.457540893554687500e+01,-1.544000053405761719e+01
-1.704958534240722656e+01,-5.815387725830078125e+00,-1.193451499938964844e+01,-1.453734016418457031e+01,-1.519817638397216797e+01
-1.690136528015136719e+01,-5.835236072540283203e+00,-1.095120620727539062e+01,-1.462873458862304688e+01,-1.479953956604003906e+01
-1.671729660034179688e+01,-5.826395988464355469e+00,-9.663316726684570312e+00,-1.480267143249511719e+01,-1.437205600738525391e+01
-1.654489898681640625e+01,-5.795907020568847656e+00,-8.345277786254882812e+00,-1.492757797241210938e+01,-1.404475021362304688e+01
-1.651824951171875000e+01,-5.767795085906982422e+00,-7.318376064300537109e+00,-1.505511283874511719e+01,-1.385013675689697266e+01
-1.650206756591796875e+01,-5.771735668182373047e+00,-6.560264587402343750e+00,-1.511508941650390625e+01,-1.377204036712646484e+01
-1.664639472961425781e+01,-5.802945137023925781e+00,-6.000108718872070312e+00,-1.519422531127929688e+01,-1.375398826599121094e+01
-1.689792823791503906e+01,-5.826994419097900391e+00,-5.776724338531494141e+00,-1.524302291870117188e+01,-1.385855674743652344e+01
-1.705968284606933594e+01,-5.801146984100341797e+00,-6.133843898773193359e+00,-1.511343574523925781e+01,-1.414746379852294922e+01
-1.718371772766113281e+01,-5.803180694580078125e+00,-6.335041522979736328e+00,-1.487150382995605469e+01,-1.431360149383544922e+01
-1.723143386840820312e+01,-5.796442031860351562e+00,-6.390873432159423828e+00,-1.457465362548828125e+01,-1.436251831054687500e+01
-1.712411308288574219e+01,-5.791106700897216797e+00,-6.307481765747070312e+00,-1.433451652526855469e+01,-1.431282424926757812e+01
-1.670053291320800781e+01,-5.803792953491210938e+00,-6.089230537414550781e+00,-1.413076019287109375e+01,-1.415086174011230469e+01
-1.678759002685546875e+01,-5.779471874237060547e+00,-6.193662166595458984e+00,-1.427677345275878906e+01,-1.408264636993408203e+01
-1.702145385742187500e+01,-5.745143413543701172e+00,-6.674273014068603516e+00,-1.454737854003906250e+01,-1.421620464324951172e+01
-1.720793151855468750e+01,-5.735102653503417969e+00,-7.567862987518310547e+00,-1.465420532226562500e+01,-1.452916145324707031e+01
-1.734838676452636719e+01,-5.754448413848876953e+00,-8.657430648803710938e+00,-1.462950134277343750e+01,-1.487217712402343750e+01
-1.743167304992675781e+01,-5.777260780334472656e+00,-9.693252563476562500e+00,-1.451349830627441406e+01,-1.514692783355712891e+01
-1.748228836059570312e+01,-5.794141769409179688e+00,-1.046502017974853516e+01,-1.443005752563476562e+01,-1.529727745056152344e+01
-1.743939781188964844e+01,-5.802151203155517578e+00,-1.092454338073730469e+01,-1.441155242919921875e+01,-1.531516742706298828e+01
-1.738077163696289062e+01,-5.804639816284179688e+00,-1.119040298461914062e+01,-1.446025657653808594e+01,-1.526957416534423828e+01
-1.727304458618164062e+01,-5.812138080596923828e+00,-1.126048088073730469e+01,-1.455215454101562500e+01,-1.518861579895019531e+01
-1.718953132629394531e+01,-5.826186180114746094e+00,-1.101715469360351562e+01,-1.474925231933593750e+01,-1.501088428497314453e+01
-1.716650199890136719e+01,-5.839710712432861328e+00,-1.051027297973632812e+01,-1.499500083923339844e+01,-1.478821372985839844e+01
-1.717569923400878906e+01,-5.846320629119873047e+00,-9.812129974365234375e+00,-1.514912223815917969e+01,-1.455566501617431641e+01
-1.716094398498535156e+01,-5.855115413665771484e+00,-8.576942443847656250e+00,-1.529793548583984375e+01,-1.416528415679931641e+01
-1.709181404113769531e+01,-5.849840164184570312e+00,-7.194499015808105469e+00,-1.536946105957031250e+01,-1.378578662872314453e+01
-1.709331703186035156e+01,-5.903110980987548828e+00,-5.879435539245605469e+00,-1.540631103515625000e+01,-1.349312114715576172e+01
-1.715466880798339844e+01,-5.984543800354003906e+00,-5.136786937713623047e+00,-1.544824218750000000e+01,-1.343662261962890625e+01
-1.723966979980468750e+01,-5.972214221954345703e+00,-5.093993663787841797e+00,-1.546532058715820312e+01,-1.359225368499755859e+01
-1.738949775695800781e+01,-5.894366264343261719e+00,-5.603219985961914062e+00,-1.538617706298828125e+01,-1.388032150268554688e+01
-1.750951576232910156e+01,-5.843072414398193359e+00,-6.393959045410156250e+00,-1.522834396362304688e+01,-1.417879486083984375e+01
-1.759857749938964844e+01,-5.823927879333496094e+00,-7.331478118896484375e+00,-1.506453514099121094e+01,-1.444327545166015625e+01
-1.759795379638671875e+01,-5.819284439086914062e+00,-8.411444664001464844e+00,-1.491844749450683594e+01,-1.469102001190185547e+01
-1.749884796142578125e+01,-5.819928169250488281e+00,-9.614900588989257812e+00,-1.471586227416992188e+01,-1.496034049987792969e+01
-1.731387710571289062e+01,-5.820019245147705078e+00,-1.061280250549316406e+01,-1.437854385375976562e+01,-1.514417266845703125e+01
-1.706528663635253906e+01,-5.813299179077148438e+00,-1.125774002075195312e+01,-1.397928810119628906e+01,-1.520198059082031250e+01
-1.689632606506347656e+01,-5.810109615325927734e+00,-1.145702934265136719e+01,-1.375102424621582031e+01,-1.506747913360595703e+01
-1.653429222106933594e+01,-5.815437316894531250e+00,-1.131510353088378906e+01,-1.370319557189941406e+01,-1.480180358886718750e+01
-1.647514152526855469e+01,-5.816743373870849609e+00,-1.109582138061523438e+01,-1.394501495361328125e+01,-1.454760265350341797e+01
-1.655563926696777344e+01,-5.816610336303710938e+00,-1.119181823730468750e+01,-1.429559135437011719e+01,-1.456009292602539062e+01
-1.674785804748535156e+01,-5.814899444580078125e+00,-1.146884346008300781e+01,-1.450719261169433594e+01,-1.473629760742187500e+01
-1.701826286315917969e+01,-5.810304641723632812e+00,-1.180123901367187500e+01,-1.465068435668945312e+01,-1.494288539886474609e+01
-1.721983146667480469e+01,-5.806042194366455078e+00,-1.209991073608398438e+01,-1.467288208007812500e+01,-1.513294124603271484e+01
-1.726476478576660156e+01,-5.798288345336914062e+00,-1.238053894042968750e+01,-1.455402755737304688e+01,-1.527845954895019531e+01
-1.726805686950683594e+01,-5.786550045013427734e+00,-1.251164627075195312e+01,-1.440388298034667969e+01,-1.534130859375000000e+01
-1.727924728393554688e+01,-5.776335239410400391e+00,-1.256929588317871094e+01,-1.434988784790039062e+01,-1.534582519531250000e+01
-1.725216865539550781e+01,-5.772123336791992188e+00,-1.257627105712890625e+01,-1.438523864746093750e+01,-1.532185840606689453e+01
-1.722999191284179688e+01,-5.771067142486572266e+00,-1.248775672912597656e+01,-1.444666671752929688e+01,-1.529154396057128906e+01
-1.720459938049316406e+01,-5.778117656707763672e+00,-1.237395286560058594e+01,-1.451988601684570312e+01,-1.526214790344238281e+01
-1.716400718688964844e+01,-5.783573627471923828e+00,-1.226015090942382812e+01,-1.454724693298339844e+01,-1.523006629943847656e+01
-1.681151199340820312e+01,-5.798533916473388672e+00,-1.169167137145996094e+01,-1.441102409362792969e+01,-1.499838542938232422e+01
-1.676675605773925781e+01,-5.800047397613525391e+00,-1.133099174499511719e+01,-1.447703361511230469e+01,-1.483647823333740234e+01
-1.681022453308105469e+01,-5.800430774688720703e+00,-1.086010074615478516e+01,-1.453097915649414062e+01,-1.466878986358642578e+01
-1.682523727416992188e+01,-5.802947521209716797e+00,-1.012852287292480469e+01,-1.458636283874511719e+01,-1.445791053771972656e+01
-1.671796607971191406e+01,-5.811323642730712891e+00,-8.964322090148925781e+00,-1.462394142150878906e+01,-1.408926963806152344e+01
-1.672671318054199219e+01,-5.810604572296142578e+00,-7.675664901733398438e+00,-1.470993804931640625e+01,-1.368304157257080078e+01
-1.650456237792968750e+01,-5.799924850463867188e+00,-7.171638011932373047e+00,-1.472855949401855469e+01,-1.353063774108886719e+01
-1.646956634521484375e+01,-5.786891460418701172e+00,-7.343396663665771484e+00,-1.474558639526367188e+01,-1.365923309326171875e+01
-1.645553588867187500e+01,-5.790672779083251953e+00,-7.976192951202392578e+00,-1.469703483581542969e+01,-1.392998313903808594e+01
-1.657137680053710938e+01,-5.797545433044433594e+00,-8.864788055419921875e+00,-1.457672309875488281e+01,-1.427951240539550781e+01
-1.664393424987792969e+01,-5.808159828186035156e+00,-9.747153282165527344e+00,-1.442911911010742188e+01,-1.459483814239501953e+01
-1.662524032592773438e+01,-5.815148830413818359e+00,-1.044410228729248047e+01,-1.425882148742675781e+01,-1.480009651184082031e+01
-1.648812103271484375e+01,-5.820309162139892578e+00,-1.085738182067871094e+01,-1.410694885253906250e+01,-1.492105674743652344e+01
-1.629698181152343750e+01,-5.819467067718505859e+00,-1.109510040283203125e+01,-1.386559677124023438e+01,-1.500259208679199219e+01
-1.603214263916015625e+01,-5.830414772033691406e+00,-1.091824913024902344e+01,-1.356891059875488281e+01,-1.494351577758789062e+01
-1.595231628417968750e+01,-5.839263916015625000e+00,-1.035178756713867188e+01,-1.345007133483886719e+01,-1.469137763977050781e+01
-1.600274658203125000e+01,-5.842663764953613281e+00,-9.603782653808593750e+00,-1.350172805786132812e+01,-1.434834003448486328e+01
-1.605300712585449219e+01,-5.842027664184570312e+00,-8.820177078247070312e+00,-1.363819122314453125e+01,-1.400263118743896484e+01
-1.606294822692871094e+01,-5.838065624237060547e+00,-8.269964218139648438e+00,-1.378981590270996094e+01,-1.376930332183837891e+01
-1.614443016052246094e+01,-5.825201034545898438e+00,-8.268859863281250000e+00,-1.405049514770507812e+01,-1.373947143554687500e+01
-1.633363342285156250e+01,-5.799003124237060547e+00,-9.037591934204101562e+00,-1.419842910766601562e+01,-1.407287883758544922e+01
-1.657279014587402344e+01,-5.773607730865478516e+00,-1.012909317016601562e+01,-1.411825370788574219e+01,-1.455710887908935547e+01
-1.670312118530273438e+01,-5.758549690246582031e+00,-1.111962890625000000e+01,-1.392371177673339844e+01,-1.492576980590820312e+01
-1.669130516052246094e+01,-5.747999191284179688e+00,-1.184385681152343750e+01,-1.371833229064941406e+01,-1.512996864318847656e+01
-1.659901809692382812e+01,-5.741214275360107422e+00,-1.226125144958496094e+01,-1.359149360656738281e+01,-1.517708778381347656e+01
-1.648204231262207031e+01,-5.736969470977783203e+00,-1.245464515686035156e+01,-1.354348564147949219e+01,-1.513235664367675781e+01
-1.637663078308105469e+01,-5.734594821929931641e+00,-1.250508880615234375e+01,-1.353791046142578125e+01,-1.511991882324218750e+01
-1.633772659301757812e+01,-5.736273765563964844e+00,-1.249563217163085938e+01,-1.355365753173828125e+01,-1.514817428588867188e+01
-1.628761291503906250e+01,-5.741222858428955078e+00,-1.244397544860839844e+01,-1.358769226074218750e+01,-1.515862655639648438e+01
-1.625838661193847656e+01,-5.746628284454345703e+00,-1.235792160034179688e+01,-1.365617752075195312e+01,-1.511572551727294922e+01
-1.614657211303710938e+01,-5.753676414489746094e+00,-1.228205490112304688e+01,-1.370718383789062500e+01,-1.507939529418945312e+01
-1.606388092041015625e+01,-5.767632484436035156e+00,-1.204497146606445312e+01,-1.379811096191406250e+01,-1.503160667419433594e+01
-1.604769897460937500e+01,-5.791831970214843750e+00,-1.173328590393066406e+01,-1.409843063354492188e+01,-1.487877464294433594e+01
-1.601278495788574219e+01,-5.835983276367187500e+00,-1.116028022766113281e+01,-1.445088577270507812e+01,-1.460942935943603516e+01
-1.588211059570312500e+01,-5.885525226593017578e+00,-1.023409652709960938e+01,-1.477081871032714844e+01,-1.425643539428710938e+01
-1.566432380676269531e+01,-5.916841983795166016e+00,-8.916818618774414062e+00,-1.505593490600585938e+01,-1.383090972900390625e+01
-1.546273136138916016e+01,-5.929846286773681641e+00,-7.671381473541259766e+00,-1.525759506225585938e+01,-1.346636962890625000e+01
-1.532333278656005859e+01,-5.950983524322509766e+00,-6.630670547485351562e+00,-1.538697624206542969e+01,-1.323888683319091797e+01
-1.531535530090332031e+01,-5.946602821350097656e+00,-6.380731582641601562e+00,-1.546095085144042969e+01,-1.332322978973388672e+01
-1.549950981140136719e+01,-5.901710987091064453e+00,-7.064697742462158203e+00,-1.538973617553710938e+01,-1.371612644195556641e+01
-1.580074882507324219e+01,-5.879389286041259766e+00,-8.260570526123046875e+00,-1.525361442565917969e+01,-1.416867256164550781e+01
-1.615775108337402344e+01,-5.881386756896972656e+00,-9.304075241088867188e+00,-1.502575683593750000e+01,-1.453604888916015625e+01
-1.651665496826171875e+01,-5.877213001251220703e+00,-1.017612838745117188e+01,-1.474371147155761719e+01,-1.480859470367431641e+01
-1.674796676635742188e+01,-5.858786582946777344e+00,-1.097956848144531250e+01,-1.444649887084960938e+01,-1.503470802307128906e+01
-1.679301643371582031e+01,-5.837093830108642578e+00,-1.171756744384765625e+01,-1.420795631408691406e+01,-1.520545101165771484e+01
-1.658318328857421875e+01,-5.818976402282714844e+00,-1.230789947509765625e+01,-1.390841102600097656e+01,-1.530829715728759766e+01
-1.632166862487792969e+01,-5.804922580718994141e+00,-1.268762016296386719e+01,-1.356854438781738281e+01,-1.532114982604980469e+01
-1.604928398132324219e+01,-5.794674873352050781e+00,-1.289783668518066406e+01,-1.331161499023437500e+01,-1.521043968200683594e+01
-1.587458992004394531e+01,-5.790061950683593750e+00,-1.298073768615722656e+01,-1.325032806396484375e+01,-1.499819469451904297e+01
-1.555256843566894531e+01,-5.812132835388183594e+00,-1.261447906494140625e+01,-1.332940673828125000e+01,-1.465109443664550781e+01
-1.551793479919433594e+01,-5.833709239959716797e+00,-1.230599212646484375e+01,-1.369133186340332031e+01,-1.436584377288818359e+01
-1.569542217254638672e+01,-5.829782485961914062e+00,-1.240881538391113281e+01,-1.414899444580078125e+01,-1.437070751190185547e+01
-1.593657970428466797e+01,-5.816665649414062500e+00,-1.266108703613281250e+01,-1.440240287780761719e+01,-1.460767269134521484e+01
-1.609894371032714844e+01,-5.797320365905761719e+00,-1.300210571289062500e+01,-1.438434219360351562e+01,-1.489894485473632812e+01
-1.614615058898925781e+01,-5.775434970855712891e+00,-1.323161697387695312e+01,-1.423213005065917969e+01,-1.510114669799804688e+01
-1.617983055114746094e+01,-5.756401538848876953e+00,-1.332934951782226562e+01,-1.405880928039550781e+01,-1.521357345581054688e+01
-1.622747993469238281e+01,-5.744959354400634766e+00,-1.332880592346191406e+01,-1.395523071289062500e+01,-1.524705028533935547e+01
-1.623321151733398438e+01,-5.743256568908691406e+00,-1.326548385620117188e+01,-1.396601104736328125e+01,-1.517643833160400391e+01
-1.624882888793945312e+01,-5.743531227111816406e+00,-1.312885475158691406e+01,-1.399829483032226562e+01,-1.509554862976074219e+01
-1.623785400390625000e+01,-5.745309829711914062e+00,-1.290989875793457031e+01,-1.399339485168457031e+01,-1.500904655456542969e+01
-1.625359153747558594e+01,-5.744606971740722656e+00,-1.279161643981933594e+01,-1.395839500427246094e+01,-1.501351356506347656e+01
-1.630091476440429688e+01,-5.743972778320312500e+00,-1.275785446166992188e+01,-1.391799354553222656e+01,-1.505067253112792969e+01
-1.626127433776855469e+01,-5.746320724487304688e+00,-1.272457122802734375e+01,-1.385487937927246094e+01,-1.506867790222167969e+01
-1.619278526306152344e+01,-5.743931293487548828e+00,-1.273712730407714844e+01,-1.378945922851562500e+01,-1.509372997283935547e+01
-1.623494338989257812e+01,-5.741511821746826172e+00,-1.278601074218750000e+01,-1.376156234741210938e+01,-1.513053226470947266e+01
-1.628949165344238281e+01,-5.739418983459472656e+00,-1.282445716857910156e+01,-1.376295471191406250e+01,-1.515350151062011719e+01
-1.631718826293945312e+01,-5.740808963775634766e+00,-1.275488662719726562e+01,-1.376076698303222656e+01,-1.517464065551757812e+01
-1.635420227050781250e+01,-5.743120670318603516e+00,-1.257797241210937500e+01,-1.384477806091308594e+01,-1.515361022949218750e+01
-1.632583427429199219e+01,-5.766565799713134766e+00,-1.205482673645019531e+01,-1.403137397766113281e+01,-1.497415351867675781e+01
-1.606366729736328125e+01,-5.805995464324951172e+00,-1.120180702209472656e+01,-1.416857910156250000e+01,-1.463762569427490234e+01
-1.604743385314941406e+01,-5.833397865295410156e+00,-1.000757217407226562e+01,-1.448033523559570312e+01,-1.421408176422119141e+01
-1.605730056762695312e+01,-5.839042186737060547e+00,-8.752416610717773438e+00,-1.492168045043945312e+01,-1.378092384338378906e+01
-1.611520195007324219e+01,-5.838758468627929688e+00,-7.949424266815185547e+00,-1.532039451599121094e+01,-1.354163551330566406e+01
-1.632295608520507812e+01,-5.841704368591308594e+00,-7.738638401031494141e+00,-1.562284660339355469e+01,-1.354673099517822266e+01
-1.665071487426757812e+01,-5.851414203643798828e+00,-7.956170558929443359e+00,-1.574031066894531250e+01,-1.373613739013671875e+01
-1.696508026123046875e+01,-5.862834453582763672e+00,-8.458347320556640625e+00,-1.569243431091308594e+01,-1.400780010223388672e+01
-1.723530006408691406e+01,-5.872615814208984375e+00,-9.110967636108398438e+00,-1.562423515319824219e+01,-1.429087638854980469e+01
-1.737648582458496094e+01,-5.879857063293457031e+00,-9.671073913574218750e+00,-1.553911781311035156e+01,-1.451402950286865234e+01
-1.744106483459472656e+01,-5.884126663208007812e+00,-1.003016662597656250e+01,-1.546817016601562500e+01,-1.465167331695556641e+01
-1.740483665466308594e+01,-5.887006282806396484e+00,-1.019061279296875000e+01,-1.542700386047363281e+01,-1.468768119812011719e+01
-1.727721023559570312e+01,-5.885917663574218750e+00,-1.025496101379394531e+01,-1.536197853088378906e+01,-1.467304229736328125e+01
-1.717369842529296875e+01,-5.886565685272216797e+00,-1.013017272949218750e+01,-1.534241485595703125e+01,-1.459351348876953125e+01
-1.701064300537109375e+01,-5.892084121704101562e+00,-9.776845932006835938e+00,-1.540543937683105469e+01,-1.441474723815917969e+01
-1.682521057128906250e+01,-5.897123813629150391e+00,-9.318733215332031250e+00,-1.553810501098632812e+01,-1.420370769500732422e+01
-1.660216140747070312e+01,-5.898410797119140625e+00,-8.725871086120605469e+00,-1.558509635925292969e+01,-1.402365207672119141e+01
-1.654929161071777344e+01,-5.903623580932617188e+00,-7.902379512786865234e+00,-1.564319992065429688e+01,-1.386275005340576172e+01
-1.638359832763671875e+01,-5.907737731933593750e+00,-7.073162078857421875e+00,-1.563387489318847656e+01,-1.373989295959472656e+01
-1.620768165588378906e+01,-5.925316333770751953e+00,-6.327931880950927734e+00,-1.558249664306640625e+01,-1.366062927246093750e+01
-1.588249015808105469e+01,-5.955723762512207031e+00,-5.751741409301757812e+00,-1.536060905456542969e+01,-1.366634082794189453e+01
-1.536707496643066406e+01,-6.048222064971923828e+00,-5.082189559936523438e+00,-1.490233612060546875e+01,-1.362464237213134766e+01
-1.493301391601562500e+01,-6.250858783721923828e+00,-4.267241954803466797e+00,-1.440186882019042969e+01,-1.346805858612060547e+01
-1.468585109710693359e+01,-6.533032894134521484e+00,-3.658780813217163086e+00,-1.414824295043945312e+01,-1.330347919464111328e+01
-1.386153984069824219e+01,-6.842303276062011719e+00,-3.378273248672485352e+00,-1.366430282592773438e+01,-1.325838279724121094e+01
-1.397235107421875000e+01,-6.970462322235107422e+00,-3.399369239807128906e+00,-1.377803802490234375e+01,-1.321686077117919922e+01
-1.464582347869873047e+01,-6.758043766021728516e+00,-3.672891378402709961e+00,-1.428023147583007812e+01,-1.328913784027099609e+01
-1.544063377380371094e+01,-6.364110469818115234e+00,-4.160793304443359375e+00,-1.468058967590332031e+01,-1.352749729156494141e+01
-1.612647628784179688e+01,-5.990373611450195312e+00,-5.053249835968017578e+00,-1.481660079956054688e+01,-1.392505359649658203e+01
-1.658477973937988281e+01,-5.797369956970214844e+00,-6.392734527587890625e+00,-1.475686264038085938e+01,-1.438967037200927734e+01
-1.681902885437011719e+01,-5.758373260498046875e+00,-7.835274696350097656e+00,-1.462038230895996094e+01,-1.477927970886230469e+01
-1.686673736572265625e+01,-5.769520759582519531e+00,-9.074699401855468750e+00,-1.448176765441894531e+01,-1.500430583953857422e+01
-1.685122871398925781e+01,-5.784283161163330078e+00,-9.934726715087890625e+00,-1.437124061584472656e+01,-1.513154411315917969e+01
-1.679583740234375000e+01,-5.794887065887451172e+00,-1.044825839996337891e+01,-1.432414817810058594e+01,-1.516481590270996094e+01
-1.675238609313964844e+01,-5.804999351501464844e+00,-1.063516616821289062e+01,-1.434009552001953125e+01,-1.512478256225585938e+01
-1.670792961120605469e+01,-5.813813686370849609e+00,-1.061891174316406250e+01,-1.438743972778320312e+01,-1.504746627807617188e+01
-1.667318153381347656e+01,-5.818588256835937500e+00,-1.050693798065185547e+01,-1.444210624694824219e+01,-1.496054553985595703e+01
-1.667118263244628906e+01,-5.825297832489013672e+00,-1.014027786254882812e+01,-1.454083251953125000e+01,-1.483105087280273438e+01
-1.655921936035156250e+01,-5.832158088684082031e+00,-9.191053390502929688e+00,-1.467629623413085938e+01,-1.452351474761962891e+01
-1.619662666320800781e+01,-5.846121311187744141e+00,-7.531295299530029297e+00,-1.474509239196777344e+01,-1.396195697784423828e+01
-1.581216812133789062e+01,-5.955774307250976562e+00,-5.615334987640380859e+00,-1.501135826110839844e+01,-1.328672027587890625e+01
-1.552509212493896484e+01,-6.193156242370605469e+00,-4.360034942626953125e+00,-1.538407897949218750e+01,-1.284879875183105469e+01
-1.532472038269042969e+01,-6.360665321350097656e+00,-3.925320863723754883e+00,-1.570343017578125000e+01,-1.271312808990478516e+01
-1.525231742858886719e+01,-6.369477748870849609e+00,-3.942516565322875977e+00,-1.592737770080566406e+01,-1.273619270324707031e+01
-1.537853336334228516e+01,-6.285751342773437500e+00,-4.106266975402832031e+00,-1.607545852661132812e+01,-1.283477401733398438e+01
-1.547457599639892578e+01,-6.218906402587890625e+00,-4.214583396911621094e+00,-1.611787605285644531e+01,-1.293936538696289062e+01
-1.557711124420166016e+01,-6.165774345397949219e+00,-4.275654315948486328e+00,-1.615187072753906250e+01,-1.300444507598876953e+01
-1.569784450531005859e+01,-6.119134902954101562e+00,-4.320444107055664062e+00,-1.609565544128417969e+01,-1.308711814880371094e+01
-1.582602310180664062e+01,-6.077802658081054688e+00,-4.351744651794433594e+00,-1.601817512512207031e+01,-1.318250179290771484e+01
-1.597758197784423828e+01,-6.042631149291992188e+00,-4.378414154052734375e+00,-1.594276809692382812e+01,-1.327577018737792969e+01
-1.606552696228027344e+01,-6.021253585815429688e+00,-4.388113021850585938e+00,-1.580741882324218750e+01,-1.338817977905273438e+01
-1.617656517028808594e+01,-6.007340431213378906e+00,-4.385020732879638672e+00,-1.570346260070800781e+01,-1.346021461486816406e+01
-1.629011154174804688e+01,-5.996416091918945312e+00,-4.381754398345947266e+00,-1.563879203796386719e+01,-1.350464725494384766e+01
-1.640212249755859375e+01,-5.985883235931396484e+00,-4.402847766876220703e+00,-1.553658676147460938e+01,-1.358749866485595703e+01
-1.651585388183593750e+01,-6.009260654449462891e+00,-4.314585208892822266e+00,-1.546562576293945312e+01,-1.362279605865478516e+01
-1.653298377990722656e+01,-6.020285606384277344e+00,-4.296132087707519531e+00,-1.541405677795410156e+01,-1.363243198394775391e+01
-1.651248359680175781e+01,-6.037325382232666016e+00,-4.282096862792968750e+00,-1.534450912475585938e+01,-1.369385242462158203e+01
-1.616992568969726562e+01,-6.079629898071289062e+00,-4.241423606872558594e+00,-1.509501647949218750e+01,-1.375360774993896484e+01
-1.585848522186279297e+01,-6.324039459228515625e+00,-3.760713100433349609e+00,-1.478349113464355469e+01,-1.362439346313476562e+01
-1.552776718139648438e+01,-6.741845607757568359e+00,-3.278622627258300781e+00,-1.454921722412109375e+01,-1.344845485687255859e+01
-1.542763900756835938e+01,-7.248742103576660156e+00,-3.018637895584106445e+00,-1.450240898132324219e+01,-1.338168144226074219e+01
-1.553657150268554688e+01,-7.591537475585937500e+00,-2.986174106597900391e+00,-1.468955421447753906e+01,-1.340413951873779297e+01
-1.581845378875732422e+01,-7.650216102600097656e+00,-3.087530851364135742e+00,-1.485533142089843750e+01,-1.350743961334228516e+01
-1.613270187377929688e+01,-7.450487613677978516e+00,-3.244073629379272461e+00,-1.493305587768554688e+01,-1.365955924987792969e+01
-1.635075759887695312e+01,-7.179519176483154297e+00,-3.377759695053100586e+00,-1.490060043334960938e+01,-1.378048324584960938e+01
-1.648065567016601562e+01,-6.969228744506835938e+00,-3.429528713226318359e+00,-1.486051177978515625e+01,-1.378844833374023438e+01
-1.655899238586425781e+01,-6.714626312255859375e+00,-3.552972793579101562e+00,-1.488333702087402344e+01,-1.377514076232910156e+01
-1.668084526062011719e+01,-6.448806762695312500e+00,-3.781323194503784180e+00,-1.485669136047363281e+01,-1.382352638244628906e+01
-1.678483200073242188e+01,-6.213466644287109375e+00,-4.118465423583984375e+00,-1.479129791259765625e+01,-1.389998722076416016e+01
-1.685188865661621094e+01,-6.061389923095703125e+00,-4.478325843811035156e+00,-1.478999710083007812e+01,-1.391826438903808594e+01
-1.686418914794921875e+01,-5.979775428771972656e+00,-4.840736389160156250e+00,-1.484249305725097656e+01,-1.391571998596191406e+01
-1.690180397033691406e+01,-5.934885025024414062e+00,-5.280142784118652344e+00,-1.489314651489257812e+01,-1.394937896728515625e+01
-1.687612724304199219e+01,-5.921217918395996094e+00,-5.785402297973632812e+00,-1.493446350097656250e+01,-1.399990081787109375e+01
-1.687685203552246094e+01,-5.904019355773925781e+00,-6.477269172668457031e+00,-1.484683609008789062e+01,-1.415225696563720703e+01
-1.687737274169921875e+01,-5.901267528533935547e+00,-7.168263435363769531e+00,-1.458285140991210938e+01,-1.435259532928466797e+01
-1.653669166564941406e+01,-5.921864986419677734e+00,-7.290370941162109375e+00,-1.422949981689453125e+01,-1.436129570007324219e+01
-1.615969085693359375e+01,-5.941028118133544922e+00,-6.961642742156982422e+00,-1.395904922485351562e+01,-1.420158195495605469e+01
-1.608737373352050781e+01,-5.926774978637695312e+00,-6.854240417480468750e+00,-1.405496215820312500e+01,-1.407211685180664062e+01
-1.621969223022460938e+01,-5.904878616333007812e+00,-7.060643196105957031e+00,-1.441947364807128906e+01,-1.409025001525878906e+01
-1.644409751892089844e+01,-5.904170513153076172e+00,-7.227714061737060547e+00,-1.480524635314941406e+01,-1.412262153625488281e+01
-1.667709541320800781e+01,-5.910806179046630859e+00,-7.074930191040039062e+00,-1.512066459655761719e+01,-1.410358905792236328e+01
-1.683835983276367188e+01,-5.919518947601318359e+00,-6.624886512756347656e+00,-1.531620025634765625e+01,-1.401692962646484375e+01
-1.705415344238281250e+01,-5.929979324340820312e+00,-6.088510513305664062e+00,-1.542790031433105469e+01,-1.396638107299804688e+01
-1.721875572204589844e+01,-5.942382335662841797e+00,-5.576681137084960938e+00,-1.542127799987792969e+01,-1.398569011688232422e+01
-1.730882263183593750e+01,-5.959059238433837891e+00,-5.139757156372070312e+00,-1.526745605468750000e+01,-1.406326961517333984e+01
-1.731087875366210938e+01,-5.948130130767822266e+00,-4.913307189941406250e+00,-1.498708724975585938e+01,-1.421024513244628906e+01
-1.727625274658203125e+01,-5.893758773803710938e+00,-4.943124294281005859e+00,-1.461989212036132812e+01,-1.441394901275634766e+01
-1.721675491333007812e+01,-5.832753181457519531e+00,-5.045224666595458984e+00,-1.422856330871582031e+01,-1.459736919403076172e+01
-1.715760803222656250e+01,-5.800321578979492188e+00,-4.998306274414062500e+00,-1.391019630432128906e+01,-1.469698429107666016e+01
-1.717169189453125000e+01,-5.787243843078613281e+00,-4.879364967346191406e+00,-1.362827110290527344e+01,-1.477177810668945312e+01
-1.682672882080078125e+01,-5.808573722839355469e+00,-4.618156433105468750e+00,-1.323208236694335938e+01,-1.476973247528076172e+01
-1.576890754699707031e+01,-5.828248977661132812e+00,-4.428165435791015625e+00,-1.231817817687988281e+01,-1.470447540283203125e+01
-1.470238304138183594e+01,-5.749949455261230469e+00,-4.500863075256347656e+00,-1.092203044891357422e+01,-1.458890056610107422e+01
-1.384971904754638672e+01,-5.671033859252929688e+00,-4.695015430450439453e+00,-9.528757095336914062e+00,-1.438000774383544922e+01
-1.332008647918701172e+01,-5.627895832061767578e+00,-5.138568878173828125e+00,-8.619558334350585938e+00,-1.414624404907226562e+01
-1.363902091979980469e+01,-5.558938026428222656e+00,-5.613955497741699219e+00,-8.846006393432617188e+00,-1.399430942535400391e+01
-1.453415203094482422e+01,-5.512504577636718750e+00,-5.959373474121093750e+00,-9.753423690795898438e+00,-1.399698066711425781e+01
-1.549016380310058594e+01,-5.498303413391113281e+00,-6.316505432128906250e+00,-1.080986499786376953e+01,-1.410891056060791016e+01
-1.613405609130859375e+01,-5.518539905548095703e+00,-7.104259967803955078e+00,-1.136516952514648438e+01,-1.443684291839599609e+01
-1.647017097473144531e+01,-5.554888248443603516e+00,-8.065037727355957031e+00,-1.130110931396484375e+01,-1.484244632720947266e+01
-1.661037445068359375e+01,-5.585757255554199219e+00,-8.989206314086914062e+00,-1.084700965881347656e+01,-1.517466354370117188e+01
-1.656690025329589844e+01,-5.609454631805419922e+00,-9.705226898193359375e+00,-1.009101486206054688e+01,-1.538204288482666016e+01
-1.634120178222656250e+01,-5.638148307800292969e+00,-1.021096801757812500e+01,-9.069774627685546875e+00,-1.548966026306152344e+01
-1.590329170227050781e+01,-5.731174468994140625e+00,-1.044179534912109375e+01,-7.843919754028320312e+00,-1.552319240570068359e+01
-1.555722236633300781e+01,-5.933753967285156250e+00,-1.054930877685546875e+01,-6.802176475524902344e+00,-1.555342674255371094e+01
-1.528430843353271484e+01,-6.206224918365478516e+00,-1.060151672363281250e+01,-6.129054069519042969e+00,-1.553549098968505859e+01
-1.512739849090576172e+01,-6.482625484466552734e+00,-1.058034896850585938e+01,-5.732545375823974609e+00,-1.546541500091552734e+01
-1.499997043609619141e+01,-6.760820388793945312e+00,-1.049270915985107422e+01,-5.473930835723876953e+00,-1.533614158630371094e+01
-1.486681365966796875e+01,-7.072367668151855469e+00,-1.039900970458984375e+01,-5.282021045684814453e+00,-1.520333957672119141e+01
-1.480138015747070312e+01,-7.404648780822753906e+00,-1.032902145385742188e+01,-5.143215656280517578e+00,-1.504085636138916016e+01
-1.491062736511230469e+01,-7.744813442230224609e+00,-1.029863357543945312e+01,-5.049138069152832031e+00,-1.488454627990722656e+01
-1.500471878051757812e+01,-8.111276626586914062e+00,-1.035824108123779297e+01,-4.978048801422119141e+00,-1.480346202850341797e+01
-1.522211742401123047e+01,-8.526723861694335938e+00,-1.042620468139648438e+01,-4.899237155914306641e+00,-1.478612995147705078e+01
-1.562672996520996094e+01,-8.947498321533203125e+00,-1.049134445190429688e+01,-4.831697463989257812e+00,-1.487264060974121094e+01
-1.575812053680419922e+01,-9.390035629272460938e+00,-1.064936256408691406e+01,-4.758154392242431641e+00,-1.504479026794433594e+01
-1.591273212432861328e+01,-9.851865768432617188e+00,-1.082901191711425781e+01,-4.689223766326904297e+00,-1.527238559722900391e+01
-1.614259147644042969e+01,-1.024841022491455078e+01,-1.096970367431640625e+01,-4.631330013275146484e+00,-1.539553546905517578e+01
-1.651109695434570312e+01,-1.061615180969238281e+01,-1.109818077087402344e+01,-4.593961715698242188e+00,-1.546034908294677734e+01
-1.674779319763183594e+01,-1.100023078918457031e+01,-1.127358245849609375e+01,-4.556694507598876953e+00,-1.551798152923583984e+01
-1.678781318664550781e+01,-1.136274242401123047e+01,-1.145910835266113281e+01,-4.518733024597167969e+00,-1.557051467895507812e+01
-1.662978363037109375e+01,-1.169549179077148438e+01,-1.162620353698730469e+01,-4.474730014801025391e+00,-1.558721923828125000e+01
-1.633600997924804688e+01,-1.200390338897705078e+01,-1.176470756530761719e+01,-4.430099010467529297e+00,-1.556789207458496094e+01
-1.604564285278320312e+01,-1.224625205993652344e+01,-1.184663963317871094e+01,-4.390181064605712891e+00,-1.545201110839843750e+01
-1.574532794952392578e+01,-1.242179775238037109e+01,-1.188250923156738281e+01,-4.361754417419433594e+00,-1.527237033843994141e+01
-1.521675109863281250e+01,-1.256369113922119141e+01,-1.192963981628417969e+01,-4.338233947753906250e+00,-1.506037712097167969e+01
-1.468751716613769531e+01,-1.268217086791992188e+01,-1.195218658447265625e+01,-4.323311805725097656e+00,-1.485881233215332031e+01
-1.415754413604736328e+01,-1.273966979980468750e+01,-1.192900085449218750e+01,-4.313252925872802734e+00,-1.452346324920654297e+01
-1.373753833770751953e+01,-1.278518199920654297e+01,-1.189383697509765625e+01,-4.312675476074218750e+00,-1.421096706390380859e+01
-1.335658168792724609e+01,-1.285286045074462891e+01,-1.184518432617187500e+01,-4.310262203216552734e+00,-1.400191974639892578e+01
-1.295762538909912109e+01,-1.292232322692871094e+01,-1.181627655029296875e+01,-4.301390647888183594e+00,-1.384269428253173828e+01
-1.257283782958984375e+01,-1.298528003692626953e+01,-1.177196693420410156e+01,-4.294746398925781250e+00,-1.369621372222900391e+01
-1.282548809051513672e+01,-1.301809406280517578e+01,-1.166064834594726562e+01,-4.288836002349853516e+00,-1.353418731689453125e+01
-1.339299774169921875e+01,-1.305096149444580078e+01,-1.150818634033203125e+01,-4.291390419006347656e+00,-1.345215415954589844e+01
-1.428370952606201172e+01,-1.306475353240966797e+01,-1.138684463500976562e+01,-4.301984786987304688e+00,-1.345196723937988281e+01
-1.495234775543212891e+01,-1.302617740631103516e+01,-1.130286979675292969e+01,-4.317521572113037109e+00,-1.337218856811523438e+01
-1.559895038604736328e+01,-1.297133159637451172e+01,-1.125263404846191406e+01,-4.335390090942382812e+00,-1.334115695953369141e+01
-1.610086441040039062e+01,-1.291431903839111328e+01,-1.123603439331054688e+01,-4.351342678070068359e+00,-1.332365989685058594e+01
-1.657804489135742188e+01,-1.284075355529785156e+01,-1.123317718505859375e+01,-4.373936653137207031e+00,-1.331379795074462891e+01
-1.713201332092285156e+01,-1.274212455749511719e+01,-1.123392677307128906e+01,-4.406254768371582031e+00,-1.335242843627929688e+01
-1.777949333190917969e+01,-1.263973045349121094e+01,-1.125228691101074219e+01,-4.442878246307373047e+00,-1.346594429016113281e+01
-1.830476188659667969e+01,-1.257000923156738281e+01,-1.126780128479003906e+01,-4.475321769714355469e+00,-1.354998207092285156e+01
-1.865743255615234375e+01,-1.253999137878417969e+01,-1.130077743530273438e+01,-4.501841545104980469e+00,-1.362949943542480469e+01
-1.887349891662597656e+01,-1.252886295318603516e+01,-1.133593559265136719e+01,-4.516682147979736328e+00,-1.362567901611328125e+01
-1.894764518737792969e+01,-1.251579666137695312e+01,-1.137377166748046875e+01,-4.524909496307373047e+00,-1.354028606414794922e+01
-1.888244056701660156e+01,-1.250120544433593750e+01,-1.140086364746093750e+01,-4.526407718658447266e+00,-1.344951820373535156e+01
-1.870521926879882812e+01,-1.254479980468750000e+01,-1.139031028747558594e+01,-4.522595882415771484e+00,-1.335387802124023438e+01
-1.848671531677246094e+01,-1.258308792114257812e+01,-1.136490631103515625e+01,-4.512719631195068359e+00,-1.322846889495849609e+01
-1.823861885070800781e+01,-1.261735343933105469e+01,-1.132886505126953125e+01,-4.507789134979248047e+00,-1.306284523010253906e+01
-1.801454925537109375e+01,-1.265511035919189453e+01,-1.127915382385253906e+01,-4.507787227630615234e+00,-1.289110469818115234e+01
-1.752767372131347656e+01,-1.268425941467285156e+01,-1.121783638000488281e+01,-4.500459194183349609e+00,-1.256683158874511719e+01
-1.673804283142089844e+01,-1.273021697998046875e+01,-1.105774307250976562e+01,-4.502217769622802734e+00,-1.187364864349365234e+01
-1.538523578643798828e+01,-1.271610355377197266e+01,-1.072241973876953125e+01,-4.531948566436767578e+00,-1.054059123992919922e+01
-1.366138172149658203e+01,-1.264663219451904297e+01,-1.029582500457763672e+01,-4.584912300109863281e+00,-8.770016670227050781e+00
-1.222069931030273438e+01,-1.251387023925781250e+01,-9.881731033325195312e+00,-4.665380954742431641e+00,-7.020944595336914062e+00
-1.147294712066650391e+01,-1.237359428405761719e+01,-9.555911064147949219e+00,-4.824273586273193359e+00,-5.778665542602539062e+00
-1.134118652343750000e+01,-1.224268722534179688e+01,-9.364642143249511719e+00,-5.056418418884277344e+00,-5.173164367675781250e+00
-1.150161266326904297e+01,-1.213571929931640625e+01,-9.253721237182617188e+00,-5.257440567016601562e+00,-5.013422966003417969e+00
-1.195571041107177734e+01,-1.199392414093017578e+01,-9.177680015563964844e+00,-5.343907833099365234e+00,-5.161068916320800781e+00
-1.265457153320312500e+01,-1.186654663085937500e+01,-9.127231597900390625e+00,-5.214881420135498047e+00,-5.693834304809570312e+00
-1.366466712951660156e+01,-1.179559326171875000e+01,-9.101732254028320312e+00,-4.975307941436767578e+00,-6.643985748291015625e+00
-1.465868377685546875e+01,-1.173613739013671875e+01,-9.065467834472656250e+00,-4.848394870758056641e+00,-7.563293457031250000e+00
-1.542658042907714844e+01,-1.171477794647216797e+01,-9.100049972534179688e+00,-4.769272804260253906e+00,-8.493492126464843750e+00
-1.591769695281982422e+01,-1.179873657226562500e+01,-9.236724853515625000e+00,-4.704383373260498047e+00,-9.493338584899902344e+00
-1.613300132751464844e+01,-1.196084022521972656e+01,-9.502196311950683594e+00,-4.649525642395019531e+00,-1.047395324707031250e+01
-1.621102714538574219e+01,-1.213995838165283203e+01,-9.746900558471679688e+00,-4.594258785247802734e+00,-1.119116592407226562e+01
-1.605100059509277344e+01,-1.230242538452148438e+01,-9.865813255310058594e+00,-4.552603721618652344e+00,-1.155172729492187500e+01
-1.609879875183105469e+01,-1.238929843902587891e+01,-9.925134658813476562e+00,-4.536629676818847656e+00,-1.177882385253906250e+01
-1.607204246520996094e+01,-1.240751266479492188e+01,-9.978693008422851562e+00,-4.527582168579101562e+00,-1.190548229217529297e+01
-1.593822860717773438e+01,-1.242688465118408203e+01,-1.001678180694580078e+01,-4.520847797393798828e+00,-1.202473640441894531e+01
-1.571973037719726562e+01,-1.242694664001464844e+01,-1.008200836181640625e+01,-4.514547824859619141e+00,-1.210350608825683594e+01
-1.537058830261230469e+01,-1.242327117919921875e+01,-1.008460807800292969e+01,-4.505308628082275391e+00,-1.204052066802978516e+01
-1.508519840240478516e+01,-1.240582084655761719e+01,-1.005374336242675781e+01,-4.499530792236328125e+00,-1.193277931213378906e+01
-1.495471286773681641e+01,-1.238242340087890625e+01,-1.003230285644531250e+01,-4.494305610656738281e+00,-1.186758899688720703e+01
-1.473733043670654297e+01,-1.239237022399902344e+01,-9.974554061889648438e+00,-4.490363597869873047e+00,-1.179936408996582031e+01
-1.462190914154052734e+01,-1.242653369903564453e+01,-9.963994979858398438e+00,-4.483293056488037109e+00,-1.183856582641601562e+01
-1.459631919860839844e+01,-1.243775367736816406e+01,-9.988098144531250000e+00,-4.477215290069580078e+00,-1.191773605346679688e+01
-1.451038455963134766e+01,-1.244420051574707031e+01,-1.001985740661621094e+01,-4.476752281188964844e+00,-1.198515510559082031e+01
-1.447853469848632812e+01,-1.245674514770507812e+01,-1.004206657409667969e+01,-4.477328300476074219e+00,-1.207011985778808594e+01
-1.435548591613769531e+01,-1.252252197265625000e+01,-1.004366874694824219e+01,-4.465977191925048828e+00,-1.223003196716308594e+01
-1.426439571380615234e+01,-1.261392784118652344e+01,-1.004216480255126953e+01,-4.452478885650634766e+00,-1.234340572357177734e+01
-1.421740531921386719e+01,-1.272719764709472656e+01,-1.007667350769042969e+01,-4.432608127593994141e+00,-1.249623203277587891e+01
-1.434721469879150391e+01,-1.282852554321289062e+01,-1.020322990417480469e+01,-4.409716606140136719e+00,-1.269265174865722656e+01
-1.466095924377441406e+01,-1.291847896575927734e+01,-1.037261295318603516e+01,-4.388916969299316406e+00,-1.294339847564697266e+01
-1.514875602722167969e+01,-1.300356101989746094e+01,-1.053370285034179688e+01,-4.377822399139404297e+00,-1.314289855957031250e+01
-1.559757995605468750e+01,-1.304566860198974609e+01,-1.066499519348144531e+01,-4.377845764160156250e+00,-1.326745128631591797e+01
-1.596716690063476562e+01,-1.305010318756103516e+01,-1.077034759521484375e+01,-4.380380153656005859e+00,-1.331235408782958984e+01
-1.631308174133300781e+01,-1.303882122039794922e+01,-1.089426231384277344e+01,-4.386688709259033203e+00,-1.339882564544677734e+01
-1.666760253906250000e+01,-1.303312015533447266e+01,-1.100770759582519531e+01,-4.399082660675048828e+00,-1.348717117309570312e+01
-1.687125778198242188e+01,-1.301082706451416016e+01,-1.111812400817871094e+01,-4.408398151397705078e+00,-1.347678661346435547e+01
-1.692926216125488281e+01,-1.302422046661376953e+01,-1.116546249389648438e+01,-4.415575504302978516e+00,-1.335942173004150391e+01
-1.685706520080566406e+01,-1.303369331359863281e+01,-1.120899200439453125e+01,-4.423406124114990234e+00,-1.319338226318359375e+01
-1.679828071594238281e+01,-1.297577762603759766e+01,-1.123966407775878906e+01,-4.441236019134521484e+00,-1.297160625457763672e+01
-1.664131927490234375e+01,-1.288053321838378906e+01,-1.120379447937011719e+01,-4.465024471282958984e+00,-1.256614875793457031e+01
-1.620879936218261719e+01,-1.275928878784179688e+01,-1.102425575256347656e+01,-4.495728492736816406e+00,-1.185533809661865234e+01
-1.548954296112060547e+01,-1.257569026947021484e+01,-1.079464340209960938e+01,-4.534909725189208984e+00,-1.094681358337402344e+01
-1.472350978851318359e+01,-1.233618736267089844e+01,-1.045246505737304688e+01,-4.577765941619873047e+00,-9.801084518432617188e+00
-1.383370780944824219e+01,-1.204618740081787109e+01,-1.002346515655517578e+01,-4.643943309783935547e+00,-8.461267471313476562e+00
-1.326647472381591797e+01,-1.176112937927246094e+01,-9.597532272338867188e+00,-4.713654518127441406e+00,-7.338180541992187500e+00
-1.308899784088134766e+01,-1.153377246856689453e+01,-9.237024307250976562e+00,-4.857290744781494141e+00,-6.525985717773437500e+00
-1.303623390197753906e+01,-1.137908554077148438e+01,-8.943083763122558594e+00,-5.089385986328125000e+00,-6.015832901000976562e+00
-1.296600723266601562e+01,-1.131649017333984375e+01,-8.662105560302734375e+00,-5.482142925262451172e+00,-5.596111297607421875e+00
-1.266362953186035156e+01,-1.144013023376464844e+01,-8.399092674255371094e+00,-6.181675434112548828e+00,-5.078641891479492188e+00
-1.187734413146972656e+01,-1.185345649719238281e+01,-8.311450958251953125e+00,-7.463748931884765625e+00,-4.428995132446289062e+00
-1.064111995697021484e+01,-1.252296447753906250e+01,-8.481874465942382812e+00,-9.157310485839843750e+00,-3.923226594924926758e+00
-9.566419601440429688e+00,-1.321519851684570312e+01,-8.826021194458007812e+00,-1.088348960876464844e+01,-3.667256593704223633e+00
-8.769020080566406250e+00,-1.376840686798095703e+01,-9.107931137084960938e+00,-1.220116043090820312e+01,-3.563802957534790039e+00
-8.241889953613281250e+00,-1.413183307647705078e+01,-9.285099029541015625e+00,-1.309453392028808594e+01,-3.520375490188598633e+00
-7.956694602966308594e+00,-1.434033012390136719e+01,-9.396345138549804688e+00,-1.369700813293457031e+01,-3.503952264785766602e+00
-7.754027843475341797e+00,-1.448550510406494141e+01,-9.445223808288574219e+00,-1.406689643859863281e+01,-3.489241838455200195e+00
-7.588774204254150391e+00,-1.457948970794677734e+01,-9.469701766967773438e+00,-1.427924346923828125e+01,-3.476100206375122070e+00
-7.491769313812255859e+00,-1.465012645721435547e+01,-9.480659484863281250e+00,-1.439239501953125000e+01,-3.465752840042114258e+00
-7.480582714080810547e+00,-1.468655014038085938e+01,-9.494066238403320312e+00,-1.442204284667968750e+01,-3.455250978469848633e+00
-7.586338520050048828e+00,-1.467290973663330078e+01,-9.519710540771484375e+00,-1.445107650756835938e+01,-3.449418306350708008e+00
-7.680208683013916016e+00,-1.463498878479003906e+01,-9.553938865661621094e+00,-1.443071365356445312e+01,-3.445698976516723633e+00
-7.849469184875488281e+00,-1.460140705108642578e+01,-9.567394256591796875e+00,-1.442345237731933594e+01,-3.450454950332641602e+00
-8.070173263549804688e+00,-1.456439590454101562e+01,-9.556029319763183594e+00,-1.440781402587890625e+01,-3.454978227615356445e+00
-8.207925796508789062e+00,-1.452193355560302734e+01,-9.551704406738281250e+00,-1.439488792419433594e+01,-3.452521562576293945e+00
-8.311586380004882812e+00,-1.447490119934082031e+01,-9.559485435485839844e+00,-1.436568832397460938e+01,-3.456856966018676758e+00
-8.373302459716796875e+00,-1.442535877227783203e+01,-9.572353363037109375e+00,-1.434344673156738281e+01,-3.461833238601684570e+00
-8.409368515014648438e+00,-1.438342380523681641e+01,-9.578090667724609375e+00,-1.428737258911132812e+01,-3.469481706619262695e+00
-8.422780990600585938e+00,-1.435881519317626953e+01,-9.582197189331054688e+00,-1.421441841125488281e+01,-3.477276086807250977e+00
-8.323335647583007812e+00,-1.436271858215332031e+01,-9.594042778015136719e+00,-1.413834190368652344e+01,-3.479626893997192383e+00
-8.168680191040039062e+00,-1.437554740905761719e+01,-9.609691619873046875e+00,-1.400904273986816406e+01,-3.484248399734497070e+00
-7.944553375244140625e+00,-1.438924121856689453e+01,-9.629465103149414062e+00,-1.380045127868652344e+01,-3.492880105972290039e+00
-7.684464454650878906e+00,-1.443289279937744141e+01,-9.648508071899414062e+00,-1.360117912292480469e+01,-3.495530366897583008e+00
-7.398664951324462891e+00,-1.447313976287841797e+01,-9.680232048034667969e+00,-1.344584465026855469e+01,-3.486307382583618164e+00
-7.076063632965087891e+00,-1.448887538909912109e+01,-9.734275817871093750e+00,-1.338204574584960938e+01,-3.470494508743286133e+00
-6.677223205566406250e+00,-1.449839305877685547e+01,-9.790480613708496094e+00,-1.337065696716308594e+01,-3.457992792129516602e+00
-6.155007362365722656e+00,-1.449086856842041016e+01,-9.845624923706054688e+00,-1.314477157592773438e+01,-3.468023538589477539e+00
-6.036214828491210938e+00,-1.449580001831054688e+01,-9.872453689575195312e+00,-1.309663200378417969e+01,-3.442816972732543945e+00
-5.813762664794921875e+00,-1.448742961883544922e+01,-9.907604217529296875e+00,-1.302083587646484375e+01,-3.420378923416137695e+00
-5.656402587890625000e+00,-1.447342967987060547e+01,-9.940046310424804688e+00,-1.301097106933593750e+01,-3.398206949234008789e+00
-5.096142768859863281e+00,-1.446209716796875000e+01,-9.973960876464843750e+00,-1.288492012023925781e+01,-3.369331598281860352e+00
-2.746370621025562286e-02,-1.427467536926269531e+01,-1.014396190643310547e+01,-1.218624114990234375e+01,-3.694910287857055664e+00
