-1.589153194427490234e+01,-6.138528823852539062e+00,-6.944655418395996094e+00,-8.612087249755859375e+00,-7.993320465087890625e+00
-1.524478530883789062e+01,-6.024826049804687500e+00,-6.953320980072021484e+00,-9.318161010742187500e+00,-8.039731025695800781e+00
-1.515756225585937500e+01,-6.004806995391845703e+00,-7.020735740661621094e+00,-1.001451301574707031e+01,-8.166187286376953125e+00
-1.632697486877441406e+01,-5.945069313049316406e+00,-7.243699550628662109e+00,-1.105078697204589844e+01,-8.397380828857421875e+00
-1.785247039794921875e+01,-5.878304481506347656e+00,-7.719908237457275391e+00,-1.213502597808837891e+01,-8.805008888244628906e+00
-1.893718147277832031e+01,-5.855303764343261719e+00,-8.359622955322265625e+00,-1.293017864227294922e+01,-9.209179878234863281e+00
-1.958541488647460938e+01,-5.867521762847900391e+00,-9.165176391601562500e+00,-1.343979930877685547e+01,-9.584420204162597656e+00
-1.991931915283203125e+01,-5.897255897521972656e+00,-9.973903656005859375e+00,-1.370156764984130859e+01,-9.875184059143066406e+00
-2.001931762695312500e+01,-5.921544075012207031e+00,-1.062332916259765625e+01,-1.373688125610351562e+01,-1.004024696350097656e+01
-1.962314987182617188e+01,-5.914458751678466797e+00,-1.156882476806640625e+01,-1.349710559844970703e+01,-1.025710678100585938e+01
-1.898789978027343750e+01,-5.906364440917968750e+00,-1.257982540130615234e+01,-1.311824512481689453e+01,-1.036413478851318359e+01
-1.870712661743164062e+01,-5.897419929504394531e+00,-1.310570716857910156e+01,-1.300349521636962891e+01,-1.033549594879150391e+01
-1.875296783447265625e+01,-5.893630504608154297e+00,-1.338397407531738281e+01,-1.315583133697509766e+01,-1.027020168304443359e+01
-1.885332107543945312e+01,-5.892889976501464844e+00,-1.354501056671142578e+01,-1.341097545623779297e+01,-1.021886539459228516e+01
-1.888912773132324219e+01,-5.884686470031738281e+00,-1.364212226867675781e+01,-1.357839870452880859e+01,-1.021557044982910156e+01
-1.903506851196289062e+01,-5.879281520843505859e+00,-1.368746757507324219e+01,-1.367382335662841797e+01,-1.027428817749023438e+01
-1.909737586975097656e+01,-5.882109642028808594e+00,-1.382737445831298828e+01,-1.371877765655517578e+01,-1.032624626159667969e+01
-1.919950103759765625e+01,-5.890867710113525391e+00,-1.390071868896484375e+01,-1.380683040618896484e+01,-1.032932186126708984e+01
-1.919729804992675781e+01,-5.891658306121826172e+00,-1.399310684204101562e+01,-1.387997531890869141e+01,-1.030074882507324219e+01
-1.917326354980468750e+01,-5.892649650573730469e+00,-1.408272743225097656e+01,-1.393790149688720703e+01,-1.030097579956054688e+01
-1.907670211791992188e+01,-5.888392448425292969e+00,-1.416804981231689453e+01,-1.393629837036132812e+01,-1.030881786346435547e+01
-1.893221664428710938e+01,-5.883523464202880859e+00,-1.426885604858398438e+01,-1.389602947235107422e+01,-1.032159996032714844e+01
-1.877063751220703125e+01,-5.880066394805908203e+00,-1.431713676452636719e+01,-1.381665325164794922e+01,-1.030738925933837891e+01
-1.869000434875488281e+01,-5.877583503723144531e+00,-1.430915355682373047e+01,-1.376012897491455078e+01,-1.029207992553710938e+01
-1.865292739868164062e+01,-5.882157325744628906e+00,-1.423841476440429688e+01,-1.380680942535400391e+01,-1.024646949768066406e+01
-1.861753845214843750e+01,-5.885081291198730469e+00,-1.415264034271240234e+01,-1.383600902557373047e+01,-1.020937347412109375e+01
-1.854352188110351562e+01,-5.882827758789062500e+00,-1.409851074218750000e+01,-1.379057121276855469e+01,-1.022442340850830078e+01
-1.849906730651855469e+01,-5.886522769927978516e+00,-1.412184143066406250e+01,-1.376371383666992188e+01,-1.021239280700683594e+01
-1.854049491882324219e+01,-5.883828163146972656e+00,-1.414500141143798828e+01,-1.376321125030517578e+01,-1.018797874450683594e+01
-1.856052970886230469e+01,-5.874617099761962891e+00,-1.416843128204345703e+01,-1.370705127716064453e+01,-1.016536998748779297e+01
-1.812623596191406250e+01,-5.862092018127441406e+00,-1.416855907440185547e+01,-1.343542766571044922e+01,-1.010855197906494141e+01
-1.802826118469238281e+01,-5.862864494323730469e+00,-1.427149391174316406e+01,-1.331969165802001953e+01,-1.008360385894775391e+01
-1.809477424621582031e+01,-5.862804412841796875e+00,-1.433668231964111328e+01,-1.337248325347900391e+01,-1.006850147247314453e+01
-1.822425460815429688e+01,-5.858666419982910156e+00,-1.434998798370361328e+01,-1.338034534454345703e+01,-1.008794689178466797e+01
-1.841962814331054688e+01,-5.852694511413574219e+00,-1.437836074829101562e+01,-1.334746265411376953e+01,-1.014953899383544922e+01
-1.856221771240234375e+01,-5.848582744598388672e+00,-1.443857765197753906e+01,-1.332715892791748047e+01,-1.026152229309082031e+01
-1.863691139221191406e+01,-5.844745159149169922e+00,-1.449226474761962891e+01,-1.330897617340087891e+01,-1.034141445159912109e+01
-1.868430709838867188e+01,-5.839415073394775391e+00,-1.453557300567626953e+01,-1.326774787902832031e+01,-1.039991283416748047e+01
-1.878114700317382812e+01,-5.832674026489257812e+00,-1.450250720977783203e+01,-1.321862125396728516e+01,-1.043338394165039062e+01
-1.884741401672363281e+01,-5.829126358032226562e+00,-1.445487785339355469e+01,-1.318152713775634766e+01,-1.046628284454345703e+01
-1.883323097229003906e+01,-5.830282688140869141e+00,-1.450680828094482422e+01,-1.320135021209716797e+01,-1.049844741821289062e+01
-1.883993721008300781e+01,-5.830920696258544922e+00,-1.454778385162353516e+01,-1.319669628143310547e+01,-1.055077171325683594e+01
-1.873224258422851562e+01,-5.831001758575439453e+00,-1.461015987396240234e+01,-1.313101100921630859e+01,-1.057429122924804688e+01
-1.868038940429687500e+01,-5.835970401763916016e+00,-1.461506080627441406e+01,-1.310304164886474609e+01,-1.056874847412109375e+01
-1.860454559326171875e+01,-5.836832046508789062e+00,-1.457623767852783203e+01,-1.309294891357421875e+01,-1.052697086334228516e+01
-1.857120513916015625e+01,-5.838760375976562500e+00,-1.448765373229980469e+01,-1.311224365234375000e+01,-1.048894596099853516e+01
-1.857639312744140625e+01,-5.838815689086914062e+00,-1.433060264587402344e+01,-1.312387561798095703e+01,-1.044973468780517578e+01
-1.856989097595214844e+01,-5.845126628875732422e+00,-1.412831592559814453e+01,-1.320280551910400391e+01,-1.038678932189941406e+01
-1.842515373229980469e+01,-5.850968837738037109e+00,-1.402472114562988281e+01,-1.330385684967041016e+01,-1.034288787841796875e+01
-1.835870552062988281e+01,-5.860421657562255859e+00,-1.397809982299804688e+01,-1.347943401336669922e+01,-1.026681041717529297e+01
-1.826238822937011719e+01,-5.872972488403320312e+00,-1.380989933013916016e+01,-1.358716297149658203e+01,-1.014684486389160156e+01
-1.813625717163085938e+01,-5.894661426544189453e+00,-1.354781150817871094e+01,-1.366116237640380859e+01,-1.000407695770263672e+01
-1.760845375061035156e+01,-5.897490501403808594e+00,-1.352209377288818359e+01,-1.343627071380615234e+01,-9.913481712341308594e+00
-1.698547172546386719e+01,-5.896715164184570312e+00,-1.356180572509765625e+01,-1.306726741790771484e+01,-9.840202331542968750e+00
-1.691109848022460938e+01,-5.892607688903808594e+00,-1.342518806457519531e+01,-1.291751956939697266e+01,-9.811227798461914062e+00
-1.706425666809082031e+01,-5.890609741210937500e+00,-1.330398845672607422e+01,-1.302495098114013672e+01,-9.795663833618164062e+00
-1.731322860717773438e+01,-5.890656471252441406e+00,-1.320862293243408203e+01,-1.325324344635009766e+01,-9.795229911804199219e+00
-1.770865631103515625e+01,-5.889625549316406250e+00,-1.319412136077880859e+01,-1.345064258575439453e+01,-9.861699104309082031e+00
-1.831389617919921875e+01,-5.885623455047607422e+00,-1.322956562042236328e+01,-1.360339260101318359e+01,-1.002597427368164062e+01
-1.895868492126464844e+01,-5.881569385528564453e+00,-1.326855659484863281e+01,-1.369329833984375000e+01,-1.021781921386718750e+01
-1.950189018249511719e+01,-5.874940872192382812e+00,-1.336253929138183594e+01,-1.371607303619384766e+01,-1.043658065795898438e+01
-1.988588905334472656e+01,-5.867912292480468750e+00,-1.342240142822265625e+01,-1.369508647918701172e+01,-1.060448169708251953e+01
-2.015036010742187500e+01,-5.864544868469238281e+00,-1.350293731689453125e+01,-1.369070148468017578e+01,-1.074226284027099609e+01
-2.029537010192871094e+01,-5.861577987670898438e+00,-1.358004474639892578e+01,-1.368858814239501953e+01,-1.082723140716552734e+01
-2.034874343872070312e+01,-5.851195335388183594e+00,-1.358646869659423828e+01,-1.360877323150634766e+01,-1.088967609405517578e+01
-2.037745666503906250e+01,-5.847971916198730469e+00,-1.355570983886718750e+01,-1.353592395782470703e+01,-1.092552661895751953e+01
-2.036982154846191406e+01,-5.845814704895019531e+00,-1.351186180114746094e+01,-1.350280666351318359e+01,-1.093060493469238281e+01
-2.032664299011230469e+01,-5.843636989593505859e+00,-1.344837856292724609e+01,-1.349116992950439453e+01,-1.092192459106445312e+01
-2.029412651062011719e+01,-5.842410564422607422e+00,-1.335112571716308594e+01,-1.347276210784912109e+01,-1.090393638610839844e+01
-2.027418136596679688e+01,-5.845296859741210938e+00,-1.327805233001708984e+01,-1.349795055389404297e+01,-1.087825679779052734e+01
-2.024243354797363281e+01,-5.849526882171630859e+00,-1.319532966613769531e+01,-1.358812236785888672e+01,-1.084445381164550781e+01
-2.021464920043945312e+01,-5.851449966430664062e+00,-1.309732151031494141e+01,-1.362271595001220703e+01,-1.084359836578369141e+01
-2.018758583068847656e+01,-5.855358600616455078e+00,-1.295385551452636719e+01,-1.362961101531982422e+01,-1.083361339569091797e+01
-2.020545578002929688e+01,-5.863288402557373047e+00,-1.278405761718750000e+01,-1.363093471527099609e+01,-1.079310512542724609e+01
-2.019934463500976562e+01,-5.867325782775878906e+00,-1.260176944732666016e+01,-1.360284137725830078e+01,-1.075101280212402344e+01
-2.011842918395996094e+01,-5.873629570007324219e+00,-1.238999462127685547e+01,-1.358201694488525391e+01,-1.069041347503662109e+01
-2.008687210083007812e+01,-5.887235164642333984e+00,-1.202478408813476562e+01,-1.358627223968505859e+01,-1.057283115386962891e+01
-2.008024406433105469e+01,-5.899441719055175781e+00,-1.164308166503906250e+01,-1.361721706390380859e+01,-1.043838787078857422e+01
-2.009803771972656250e+01,-5.904697418212890625e+00,-1.137851619720458984e+01,-1.363200092315673828e+01,-1.037205886840820312e+01
-2.010865974426269531e+01,-5.904394149780273438e+00,-1.132300376892089844e+01,-1.366262722015380859e+01,-1.037386035919189453e+01
-2.006374931335449219e+01,-5.900932312011718750e+00,-1.149304676055908203e+01,-1.368633556365966797e+01,-1.044056320190429688e+01
-2.003912353515625000e+01,-5.900079727172851562e+00,-1.165301799774169922e+01,-1.365915775299072266e+01,-1.052191734313964844e+01
-2.000777244567871094e+01,-5.894024372100830078e+00,-1.186510372161865234e+01,-1.360108757019042969e+01,-1.060063362121582031e+01
-1.990794944763183594e+01,-5.892702102661132812e+00,-1.213642215728759766e+01,-1.358161258697509766e+01,-1.063297653198242188e+01
-1.983781623840332031e+01,-5.891367435455322266e+00,-1.235794353485107422e+01,-1.354130458831787109e+01,-1.063959884643554688e+01
-1.977224159240722656e+01,-5.888136863708496094e+00,-1.256695556640625000e+01,-1.348762607574462891e+01,-1.063836002349853516e+01
-1.953450965881347656e+01,-5.882692337036132812e+00,-1.278093338012695312e+01,-1.339908123016357422e+01,-1.060965442657470703e+01
-1.895228576660156250e+01,-5.889853477478027344e+00,-1.281805801391601562e+01,-1.315344715118408203e+01,-1.046523475646972656e+01
-1.809923362731933594e+01,-5.885584354400634766e+00,-1.279510116577148438e+01,-1.298685741424560547e+01,-1.028773117065429688e+01
-1.737405395507812500e+01,-5.900767326354980469e+00,-1.266329383850097656e+01,-1.278027915954589844e+01,-1.003522396087646484e+01
-1.608832359313964844e+01,-5.907588958740234375e+00,-1.262323093414306641e+01,-1.261193180084228516e+01,-9.838838577270507812e+00
-1.564148044586181641e+01,-5.916850090026855469e+00,-1.265856742858886719e+01,-1.273922538757324219e+01,-9.656852722167968750e+00
-1.610535812377929688e+01,-5.908376693725585938e+00,-1.291907978057861328e+01,-1.306247234344482422e+01,-9.637863159179687500e+00
-1.672643852233886719e+01,-5.893224716186523438e+00,-1.313818550109863281e+01,-1.317404460906982422e+01,-9.813676834106445312e+00
-1.723089408874511719e+01,-5.876098155975341797e+00,-1.322200012207031250e+01,-1.304933071136474609e+01,-1.002927970886230469e+01
-1.768794441223144531e+01,-5.861740589141845703e+00,-1.316675567626953125e+01,-1.294927406311035156e+01,-1.016064739227294922e+01
-1.800803184509277344e+01,-5.847941398620605469e+00,-1.302122116088867188e+01,-1.285828685760498047e+01,-1.021162033081054688e+01
-1.815888595581054688e+01,-5.836578845977783203e+00,-1.281738662719726562e+01,-1.272556972503662109e+01,-1.024100112915039062e+01
-1.840320587158203125e+01,-5.826832771301269531e+00,-1.266964912414550781e+01,-1.265407848358154297e+01,-1.031979465484619141e+01
-1.854688644409179688e+01,-5.832061290740966797e+00,-1.269525814056396484e+01,-1.268725681304931641e+01,-1.035694980621337891e+01
-1.860244560241699219e+01,-5.839045524597167969e+00,-1.275011348724365234e+01,-1.270548534393310547e+01,-1.038556957244873047e+01
-1.856635093688964844e+01,-5.845108985900878906e+00,-1.281983661651611328e+01,-1.268645381927490234e+01,-1.040769195556640625e+01
-1.849446296691894531e+01,-5.844975948333740234e+00,-1.282996463775634766e+01,-1.262619113922119141e+01,-1.040106391906738281e+01
-1.837997055053710938e+01,-5.840929031372070312e+00,-1.281780052185058594e+01,-1.253779029846191406e+01,-1.038163089752197266e+01
-1.830507469177246094e+01,-5.835593700408935547e+00,-1.282032966613769531e+01,-1.246334552764892578e+01,-1.035372352600097656e+01
-1.824274635314941406e+01,-5.836905002593994141e+00,-1.288485145568847656e+01,-1.245225048065185547e+01,-1.032858180999755859e+01
-1.810886192321777344e+01,-5.836668491363525391e+00,-1.291828918457031250e+01,-1.239673328399658203e+01,-1.032871055603027344e+01
-1.797534751892089844e+01,-5.840201377868652344e+00,-1.296977996826171875e+01,-1.236373805999755859e+01,-1.034270858764648438e+01
-1.796094131469726562e+01,-5.844613075256347656e+00,-1.301341152191162109e+01,-1.236229419708251953e+01,-1.035027122497558594e+01
-1.802935218811035156e+01,-5.849518775939941406e+00,-1.298841285705566406e+01,-1.243578624725341797e+01,-1.031303691864013672e+01
-1.813141822814941406e+01,-5.860466957092285156e+00,-1.292946147918701172e+01,-1.260040664672851562e+01,-1.024973869323730469e+01
-1.824359321594238281e+01,-5.868191719055175781e+00,-1.293156242370605469e+01,-1.277491474151611328e+01,-1.023671054840087891e+01
-1.830195808410644531e+01,-5.873274326324462891e+00,-1.303524684906005859e+01,-1.287059402465820312e+01,-1.029109477996826172e+01
-1.823975372314453125e+01,-5.877461433410644531e+00,-1.316248989105224609e+01,-1.290226650238037109e+01,-1.035801601409912109e+01
-1.808322715759277344e+01,-5.884203433990478516e+00,-1.330145263671875000e+01,-1.292000961303710938e+01,-1.040867137908935547e+01
-1.808678627014160156e+01,-5.883722305297851562e+00,-1.348170185089111328e+01,-1.289064884185791016e+01,-1.046981525421142578e+01
-1.811885833740234375e+01,-5.882487297058105469e+00,-1.358693408966064453e+01,-1.285590171813964844e+01,-1.049499416351318359e+01
-1.816947555541992188e+01,-5.883052349090576172e+00,-1.369532394409179688e+01,-1.285177135467529297e+01,-1.051114654541015625e+01
-1.818416786193847656e+01,-5.879096508026123047e+00,-1.375355911254882812e+01,-1.280885982513427734e+01,-1.052135372161865234e+01
-1.800566101074218750e+01,-5.878720760345458984e+00,-1.380124187469482422e+01,-1.275399684906005859e+01,-1.052204704284667969e+01
-1.803568458557128906e+01,-5.874086380004882812e+00,-1.374362945556640625e+01,-1.270520877838134766e+01,-1.056247234344482422e+01
-1.807567405700683594e+01,-5.871996879577636719e+00,-1.363985157012939453e+01,-1.265298366546630859e+01,-1.058686923980712891e+01
-1.791043663024902344e+01,-5.873806953430175781e+00,-1.347877788543701172e+01,-1.254635238647460938e+01,-1.059947776794433594e+01
-1.753413963317871094e+01,-5.881359100341796875e+00,-1.334668445587158203e+01,-1.238891601562500000e+01,-1.062668037414550781e+01
-1.668838691711425781e+01,-5.886066436767578125e+00,-1.338440322875976562e+01,-1.191159725189208984e+01,-1.068558216094970703e+01
-1.673561859130859375e+01,-5.872222423553466797e+00,-1.352814865112304688e+01,-1.175470924377441406e+01,-1.079853057861328125e+01
-1.726244735717773438e+01,-5.854060649871826172e+00,-1.371947956085205078e+01,-1.176437854766845703e+01,-1.095270156860351562e+01
-1.803817558288574219e+01,-5.839004039764404297e+00,-1.392912197113037109e+01,-1.188610363006591797e+01,-1.111672592163085938e+01
-1.881110763549804688e+01,-5.826859951019287109e+00,-1.413057327270507812e+01,-1.195853042602539062e+01,-1.129934120178222656e+01
-1.941551971435546875e+01,-5.818453311920166016e+00,-1.420894908905029297e+01,-1.203736782073974609e+01,-1.144556903839111328e+01
-1.980387687683105469e+01,-5.810993194580078125e+00,-1.419527244567871094e+01,-1.210789966583251953e+01,-1.154990196228027344e+01
-1.997138023376464844e+01,-5.802239418029785156e+00,-1.417409610748291016e+01,-1.218332862854003906e+01,-1.160597991943359375e+01
-2.004857063293457031e+01,-5.793351173400878906e+00,-1.408915519714355469e+01,-1.230720520019531250e+01,-1.158738899230957031e+01
-2.005112075805664062e+01,-5.789684772491455078e+00,-1.399121570587158203e+01,-1.241555690765380859e+01,-1.152742576599121094e+01
-2.004862785339355469e+01,-5.789171695709228516e+00,-1.387558841705322266e+01,-1.249682903289794922e+01,-1.147729969024658203e+01
-2.001467514038085938e+01,-5.788080215454101562e+00,-1.374624824523925781e+01,-1.255343818664550781e+01,-1.142701148986816406e+01
-1.994108200073242188e+01,-5.789538383483886719e+00,-1.359505081176757812e+01,-1.259100246429443359e+01,-1.137558269500732422e+01
-1.983996582031250000e+01,-5.791118144989013672e+00,-1.343839550018310547e+01,-1.257633495330810547e+01,-1.134305953979492188e+01
-1.974589157104492188e+01,-5.793627738952636719e+00,-1.324601554870605469e+01,-1.258449363708496094e+01,-1.128571605682373047e+01
-1.968180274963378906e+01,-5.796936035156250000e+00,-1.303757190704345703e+01,-1.259384441375732422e+01,-1.122888946533203125e+01
-1.966508674621582031e+01,-5.802473545074462891e+00,-1.280460357666015625e+01,-1.263872814178466797e+01,-1.117167377471923828e+01
-1.969664382934570312e+01,-5.809012413024902344e+00,-1.257343864440917969e+01,-1.269190406799316406e+01,-1.112481403350830078e+01
-1.978097343444824219e+01,-5.818367958068847656e+00,-1.231820964813232422e+01,-1.278040981292724609e+01,-1.107981014251708984e+01
-1.980150985717773438e+01,-5.826739788055419922e+00,-1.208529281616210938e+01,-1.283560276031494141e+01,-1.105673313140869141e+01
-1.977359580993652344e+01,-5.835026264190673828e+00,-1.185484981536865234e+01,-1.286282062530517578e+01,-1.103964233398437500e+01
-1.973391532897949219e+01,-5.843813896179199219e+00,-1.158621120452880859e+01,-1.288820362091064453e+01,-1.100421428680419922e+01
-1.967828750610351562e+01,-5.850241184234619141e+00,-1.122600460052490234e+01,-1.291487598419189453e+01,-1.091921234130859375e+01
-1.969501304626464844e+01,-5.856552124023437500e+00,-1.082582664489746094e+01,-1.298267650604248047e+01,-1.081264495849609375e+01
-1.968190765380859375e+01,-5.859646320343017578e+00,-1.044438743591308594e+01,-1.302658557891845703e+01,-1.073316478729248047e+01
-1.964313888549804688e+01,-5.863814353942871094e+00,-1.002359008789062500e+01,-1.306142616271972656e+01,-1.064029884338378906e+01
-1.951076316833496094e+01,-5.868336200714111328e+00,-9.703651428222656250e+00,-1.306121540069580078e+01,-1.053688716888427734e+01
-1.927605628967285156e+01,-5.876253604888916016e+00,-9.224245071411132812e+00,-1.291830921173095703e+01,-1.039397239685058594e+01
-1.860235595703125000e+01,-5.896461486816406250e+00,-8.521692276000976562e+00,-1.264844036102294922e+01,-1.010579490661621094e+01
-1.739153671264648438e+01,-5.915824890136718750e+00,-7.815385818481445312e+00,-1.232161808013916016e+01,-9.680389404296875000e+00
-1.568468666076660156e+01,-5.945570945739746094e+00,-7.082335948944091797e+00,-1.172926616668701172e+01,-9.295025825500488281e+00
-1.529885292053222656e+01,-5.959247589111328125e+00,-6.536127090454101562e+00,-1.154390907287597656e+01,-9.003582000732421875e+00
-1.575229072570800781e+01,-5.920327663421630859e+00,-6.662800312042236328e+00,-1.158309745788574219e+01,-9.023761749267578125e+00
-1.647687911987304688e+01,-5.851821422576904297e+00,-7.463271617889404297e+00,-1.168179988861083984e+01,-9.298899650573730469e+00
-1.741688537597656250e+01,-5.812770366668701172e+00,-8.411828041076660156e+00,-1.184927272796630859e+01,-9.638393402099609375e+00
-1.822451782226562500e+01,-5.824691295623779297e+00,-9.025539398193359375e+00,-1.206445980072021484e+01,-9.892011642456054688e+00
-1.869071769714355469e+01,-5.838570594787597656e+00,-9.299471855163574219e+00,-1.228206157684326172e+01,-1.000574874877929688e+01
-1.877602005004882812e+01,-5.844708442687988281e+00,-9.151784896850585938e+00,-1.259243583679199219e+01,-9.883759498596191406e+00
-1.881910133361816406e+01,-5.853160381317138672e+00,-8.355827331542968750e+00,-1.293912029266357422e+01,-9.542253494262695312e+00
-1.886656951904296875e+01,-5.861068725585937500e+00,-7.191768646240234375e+00,-1.328149795532226562e+01,-9.189794540405273438e+00
-1.899958610534667969e+01,-5.874958992004394531e+00,-6.128384590148925781e+00,-1.350459671020507812e+01,-8.976091384887695312e+00
-1.916946411132812500e+01,-5.889457702636718750e+00,-5.419935226440429688e+00,-1.356795787811279297e+01,-8.939029693603515625e+00
-1.920664405822753906e+01,-5.911250591278076172e+00,-4.914565086364746094e+00,-1.337756633758544922e+01,-9.039371490478515625e+00
-1.924115180969238281e+01,-5.888328552246093750e+00,-4.756944656372070312e+00,-1.300082969665527344e+01,-9.268136978149414062e+00
-1.921227455139160156e+01,-5.822345733642578125e+00,-4.841272354125976562e+00,-1.246307659149169922e+01,-9.514822006225585938e+00
-1.913012504577636719e+01,-5.712860107421875000e+00,-5.258304119110107422e+00,-1.191781711578369141e+01,-9.784057617187500000e+00
-1.912457084655761719e+01,-5.624263286590576172e+00,-5.761205196380615234e+00,-1.137689399719238281e+01,-1.001447868347167969e+01
-1.897592544555664062e+01,-5.564676284790039062e+00,-6.227290153503417969e+00,-1.084496879577636719e+01,-1.019467926025390625e+01
-1.884825134277343750e+01,-5.520455360412597656e+00,-6.767186164855957031e+00,-1.037197208404541016e+01,-1.035863876342773438e+01
-1.873928070068359375e+01,-5.498153209686279297e+00,-7.252537727355957031e+00,-9.962514877319335938e+00,-1.047014331817626953e+01
-1.864731216430664062e+01,-5.488107681274414062e+00,-7.576933860778808594e+00,-9.594561576843261719e+00,-1.051554679870605469e+01
-1.853892135620117188e+01,-5.477145671844482422e+00,-7.674593925476074219e+00,-9.341456413269042969e+00,-1.046718406677246094e+01
-1.835180664062500000e+01,-5.472617626190185547e+00,-7.507314682006835938e+00,-9.340442657470703125e+00,-1.028911972045898438e+01
-1.820013809204101562e+01,-5.482349395751953125e+00,-7.366772651672363281e+00,-9.727323532104492188e+00,-9.988204956054687500e+00
-1.840703201293945312e+01,-5.502027511596679688e+00,-7.154150485992431641e+00,-1.014488029479980469e+01,-9.693429946899414062e+00
-1.860268020629882812e+01,-5.521736145019531250e+00,-7.009174346923828125e+00,-1.047944068908691406e+01,-9.450958251953125000e+00
-1.867453956604003906e+01,-5.532807826995849609e+00,-6.895332336425781250e+00,-1.052780246734619141e+01,-9.364678382873535156e+00
-1.854587936401367188e+01,-5.519998073577880859e+00,-6.747732162475585938e+00,-1.002391624450683594e+01,-9.405987739562988281e+00
-1.836483001708984375e+01,-5.490835189819335938e+00,-6.702698230743408203e+00,-9.410585403442382812e+00,-9.476127624511718750e+00
-1.812344551086425781e+01,-5.466884613037109375e+00,-6.851104736328125000e+00,-8.984230041503906250e+00,-9.573823928833007812e+00
-1.843764305114746094e+01,-5.467943668365478516e+00,-7.222413063049316406e+00,-9.100291252136230469e+00,-9.737506866455078125e+00
-1.895623970031738281e+01,-5.488590240478515625e+00,-7.805719375610351562e+00,-9.290697097778320312e+00,-1.010257816314697266e+01
-1.946638298034667969e+01,-5.521277904510498047e+00,-8.391342163085937500e+00,-9.364135742187500000e+00,-1.046882915496826172e+01
-1.977274894714355469e+01,-5.548040390014648438e+00,-8.996786117553710938e+00,-9.194584846496582031e+00,-1.078530311584472656e+01
-1.991921424865722656e+01,-5.560664653778076172e+00,-9.604852676391601562e+00,-8.989027023315429688e+00,-1.099203586578369141e+01
-1.979828071594238281e+01,-5.573658943176269531e+00,-1.015337562561035156e+01,-8.742417335510253906e+00,-1.107961750030517578e+01
-1.971855545043945312e+01,-5.579784870147705078e+00,-1.067157936096191406e+01,-8.640966415405273438e+00,-1.113862991333007812e+01
-1.966571807861328125e+01,-5.582332134246826172e+00,-1.113024139404296875e+01,-8.731184005737304688e+00,-1.114691829681396484e+01
-1.959551048278808594e+01,-5.588466167449951172e+00,-1.149087142944335938e+01,-8.962955474853515625e+00,-1.112281417846679688e+01
-1.954450035095214844e+01,-5.602731227874755859e+00,-1.174685668945312500e+01,-9.250614166259765625e+00,-1.108749961853027344e+01
-1.956560516357421875e+01,-5.622760772705078125e+00,-1.189089679718017578e+01,-9.581028938293457031e+00,-1.104939079284667969e+01
-1.953128623962402344e+01,-5.643798351287841797e+00,-1.195825481414794922e+01,-9.891399383544921875e+00,-1.101129722595214844e+01
-1.950294494628906250e+01,-5.663149833679199219e+00,-1.190901947021484375e+01,-1.022460937500000000e+01,-1.095527744293212891e+01
-1.948859596252441406e+01,-5.682369709014892578e+00,-1.177285671234130859e+01,-1.061749362945556641e+01,-1.086888217926025391e+01
-1.949506568908691406e+01,-5.704483985900878906e+00,-1.147937393188476562e+01,-1.104002666473388672e+01,-1.073322010040283203e+01
-1.957825660705566406e+01,-5.728863239288330078e+00,-1.103828239440917969e+01,-1.144594764709472656e+01,-1.057566547393798828e+01
-1.965994834899902344e+01,-5.752629756927490234e+00,-1.046696567535400391e+01,-1.179322338104248047e+01,-1.042232418060302734e+01
-1.972332954406738281e+01,-5.773506641387939453e+00,-9.893217086791992188e+00,-1.212848663330078125e+01,-1.025364208221435547e+01
-1.976937866210937500e+01,-5.790617465972900391e+00,-9.450616836547851562e+00,-1.238517284393310547e+01,-1.017874526977539062e+01
-1.983225059509277344e+01,-5.798552036285400391e+00,-9.126070022583007812e+00,-1.253438854217529297e+01,-1.020697593688964844e+01
-1.993270301818847656e+01,-5.803004741668701172e+00,-8.873295783996582031e+00,-1.264578247070312500e+01,-1.023572444915771484e+01
-2.008167839050292969e+01,-5.811843872070312500e+00,-8.664494514465332031e+00,-1.280053329467773438e+01,-1.020401573181152344e+01
-2.005271911621093750e+01,-5.828822135925292969e+00,-8.403188705444335938e+00,-1.302106761932373047e+01,-1.005966091156005859e+01
-1.990814399719238281e+01,-5.845301628112792969e+00,-8.135316848754882812e+00,-1.322098064422607422e+01,-9.902452468872070312e+00
-1.975715255737304688e+01,-5.853579998016357422e+00,-7.888700962066650391e+00,-1.330543804168701172e+01,-9.847677230834960938e+00
-1.960347747802734375e+01,-5.861719608306884766e+00,-7.350062847137451172e+00,-1.317728996276855469e+01,-9.775341987609863281e+00
-1.933125114440917969e+01,-5.884130954742431641e+00,-6.403538703918457031e+00,-1.286145114898681641e+01,-9.564150810241699219e+00
-1.918603134155273438e+01,-5.898302555084228516e+00,-5.631691455841064453e+00,-1.254764080047607422e+01,-9.477741241455078125e+00
-1.911651039123535156e+01,-5.988462448120117188e+00,-4.843358516693115234e+00,-1.223082447052001953e+01,-9.381935119628906250e+00
-1.904194831848144531e+01,-6.159684658050537109e+00,-4.146647453308105469e+00,-1.195249843597412109e+01,-9.233150482177734375e+00
-1.897434806823730469e+01,-6.392293930053710938e+00,-3.658224344253540039e+00,-1.172483348846435547e+01,-9.061052322387695312e+00
-1.885531616210937500e+01,-6.658033370971679688e+00,-3.381128311157226562e+00,-1.160188293457031250e+01,-8.900998115539550781e+00
-1.879677391052246094e+01,-6.886565208435058594e+00,-3.275732517242431641e+00,-1.146625709533691406e+01,-8.838834762573242188e+00
-1.885019493103027344e+01,-7.011490821838378906e+00,-3.306208133697509766e+00,-1.100726509094238281e+01,-8.868395805358886719e+00
-1.896303558349609375e+01,-6.822255134582519531e+00,-3.614883422851562500e+00,-9.864030838012695312e+00,-9.068011283874511719e+00
-1.900046730041503906e+01,-6.336409568786621094e+00,-4.307706356048583984e+00,-8.184885025024414062e+00,-9.416886329650878906e+00
-1.900716209411621094e+01,-5.900835990905761719e+00,-5.003119468688964844e+00,-7.127148628234863281e+00,-9.625201225280761719e+00
-1.897692680358886719e+01,-5.596849918365478516e+00,-5.708001613616943359e+00,-6.671420574188232422e+00,-9.727899551391601562e+00
-1.878944206237792969e+01,-5.415964603424072266e+00,-6.302050590515136719e+00,-6.756762504577636719e+00,-9.674829483032226562e+00
-1.850185966491699219e+01,-5.338647842407226562e+00,-6.631213188171386719e+00,-7.259511947631835938e+00,-9.502021789550781250e+00
-1.858176803588867188e+01,-5.354008674621582031e+00,-6.643386840820312500e+00,-8.357351303100585938e+00,-9.154885292053222656e+00
-1.881214714050292969e+01,-5.464859485626220703e+00,-6.494301319122314453e+00,-9.768649101257324219e+00,-8.804542541503906250e+00
-1.904714393615722656e+01,-5.599103927612304688e+00,-6.316646575927734375e+00,-1.108422279357910156e+01,-8.665155410766601562e+00
-1.928504371643066406e+01,-5.698703289031982422e+00,-6.220091819763183594e+00,-1.191444015502929688e+01,-8.767347335815429688e+00
-1.953286552429199219e+01,-5.745790958404541016e+00,-6.336883544921875000e+00,-1.231343936920166016e+01,-9.009797096252441406e+00
-1.969289207458496094e+01,-5.758278846740722656e+00,-6.662971496582031250e+00,-1.235000705718994141e+01,-9.332116127014160156e+00
-1.979685020446777344e+01,-5.752903938293457031e+00,-7.196823120117187500e+00,-1.218107891082763672e+01,-9.679667472839355469e+00
-1.981956100463867188e+01,-5.749965667724609375e+00,-7.876132965087890625e+00,-1.193224239349365234e+01,-9.988257408142089844e+00
-1.974675941467285156e+01,-5.755120754241943359e+00,-8.505865097045898438e+00,-1.171115398406982422e+01,-1.019871616363525391e+01
-1.959662628173828125e+01,-5.762717247009277344e+00,-8.959015846252441406e+00,-1.155174160003662109e+01,-1.030746269226074219e+01
-1.947028160095214844e+01,-5.769248485565185547e+00,-9.207222938537597656e+00,-1.145070457458496094e+01,-1.036071109771728516e+01
-1.931975936889648438e+01,-5.771813392639160156e+00,-9.436112403869628906e+00,-1.136139965057373047e+01,-1.041996383666992188e+01
-1.909535026550292969e+01,-5.773307323455810547e+00,-9.543926239013671875e+00,-1.128103446960449219e+01,-1.047933578491210938e+01
-1.887003326416015625e+01,-5.766836166381835938e+00,-9.401948928833007812e+00,-1.113651275634765625e+01,-1.049138832092285156e+01
-1.867595291137695312e+01,-5.738182067871093750e+00,-9.362381935119628906e+00,-1.076076698303222656e+01,-1.050164604187011719e+01
-1.844350242614746094e+01,-5.688894748687744141e+00,-9.391855239868164062e+00,-1.006511783599853516e+01,-1.055932235717773438e+01
-1.816849136352539062e+01,-5.654310226440429688e+00,-9.564338684082031250e+00,-9.388022422790527344e+00,-1.068106365203857422e+01
-1.785776710510253906e+01,-5.636549949645996094e+00,-9.871160507202148438e+00,-8.678812026977539062e+00,-1.081815719604492188e+01
-1.775509643554687500e+01,-5.630524158477783203e+00,-1.023226642608642578e+01,-8.656306266784667969e+00,-1.086040496826171875e+01
-1.801443481445312500e+01,-5.633001327514648438e+00,-1.059084987640380859e+01,-9.011569976806640625e+00,-1.093538570404052734e+01
-1.837556266784667969e+01,-5.649379730224609375e+00,-1.108836078643798828e+01,-9.365148544311523438e+00,-1.108939552307128906e+01
-1.862725067138671875e+01,-5.670250415802001953e+00,-1.145537376403808594e+01,-9.462484359741210938e+00,-1.124847888946533203e+01
-1.882115364074707031e+01,-5.681599617004394531e+00,-1.170005798339843750e+01,-9.378682136535644531e+00,-1.136049270629882812e+01
-1.890189933776855469e+01,-5.681704521179199219e+00,-1.190726947784423828e+01,-9.238071441650390625e+00,-1.140464591979980469e+01
-1.884672737121582031e+01,-5.674221038818359375e+00,-1.207537746429443359e+01,-9.134376525878906250e+00,-1.138823413848876953e+01
-1.884712028503417969e+01,-5.671464443206787109e+00,-1.208278179168701172e+01,-9.161231994628906250e+00,-1.134001159667968750e+01
-1.888833808898925781e+01,-5.671339988708496094e+00,-1.201771736145019531e+01,-9.327743530273437500e+00,-1.125271415710449219e+01
-1.897583580017089844e+01,-5.671342849731445312e+00,-1.197604370117187500e+01,-9.654978752136230469e+00,-1.113603401184082031e+01
-1.905222892761230469e+01,-5.682272911071777344e+00,-1.193698692321777344e+01,-9.999665260314941406e+00,-1.103001022338867188e+01
-1.913587570190429688e+01,-5.696804523468017578e+00,-1.189929103851318359e+01,-1.040050125122070312e+01,-1.093944454193115234e+01
-1.925624084472656250e+01,-5.712237834930419922e+00,-1.183093643188476562e+01,-1.083628273010253906e+01,-1.087312889099121094e+01
-1.934814071655273438e+01,-5.733050823211669922e+00,-1.174142837524414062e+01,-1.120994949340820312e+01,-1.082252979278564453e+01
-1.942512321472167969e+01,-5.753556251525878906e+00,-1.156954860687255859e+01,-1.154568195343017578e+01,-1.075994777679443359e+01
-1.950237083435058594e+01,-5.777422904968261719e+00,-1.130477333068847656e+01,-1.175147914886474609e+01,-1.070491313934326172e+01
-1.962490081787109375e+01,-5.795440196990966797e+00,-1.096906948089599609e+01,-1.191860580444335938e+01,-1.064111804962158203e+01
-1.974755096435546875e+01,-5.804497718811035156e+00,-1.063667869567871094e+01,-1.209729862213134766e+01,-1.061902618408203125e+01
-1.981642341613769531e+01,-5.815609455108642578e+00,-1.031203460693359375e+01,-1.220340919494628906e+01,-1.062897777557373047e+01
-1.976477813720703125e+01,-5.834610462188720703e+00,-9.807775497436523438e+00,-1.229247570037841797e+01,-1.056774139404296875e+01
-1.962388229370117188e+01,-5.847022533416748047e+00,-9.147387504577636719e+00,-1.235436916351318359e+01,-1.042564964294433594e+01
-1.945903587341308594e+01,-5.842063903808593750e+00,-8.390411376953125000e+00,-1.248836803436279297e+01,-1.024547576904296875e+01
-1.921341133117675781e+01,-5.852044105529785156e+00,-7.211921691894531250e+00,-1.261086368560791016e+01,-9.900541305541992188e+00
-1.880661201477050781e+01,-5.952901840209960938e+00,-5.526279449462890625e+00,-1.268913173675537109e+01,-9.398674011230468750e+00
-1.843427085876464844e+01,-6.206895828247070312e+00,-4.256142139434814453e+00,-1.282417869567871094e+01,-9.052512168884277344e+00
-1.822135162353515625e+01,-6.641946315765380859e+00,-3.516953468322753906e+00,-1.305935001373291016e+01,-8.894810676574707031e+00
-1.810145759582519531e+01,-7.168369293212890625e+00,-3.149138450622558594e+00,-1.332731914520263672e+01,-8.796302795410156250e+00
-1.810732841491699219e+01,-7.726314544677734375e+00,-3.011298179626464844e+00,-1.345544147491455078e+01,-8.770020484924316406e+00
-1.817397117614746094e+01,-8.177152633666992188e+00,-2.989258766174316406e+00,-1.345496654510498047e+01,-8.812984466552734375e+00
-1.837259483337402344e+01,-8.430392265319824219e+00,-3.051542282104492188e+00,-1.330818557739257812e+01,-8.877212524414062500e+00
-1.843370056152343750e+01,-8.506059646606445312e+00,-3.167819976806640625e+00,-1.284887981414794922e+01,-8.991845130920410156e+00
-1.844737052917480469e+01,-8.443584442138671875e+00,-3.292527437210083008e+00,-1.209615135192871094e+01,-9.110211372375488281e+00
-1.862517929077148438e+01,-8.175701141357421875e+00,-3.445160388946533203e+00,-1.128526306152343750e+01,-9.183590888977050781e+00
-1.864091110229492188e+01,-7.762308597564697266e+00,-3.653820991516113281e+00,-1.011327075958251953e+01,-9.255066871643066406e+00
-1.856928634643554688e+01,-7.266812801361083984e+00,-3.899633169174194336e+00,-9.118228912353515625e+00,-9.322233200073242188e+00
-1.826832580566406250e+01,-6.846898555755615234e+00,-3.976299762725830078e+00,-8.862700462341308594e+00,-9.235849380493164062e+00
-1.787513351440429688e+01,-6.518271446228027344e+00,-3.951091289520263672e+00,-9.297702789306640625e+00,-9.043478965759277344e+00
-1.754809761047363281e+01,-6.309517860412597656e+00,-3.900456190109252930e+00,-1.004729175567626953e+01,-8.914992332458496094e+00
-1.757119560241699219e+01,-6.241882324218750000e+00,-3.793132305145263672e+00,-1.093037033081054688e+01,-8.771533012390136719e+00
-1.774010658264160156e+01,-6.286522388458251953e+00,-3.635515928268432617e+00,-1.162683010101318359e+01,-8.714580535888671875e+00
-1.795744895935058594e+01,-6.321674346923828125e+00,-3.558878421783447266e+00,-1.198510456085205078e+01,-8.801982879638671875e+00
-1.821997642517089844e+01,-6.249927520751953125e+00,-3.634875774383544922e+00,-1.210291957855224609e+01,-8.999768257141113281e+00
-1.847377586364746094e+01,-6.063905239105224609e+00,-3.928721904754638672e+00,-1.199995517730712891e+01,-9.235199928283691406e+00
-1.861503982543945312e+01,-5.866878032684326172e+00,-4.413629055023193359e+00,-1.173310470581054688e+01,-9.464024543762207031e+00
-1.872345733642578125e+01,-5.719808101654052734e+00,-5.042905330657958984e+00,-1.141253376007080078e+01,-9.703421592712402344e+00
-1.892837333679199219e+01,-5.636140346527099609e+00,-5.771648883819580078e+00,-1.112309837341308594e+01,-9.965886116027832031e+00
-1.917217063903808594e+01,-5.609604835510253906e+00,-6.607154846191406250e+00,-1.094976711273193359e+01,-1.019494915008544922e+01
-1.931342697143554688e+01,-5.626248359680175781e+00,-7.313535213470458984e+00,-1.087866783142089844e+01,-1.031017971038818359e+01
-1.940625381469726562e+01,-5.658369064331054688e+00,-7.777973175048828125e+00,-1.097339153289794922e+01,-1.028878116607666016e+01
-1.933683013916015625e+01,-5.686316013336181641e+00,-8.003092765808105469e+00,-1.105653095245361328e+01,-1.025018405914306641e+01
-1.928110313415527344e+01,-5.701665401458740234e+00,-8.003457069396972656e+00,-1.112082862854003906e+01,-1.018186283111572266e+01
-1.915627670288085938e+01,-5.701130867004394531e+00,-7.802250862121582031e+00,-1.102442741394042969e+01,-1.009689998626708984e+01
-1.888578033447265625e+01,-5.676142692565917969e+00,-7.721856594085693359e+00,-1.063341903686523438e+01,-1.011944580078125000e+01
-1.826299667358398438e+01,-5.611082553863525391e+00,-7.849953174591064453e+00,-9.425368309020996094e+00,-1.024163150787353516e+01
-1.696913909912109375e+01,-5.577279090881347656e+00,-8.234693527221679688e+00,-7.342172622680664062e+00,-1.042434597015380859e+01
-1.686955070495605469e+01,-5.573443412780761719e+00,-8.865192413330078125e+00,-6.188882350921630859e+00,-1.052395725250244141e+01
-1.719937705993652344e+01,-5.574415683746337891e+00,-9.498970031738281250e+00,-5.951025962829589844e+00,-1.064316272735595703e+01
-1.771525001525878906e+01,-5.571352005004882812e+00,-1.006668758392333984e+01,-6.040002346038818359e+00,-1.074236965179443359e+01
-1.822608947753906250e+01,-5.558991432189941406e+00,-1.039001274108886719e+01,-6.316657066345214844e+00,-1.072607421875000000e+01
-1.864265632629394531e+01,-5.542867183685302734e+00,-1.055900955200195312e+01,-6.802683830261230469e+00,-1.061244106292724609e+01
-1.899834442138671875e+01,-5.542721748352050781e+00,-1.059058380126953125e+01,-7.466404914855957031e+00,-1.043919277191162109e+01
-1.923713111877441406e+01,-5.568685531616210938e+00,-1.044822883605957031e+01,-8.268417358398437500e+00,-1.019956207275390625e+01
-1.946467971801757812e+01,-5.608747005462646484e+00,-1.029686832427978516e+01,-8.962018966674804688e+00,-1.007940196990966797e+01
-1.964067649841308594e+01,-5.649143218994140625e+00,-1.000267791748046875e+01,-9.592334747314453125e+00,-9.946812629699707031e+00
-1.964908027648925781e+01,-5.679460048675537109e+00,-9.705369949340820312e+00,-1.006766414642333984e+01,-9.839426040649414062e+00
-1.966955375671386719e+01,-5.700655460357666016e+00,-9.277229309082031250e+00,-1.034875488281250000e+01,-9.744832992553710938e+00
-1.964648437500000000e+01,-5.708857059478759766e+00,-8.703490257263183594e+00,-1.041264915466308594e+01,-9.627444267272949219e+00
-1.955511665344238281e+01,-5.716705799102783203e+00,-7.902812004089355469e+00,-1.033356475830078125e+01,-9.453323364257812500e+00
-1.951102638244628906e+01,-5.763790607452392578e+00,-6.807024955749511719e+00,-1.025619888305664062e+01,-9.168425559997558594e+00
-1.941480445861816406e+01,-5.826796054840087891e+00,-5.988955497741699219e+00,-1.008745384216308594e+01,-9.036442756652832031e+00
-1.921990776062011719e+01,-5.862172126770019531e+00,-5.563601493835449219e+00,-9.789027214050292969e+00,-9.029228210449218750e+00
-1.892383003234863281e+01,-5.832952976226806641e+00,-5.547613620758056641e+00,-9.263873100280761719e+00,-9.119450569152832031e+00
-1.867028236389160156e+01,-5.797725677490234375e+00,-5.630875587463378906e+00,-8.672098159790039062e+00,-9.165898323059082031e+00
-1.822511482238769531e+01,-5.771046161651611328e+00,-5.760603904724121094e+00,-7.873333454132080078e+00,-9.239871025085449219e+00
-1.721100044250488281e+01,-5.814676761627197266e+00,-5.782952785491943359e+00,-6.794647693634033203e+00,-9.262548446655273438e+00
-1.608164787292480469e+01,-6.029055595397949219e+00,-5.657145977020263672e+00,-5.685873985290527344e+00,-9.079107284545898438e+00
-1.475638580322265625e+01,-6.317558765411376953e+00,-5.786687374114990234e+00,-5.089320659637451172e+00,-8.643078804016113281e+00
-1.411056041717529297e+01,-6.573616981506347656e+00,-6.200201034545898438e+00,-4.652878284454345703e+00,-8.523528099060058594e+00
-1.443635272979736328e+01,-6.870230674743652344e+00,-6.497827529907226562e+00,-4.347341060638427734e+00,-8.476664543151855469e+00
-1.507740116119384766e+01,-7.136878013610839844e+00,-6.802189826965332031e+00,-4.160040378570556641e+00,-8.584584236145019531e+00
-1.598946094512939453e+01,-7.298332214355468750e+00,-6.967097282409667969e+00,-4.091171741485595703e+00,-8.700134277343750000e+00
-1.696327590942382812e+01,-7.309600830078125000e+00,-6.870898246765136719e+00,-4.150527477264404297e+00,-8.601759910583496094e+00
-1.745909690856933594e+01,-7.273412227630615234e+00,-6.716669082641601562e+00,-4.184913635253906250e+00,-8.517377853393554688e+00
-1.761267852783203125e+01,-7.187651157379150391e+00,-6.649561882019042969e+00,-4.220133781433105469e+00,-8.506476402282714844e+00
-1.801698303222656250e+01,-7.012560367584228516e+00,-6.541974544525146484e+00,-4.332521438598632812e+00,-8.384227752685546875e+00
-1.841465187072753906e+01,-6.757337570190429688e+00,-6.375131607055664062e+00,-4.620845794677734375e+00,-8.053217887878417969e+00
-1.879141044616699219e+01,-6.502142906188964844e+00,-6.122924804687500000e+00,-5.162121772766113281e+00,-7.596611976623535156e+00
-1.887479019165039062e+01,-6.344965934753417969e+00,-5.952391624450683594e+00,-5.787709712982177734e+00,-7.239086151123046875e+00
-1.887927055358886719e+01,-6.244409561157226562e+00,-5.827128887176513672e+00,-6.636150836944580078e+00,-6.987154960632324219e+00
-1.895546150207519531e+01,-6.193568229675292969e+00,-5.782690048217773438e+00,-7.686523914337158203e+00,-6.902766227722167969e+00
-1.909260177612304688e+01,-6.190532684326171875e+00,-5.769547939300537109e+00,-8.609589576721191406e+00,-6.917974472045898438e+00
-1.918981742858886719e+01,-6.199165344238281250e+00,-5.740154266357421875e+00,-9.277784347534179688e+00,-6.986560821533203125e+00
-1.922650146484375000e+01,-6.184835433959960938e+00,-5.734485626220703125e+00,-9.629850387573242188e+00,-7.097659111022949219e+00
-1.922151184082031250e+01,-6.125025749206542969e+00,-5.874127864837646484e+00,-9.722042083740234375e+00,-7.226179122924804688e+00
-1.899424362182617188e+01,-6.035926818847656250e+00,-6.149795532226562500e+00,-9.691062927246093750e+00,-7.408303260803222656e+00
-1.888554763793945312e+01,-5.941334724426269531e+00,-6.524623394012451172e+00,-9.639653205871582031e+00,-7.657601356506347656e+00
-1.875152778625488281e+01,-5.853785991668701172e+00,-7.035284042358398438e+00,-9.406570434570312500e+00,-8.004876136779785156e+00
-1.851492881774902344e+01,-5.786652565002441406e+00,-7.603487968444824219e+00,-8.950855255126953125e+00,-8.392484664916992188e+00
-1.824020004272460938e+01,-5.745633602142333984e+00,-8.130041122436523438e+00,-8.386486053466796875e+00,-8.757598876953125000e+00
-1.792436790466308594e+01,-5.738781452178955078e+00,-8.570595741271972656e+00,-7.667035102844238281e+00,-9.025283813476562500e+00
-1.755247497558593750e+01,-5.770439624786376953e+00,-8.860956192016601562e+00,-6.947612285614013672e+00,-9.161352157592773438e+00
-1.718065452575683594e+01,-5.862185955047607422e+00,-8.948826789855957031e+00,-6.218008995056152344e+00,-9.187438011169433594e+00
-1.694460487365722656e+01,-5.969490051269531250e+00,-8.933219909667968750e+00,-5.745507717132568359e+00,-9.106118202209472656e+00
-1.695868110656738281e+01,-6.074328899383544922e+00,-8.795089721679687500e+00,-5.480409622192382812e+00,-8.912071228027343750e+00
-1.722827339172363281e+01,-6.173440456390380859e+00,-8.472324371337890625e+00,-5.321777343750000000e+00,-8.644871711730957031e+00
-1.755522537231445312e+01,-6.278847694396972656e+00,-8.051078796386718750e+00,-5.203214645385742188e+00,-8.351484298706054688e+00
-1.787555313110351562e+01,-6.410090923309326172e+00,-7.677324295043945312e+00,-5.056457996368408203e+00,-8.161767959594726562e+00
-1.809566116333007812e+01,-6.569648265838623047e+00,-7.447239398956298828e+00,-4.867784976959228516e+00,-8.119177818298339844e+00
-1.824584388732910156e+01,-6.758252620697021484e+00,-7.316257953643798828e+00,-4.655942916870117188e+00,-8.155061721801757812e+00
-1.830886268615722656e+01,-6.969165802001953125e+00,-7.263529777526855469e+00,-4.468321800231933594e+00,-8.165332794189453125e+00
-1.828646087646484375e+01,-7.206411361694335938e+00,-7.256956577301025391e+00,-4.304553985595703125e+00,-8.156032562255859375e+00
-1.823088645935058594e+01,-7.472905158996582031e+00,-7.249452114105224609e+00,-4.172547340393066406e+00,-8.095165252685546875e+00
-1.819589233398437500e+01,-7.744597434997558594e+00,-7.235641002655029297e+00,-4.076900005340576172e+00,-7.998303413391113281e+00
-1.813117599487304688e+01,-8.013620376586914062e+00,-7.222385406494140625e+00,-4.006206512451171875e+00,-7.875081062316894531e+00
-1.803882980346679688e+01,-8.272340774536132812e+00,-7.194301128387451172e+00,-3.954891681671142578e+00,-7.729866981506347656e+00
-1.781672668457031250e+01,-8.530187606811523438e+00,-7.187304973602294922e+00,-3.909917354583740234e+00,-7.583641052246093750e+00
-1.756689834594726562e+01,-8.727375030517578125e+00,-7.121924400329589844e+00,-3.912526607513427734e+00,-7.271445274353027344e+00
-1.710383224487304688e+01,-8.880375862121582031e+00,-7.038302421569824219e+00,-3.939034938812255859e+00,-6.841822624206542969e+00
-1.661913681030273438e+01,-9.037537574768066406e+00,-6.893198013305664062e+00,-3.982454776763916016e+00,-6.305411338806152344e+00
-1.635443878173828125e+01,-9.243988990783691406e+00,-6.731929779052734375e+00,-4.029150485992431641e+00,-5.622056007385253906e+00
-1.599890422821044922e+01,-9.526773452758789062e+00,-6.656470298767089844e+00,-4.022183418273925781e+00,-5.067724227905273438e+00
-1.560731792449951172e+01,-9.807883262634277344e+00,-6.672447681427001953e+00,-3.967770099639892578e+00,-4.665030956268310547e+00
-1.504201126098632812e+01,-1.011037826538085938e+01,-6.734681129455566406e+00,-3.873471736907958984e+00,-4.426162719726562500e+00
-1.452210998535156250e+01,-1.034815597534179688e+01,-6.792049407958984375e+00,-3.810813426971435547e+00,-4.315400123596191406e+00
-1.423403930664062500e+01,-1.055610466003417969e+01,-6.846967697143554688e+00,-3.749593257904052734e+00,-4.260440349578857422e+00
-1.419535636901855469e+01,-1.067383384704589844e+01,-6.935481548309326172e+00,-3.686052322387695312e+00,-4.393277645111083984e+00
-1.441019725799560547e+01,-1.071115589141845703e+01,-7.000372409820556641e+00,-3.640687465667724609e+00,-4.561560630798339844e+00
-1.465801620483398438e+01,-1.069945621490478516e+01,-7.063889980316162109e+00,-3.599218845367431641e+00,-4.790715217590332031e+00
-1.474894332885742188e+01,-1.065091705322265625e+01,-7.144062995910644531e+00,-3.568501949310302734e+00,-4.972282886505126953e+00
-1.478266048431396484e+01,-1.060340499877929688e+01,-7.168022155761718750e+00,-3.559119224548339844e+00,-4.996504783630371094e+00
-1.465536785125732422e+01,-1.060456657409667969e+01,-7.169934749603271484e+00,-3.535771846771240234e+00,-5.000056266784667969e+00
-1.455277156829833984e+01,-1.056882381439208984e+01,-7.207513332366943359e+00,-3.524661064147949219e+00,-4.976948738098144531e+00
-1.457869338989257812e+01,-1.049192619323730469e+01,-7.234540939331054688e+00,-3.531591415405273438e+00,-4.847013473510742188e+00
-1.444949817657470703e+01,-1.041386032104492188e+01,-7.270034313201904297e+00,-3.540650844573974609e+00,-4.689395427703857422e+00
-1.404146194458007812e+01,-1.030715560913085938e+01,-7.329421043395996094e+00,-3.568477153778076172e+00,-4.491845607757568359e+00
-1.351278781890869141e+01,-1.021167564392089844e+01,-7.371024608612060547e+00,-3.597840785980224609e+00,-4.216869831085205078e+00
-1.315601730346679688e+01,-1.014632320404052734e+01,-7.353216171264648438e+00,-3.628187656402587891e+00,-3.804979562759399414e+00
-1.274037933349609375e+01,-1.011728000640869141e+01,-7.285075187683105469e+00,-3.670703411102294922e+00,-3.320143938064575195e+00
-1.213509559631347656e+01,-1.017901897430419922e+01,-7.204493999481201172e+00,-3.674888610839843750e+00,-2.848900556564331055e+00
-1.142124557495117188e+01,-1.027016735076904297e+01,-7.149046897888183594e+00,-3.692320346832275391e+00,-2.415116071701049805e+00
-1.084167289733886719e+01,-1.037518978118896484e+01,-7.097661018371582031e+00,-3.725800514221191406e+00,-1.960413694381713867e+00
-9.933510780334472656e+00,-1.047981834411621094e+01,-7.174832344055175781e+00,-3.729043483734130859e+00,-1.724680662155151367e+00
-7.921581268310546875e+00,-1.059371566772460938e+01,-7.342768192291259766e+00,-3.761321067810058594e+00,-1.604569673538208008e+00
-4.674295778386294842e-04,-1.070650959014892578e+01,-8.205171585083007812e+00,-4.440654277801513672e+00,-2.532518148422241211e+00
