9.658983349800109863e-01,3.410165756940841675e-02
9.993659853935241699e-01,6.340538384392857552e-04
9.999864697456359863e-01,1.343529038422275335e-05
9.999986886978149414e-01,1.284501649934099987e-06
9.999993443489074707e-01,5.757946723861095961e-07
9.999992847442626953e-01,7.229705261124763638e-07
9.999989271163940430e-01,1.114575411520490889e-06
9.999993443489074707e-01,6.363190436786680948e-07
9.999996423721313477e-01,3.679442954762635054e-07
9.999982714653015137e-01,1.609494916010589805e-06
9.999909996986389160e-01,8.950746632763184607e-06
9.999958276748657227e-01,4.160285243415273726e-06
9.999942183494567871e-01,5.762669388786889613e-06
9.999670386314392090e-01,3.285821003373712301e-05
9.999732375144958496e-01,2.674312963790725917e-05
9.998794198036193848e-01,1.206248416565358639e-04
9.994087219238281250e-01,5.913008935749530792e-04
9.980354905128479004e-01,1.964472699910402298e-03
9.995191097259521484e-01,4.808867524843662977e-04
9.999549388885498047e-01,4.500179784372448921e-05
9.999895691871643066e-01,1.051105209626257420e-05
9.999950528144836426e-01,4.898144652543123811e-06
9.999875426292419434e-01,1.235956005984917283e-05
9.998126626014709473e-01,1.873709261417388916e-04
9.993075728416442871e-01,6.923772161826491356e-04
9.990996718406677246e-01,9.002853184938430786e-04
9.986607432365417480e-01,1.339246984571218491e-03
9.993102550506591797e-01,6.897725397720932961e-04
9.990968108177185059e-01,9.031575755216181278e-04
9.982281923294067383e-01,1.771755400113761425e-03
9.918705224990844727e-01,8.129457011818885803e-03
9.947322607040405273e-01,5.267783068120479584e-03
9.983754754066467285e-01,1.624570111744105816e-03
9.998002648353576660e-01,1.997692161239683628e-04
9.998710751533508301e-01,1.289413485210388899e-04
9.995141029357910156e-01,4.859218606725335121e-04
9.983369112014770508e-01,1.663082162849605083e-03
9.982483386993408203e-01,1.751660020090639591e-03
9.992719888687133789e-01,7.279071724042296410e-04
9.996718764305114746e-01,3.280277596786618233e-04
9.998618960380554199e-01,1.381582551402971148e-04
9.997423291206359863e-01,2.576080150902271271e-04
9.990333914756774902e-01,9.665567195042967796e-04
9.979001283645629883e-01,2.099919365718960762e-03
9.990913867950439453e-01,9.086093050427734852e-04
9.979080557823181152e-01,2.091873204335570335e-03
9.975180625915527344e-01,2.481911098584532738e-03
9.989853501319885254e-01,1.014654990285634995e-03
9.989174008369445801e-01,1.082508708350360394e-03
9.989827275276184082e-01,1.017222064547240734e-03
9.982156753540039062e-01,1.784410560503602028e-03
9.980383515357971191e-01,1.961617497727274895e-03
9.991139173507690430e-01,8.861662354320287704e-04
9.983121156692504883e-01,1.687891897745430470e-03
9.986650347709655762e-01,1.334916567429900169e-03
9.986697435379028320e-01,1.330241793766617775e-03
9.985528588294982910e-01,1.447073067538440228e-03
9.969107508659362793e-01,3.089239122346043587e-03
9.951694607734680176e-01,4.830569494515657425e-03
9.971610903739929199e-01,2.838889602571725845e-03
9.988905191421508789e-01,1.109413104131817818e-03
9.967843294143676758e-01,3.215655218809843063e-03
9.781457185745239258e-01,2.185429818928241730e-02
9.981941580772399902e-01,1.805876730941236019e-03
9.997097253799438477e-01,2.903220301959663630e-04
9.998749494552612305e-01,1.250028581125661731e-04
9.997665286064147949e-01,2.334928576601669192e-04
9.997453093528747559e-01,2.546308387536555529e-04
9.997335076332092285e-01,2.664403873495757580e-04
9.990981221199035645e-01,9.018824202939867973e-04
9.931859970092773438e-01,6.813994608819484711e-03
9.847248196601867676e-01,1.527517661452293396e-02
9.984146356582641602e-01,1.585308695212006569e-03
9.996970891952514648e-01,3.029178769793361425e-04
9.998595118522644043e-01,1.405546790920197964e-04
9.999751448631286621e-01,2.480222792655695230e-05
9.999643564224243164e-01,3.560376717359758914e-05
9.999122619628906250e-01,8.777151379035785794e-05
9.998320341110229492e-01,1.678931876085698605e-04
9.992091059684753418e-01,7.909028208814561367e-04
9.978491067886352539e-01,2.150937682017683983e-03
9.989615678787231445e-01,1.038439106196165085e-03
9.998340606689453125e-01,1.658871624385938048e-04
9.999487400054931641e-01,5.126956602907739580e-05
9.999768733978271484e-01,2.309303090441972017e-05
9.999300241470336914e-01,6.998029130045324564e-05
9.999095797538757324e-01,9.046557534020394087e-05
9.999508857727050781e-01,4.911014548270031810e-05
9.998337030410766602e-01,1.662687136558815837e-04
9.997900128364562988e-01,2.100096317008137703e-04
9.995388984680175781e-01,4.611232434399425983e-04
9.987120032310485840e-01,1.287895720452070236e-03
9.992656707763671875e-01,7.343438337557017803e-04
9.996300339698791504e-01,3.699646913446485996e-04
9.996398091316223145e-01,3.601149946916848421e-04
9.996947050094604492e-01,3.053789841942489147e-04
9.998161792755126953e-01,1.838399184634909034e-04
9.996757507324218750e-01,3.242701059207320213e-04
9.995990395545959473e-01,4.010046832263469696e-04
9.998430609703063965e-01,1.569802116136997938e-04
9.999441504478454590e-01,5.575830800808034837e-05
9.998665452003479004e-01,1.334823609795421362e-04
9.998492598533630371e-01,1.507216802565380931e-04
9.998514056205749512e-01,1.486872497480362654e-04
9.997866153717041016e-01,2.133477537427097559e-04
9.995740652084350586e-01,4.258970147930085659e-04
9.986997842788696289e-01,1.300191623158752918e-03
9.997709393501281738e-01,2.291145356139168143e-04
9.999516010284423828e-01,4.844494833378121257e-05
9.999613761901855469e-01,3.859080243273638189e-05
9.997975230216979980e-01,2.025105059146881104e-04
9.997798800468444824e-01,2.201291499659419060e-04
9.998363852500915527e-01,1.636355591472238302e-04
9.998250603675842285e-01,1.749801740515977144e-04
9.997540116310119629e-01,2.460052492097020149e-04
9.996119141578674316e-01,3.881297889165580273e-04
9.997129440307617188e-01,2.870896714739501476e-04
9.994832277297973633e-01,5.167362978681921959e-04
9.997273087501525879e-01,2.726779493968933821e-04
9.997016191482543945e-01,2.984284074045717716e-04
9.996615648269653320e-01,3.384369192644953728e-04
9.997778534889221191e-01,2.221075701527297497e-04
9.997504353523254395e-01,2.495163353160023689e-04
9.989390373229980469e-01,1.060960348695516586e-03
9.978570342063903809e-01,2.143010729923844337e-03
9.985086321830749512e-01,1.491348026320338249e-03
9.996260404586791992e-01,3.739519743248820305e-04
9.997838139533996582e-01,2.162392484024167061e-04
9.998046159744262695e-01,1.953884930117055774e-04
9.998884201049804688e-01,1.115169870899990201e-04
9.998831748962402344e-01,1.168264570878818631e-04
9.999133348464965820e-01,8.663608605274930596e-05
9.998233914375305176e-01,1.766092173056676984e-04
9.997650384902954102e-01,2.349071291973814368e-04
9.995450973510742188e-01,4.548896977212280035e-04
9.988912940025329590e-01,1.108736731112003326e-03
9.991130828857421875e-01,8.869881276041269302e-04
9.997594356536865234e-01,2.404679107712581754e-04
9.999597072601318359e-01,4.030904892715625465e-05
9.999378919601440430e-01,6.209726416273042560e-05
9.991455078125000000e-01,8.544243755750358105e-04
9.961512684822082520e-01,3.848664695397019386e-03
9.968245625495910645e-01,3.175352700054645538e-03
9.958851933479309082e-01,4.114743322134017944e-03
9.994586110115051270e-01,5.414288607425987720e-04
9.998819828033447266e-01,1.179443497676402330e-04
9.998328685760498047e-01,1.670640776865184307e-04
9.992622733116149902e-01,7.377770962193608284e-04
9.990058541297912598e-01,9.941477328538894653e-04
9.990983605384826660e-01,9.015724062919616699e-04
9.988373517990112305e-01,1.162655651569366455e-03
9.956842064857482910e-01,4.315733443945646286e-03
9.962344169616699219e-01,3.765574423596262932e-03
9.988370537757873535e-01,1.163008273579180241e-03
9.993449449539184570e-01,6.551052210852503777e-04
9.994632601737976074e-01,5.367801059037446976e-04
9.993070363998413086e-01,6.929420051164925098e-04
9.994537830352783203e-01,5.462563713081181049e-04
9.993427991867065430e-01,6.572124548256397247e-04
9.992522001266479492e-01,7.478836341761052608e-04
9.996048212051391602e-01,3.951270482502877712e-04
9.995838999748229980e-01,4.161318938713520765e-04
9.997488856315612793e-01,2.510781632736325264e-04
9.996962547302246094e-01,3.037608403246849775e-04
9.994692206382751465e-01,5.308422842063009739e-04
9.993640780448913574e-01,6.359451217576861382e-04
9.996528625488281250e-01,3.471030213404446840e-04
9.996801614761352539e-01,3.197992045897990465e-04
9.994232058525085449e-01,5.768024711869657040e-04
9.996759295463562012e-01,3.240639052819460630e-04
9.997585415840148926e-01,2.414710179436951876e-04
9.994683861732482910e-01,5.316500901244580746e-04
9.991230368614196777e-01,8.769984706304967403e-04
9.990312457084655762e-01,9.686865378171205521e-04
9.987809062004089355e-01,1.219060388393700123e-03
9.973370432853698730e-01,2.662931801751255989e-03
9.949104785919189453e-01,5.089487414807081223e-03
9.938802719116210938e-01,6.119733210653066635e-03
9.943315386772155762e-01,5.668352358043193817e-03
9.988039731979370117e-01,1.195984543301165104e-03
9.997450709342956543e-01,2.549172786530107260e-04
9.984359145164489746e-01,1.564078731462359428e-03
9.957345724105834961e-01,4.265433177351951599e-03
9.973983764648437500e-01,2.601661719381809235e-03
9.985842704772949219e-01,1.415764214470982552e-03
9.997975230216979980e-01,2.024938876274973154e-04
9.999788999557495117e-01,2.105309249600395560e-05
9.999868869781494141e-01,1.310160314460517839e-05
9.999425411224365234e-01,5.745320595451630652e-05
9.994620084762573242e-01,5.379752255976200104e-04
9.045861363410949707e-01,9.541385620832443237e-02
4.098504483699798584e-01,5.901495218276977539e-01
9.771436452865600586e-01,2.285633422434329987e-02
9.992440938949584961e-01,7.559651276096701622e-04
9.999667406082153320e-01,3.323168130009435117e-05
9.999909400939941406e-01,9.042369129019789398e-06
9.999960660934448242e-01,3.970801571995252743e-06
9.999794363975524902e-01,2.046961526502855122e-05
9.998526573181152344e-01,1.473074662499129772e-04
9.988777041435241699e-01,1.122288289479911327e-03
9.976683259010314941e-01,2.331614261493086815e-03
9.962387084960937500e-01,3.761323168873786926e-03
9.961060881614685059e-01,3.893893910571932793e-03
9.962987303733825684e-01,3.701311070472002029e-03
9.990757703781127930e-01,9.241601219400763512e-04
9.998494982719421387e-01,1.504915853729471564e-04
9.999417066574096680e-01,5.825548214488662779e-05
9.999852180480957031e-01,1.472561325499555096e-05
9.999871253967285156e-01,1.289651390834478661e-05
9.998950362205505371e-01,1.050386272254399955e-04
9.998864531517028809e-01,1.136477294494397938e-04
9.996556639671325684e-01,3.442918241489678621e-04
9.990206360816955566e-01,9.793628705665469170e-04
9.974724650382995605e-01,2.527565229684114456e-03
9.971140623092651367e-01,2.885931404307484627e-03
9.995400905609130859e-01,4.598918312694877386e-04
9.999615550041198730e-01,3.854328315355814993e-05
9.999763965606689453e-01,2.366049375268630683e-05
9.999815821647644043e-01,1.831747977121267468e-05
9.999626874923706055e-01,3.732758705154992640e-05
9.999708533287048340e-01,2.906210465880576521e-05
9.998588562011718750e-01,1.410645490977913141e-04
9.998113512992858887e-01,1.886676764115691185e-04
9.995747208595275879e-01,4.253358638379722834e-04
9.998019337654113770e-01,1.981187815545126796e-04
9.997410178184509277e-01,2.589462383184581995e-04
9.987263083457946777e-01,1.273724250495433807e-03
9.990018606185913086e-01,9.981519542634487152e-04
9.996624588966369629e-01,3.374838561285287142e-04
9.997544884681701660e-01,2.455310605000704527e-04
9.995688199996948242e-01,4.312705132178962231e-04
9.993756413459777832e-01,6.244372343644499779e-04
9.997602105140686035e-01,2.398158976575359702e-04
9.994861483573913574e-01,5.138491978868842125e-04
9.995232820510864258e-01,4.767739737872034311e-04
9.996669292449951172e-01,3.330523904878646135e-04
9.997317194938659668e-01,2.682984340935945511e-04
9.989908337593078613e-01,1.009155414067208767e-03
9.974906444549560547e-01,2.509309211745858192e-03
9.962585568428039551e-01,3.741399850696325302e-03
9.985033273696899414e-01,1.496689044870436192e-03
9.988602399826049805e-01,1.139829051680862904e-03
9.996500015258789062e-01,3.500186139717698097e-04
9.996582269668579102e-01,3.417276893742382526e-04
9.988892674446105957e-01,1.110724871978163719e-03
9.970871210098266602e-01,2.912820084020495415e-03
9.976369738578796387e-01,2.363028936088085175e-03
9.986512064933776855e-01,1.348824240267276764e-03
9.966918230056762695e-01,3.308203537017107010e-03
9.996230006217956543e-01,3.769778413698077202e-04
9.999654293060302734e-01,3.453475437709130347e-05
9.999642372131347656e-01,3.576780000003054738e-05
9.997715353965759277e-01,2.284625807078555226e-04
9.989715814590454102e-01,1.028411672450602055e-03
9.965274333953857422e-01,3.472516778856515884e-03
9.911428093910217285e-01,8.857130073010921478e-03
9.959137439727783203e-01,4.086120985448360443e-03
9.945413470268249512e-01,5.458668805658817291e-03
9.964454174041748047e-01,3.554531140252947807e-03
9.958419203758239746e-01,4.158052615821361542e-03
9.950309395790100098e-01,4.969131667166948318e-03
9.978667497634887695e-01,2.133235335350036621e-03
9.990301728248596191e-01,9.697675704956054688e-04
9.998197555541992188e-01,1.801820180844515562e-04
9.999331235885620117e-01,6.687239510938525200e-05
9.999227523803710938e-01,7.728696800768375397e-05
9.996414184570312500e-01,3.585699305403977633e-04
9.985917210578918457e-01,1.408313401043415070e-03
9.980152845382690430e-01,1.984706381335854530e-03
9.985268712043762207e-01,1.473175128921866417e-03
9.991161823272705078e-01,8.837521309033036232e-04
9.998494982719421387e-01,1.505587715655565262e-04
9.999201893806457520e-01,7.972565072122961283e-05
9.998778104782104492e-01,1.222128194058313966e-04
9.998632669448852539e-01,1.366721699014306068e-04
9.998301863670349121e-01,1.698194391792640090e-04
9.998161792755126953e-01,1.838015159592032433e-04
9.994606375694274902e-01,5.394234904088079929e-04
9.992522001266479492e-01,7.477787439711391926e-04
9.987877011299133301e-01,1.212341827340424061e-03
9.993284940719604492e-01,6.715846247971057892e-04
9.991595745086669922e-01,8.404004038311541080e-04
9.990330934524536133e-01,9.668655111454427242e-04
9.985409379005432129e-01,1.459058956243097782e-03
9.989319443702697754e-01,1.068101264536380768e-03
9.992721676826477051e-01,7.278526900336146355e-04
9.994646310806274414e-01,5.353438318707048893e-04
9.998072981834411621e-01,1.927568664541468024e-04
9.997975826263427734e-01,2.023282868321985006e-04
9.993471503257751465e-01,6.528518279083073139e-04
9.977312088012695312e-01,2.268707845360040665e-03
9.992368221282958984e-01,7.632094202563166618e-04
9.999278783798217773e-01,7.216136145871132612e-05
9.999731779098510742e-01,2.680750185390934348e-05
9.999576210975646973e-01,4.226350574754178524e-05
9.998702406883239746e-01,1.297584822168573737e-04
9.995781183242797852e-01,4.218025715090334415e-04
9.995871186256408691e-01,4.129406006541103125e-04
9.996361732482910156e-01,3.638093767222017050e-04
9.998295903205871582e-01,1.703808957245200872e-04
9.997474551200866699e-01,2.525646996218711138e-04
9.996052384376525879e-01,3.947838849853724241e-04
9.987688660621643066e-01,1.231098198331892490e-03
9.989563226699829102e-01,1.043613068759441376e-03
9.982106685638427734e-01,1.789313973858952522e-03
9.990410208702087402e-01,9.589750552549958229e-04
9.916983246803283691e-01,8.301667869091033936e-03
1.254934817552566528e-01,8.745065927505493164e-01
1.626857742667198181e-02,9.837313294410705566e-01
2.741416692733764648e-01,7.258582711219787598e-01
9.728316664695739746e-01,2.716833539307117462e-02
9.992733001708984375e-01,7.266441243700683117e-04
9.999474287033081055e-01,5.255009818938560784e-05
9.999883174896240234e-01,1.166743004432646558e-05
9.999928474426269531e-01,7.181627097452292219e-06
9.998864531517028809e-01,1.135795682785101235e-04
9.998517036437988281e-01,1.482527150074020028e-04
9.997618198394775391e-01,2.380694786552339792e-04
9.991357922554016113e-01,8.642775937914848328e-04
9.986301660537719727e-01,1.369809149764478207e-03
9.993332028388977051e-01,6.667320849373936653e-04
9.997481107711791992e-01,2.518160035833716393e-04
9.998693466186523438e-01,1.305899786530062556e-04
9.999650716781616211e-01,3.497311263345181942e-05
9.998916387557983398e-01,1.083447932614944875e-04
9.994127750396728516e-01,5.871852044947445393e-04
9.993566274642944336e-01,6.432898808270692825e-04
9.998682737350463867e-01,1.317263377131894231e-04
9.998994469642639160e-01,1.005061349133029580e-04
9.996839165687561035e-01,3.160682972520589828e-04
9.986104369163513184e-01,1.389568438753485680e-03
9.988222718238830566e-01,1.177717116661369801e-03
9.997990131378173828e-01,2.008899027714505792e-04
9.999343752861022949e-01,6.567353557329624891e-05
9.980446100234985352e-01,1.955411862581968307e-03
9.948742985725402832e-01,5.125668831169605255e-03
9.984200596809387207e-01,1.579842763021588326e-03
9.999060630798339844e-01,9.391236380906775594e-05
9.999297857284545898e-01,7.020797056611627340e-05
9.999533295631408691e-01,4.659709520637989044e-05
9.999736547470092773e-01,2.630881317600142211e-05
9.999490380287170410e-01,5.095628148410469294e-05
9.999241828918457031e-01,7.585125422338023782e-05
9.996101856231689453e-01,3.897293354384601116e-04
9.977318644523620605e-01,2.268138807266950607e-03
9.991875290870666504e-01,8.125209133140742779e-04
9.999181032180786133e-01,8.184334001271054149e-05
9.999840259552001953e-01,1.595147296029608697e-05
9.999853968620300293e-01,1.458231236028950661e-05
9.999836683273315430e-01,1.630014048714656383e-05
9.999644756317138672e-01,3.552883936208672822e-05
9.999365806579589844e-01,6.339290121104568243e-05
9.999130964279174805e-01,8.689981041243299842e-05
9.999177455902099609e-01,8.222778706112876534e-05
9.999586343765258789e-01,4.140129385632462800e-05
9.999759197235107422e-01,2.405134364380501211e-05
9.999779462814331055e-01,2.210921957157552242e-05
9.999877810478210449e-01,1.220288686454296112e-05
9.999926686286926270e-01,7.275198640854796395e-06
9.999911785125732422e-01,8.790129868430085480e-06
9.999841451644897461e-01,1.585390964464750141e-05
9.999917745590209961e-01,8.242363037425093353e-06
9.999969601631164551e-01,3.027763341378886253e-06
9.999957084655761719e-01,4.238683686708100140e-06
9.999931454658508301e-01,6.801691142754862085e-06
9.999852180480957031e-01,1.478127342124935240e-05
9.999635219573974609e-01,3.647892663138918579e-05
9.999293684959411621e-01,7.054717571008950472e-05
9.995169639587402344e-01,4.830431425943970680e-04
9.896442890167236328e-01,1.035576499998569489e-02
9.934170246124267578e-01,6.582926958799362183e-03
9.985659718513488770e-01,1.434070523828268051e-03
9.997649788856506348e-01,2.350556896999478340e-04
9.999613761901855469e-01,3.864619429805316031e-05
9.999877214431762695e-01,1.226598487846786156e-05
9.999917149543762207e-01,8.350368261744733900e-06
9.999953508377075195e-01,4.692349648394156247e-06
9.999976158142089844e-01,2.403005282758385874e-06
9.999993443489074707e-01,6.490159876193501987e-07
9.999997615814208984e-01,2.380352839281840716e-07
9.999997615814208984e-01,2.163573356028791750e-07
9.999993443489074707e-01,6.442306812459719367e-07
9.999965429306030273e-01,3.505193035380216315e-06
9.999945163726806641e-01,5.478196271724300459e-06
9.999933242797851562e-01,6.707130978611530736e-06
9.999826550483703613e-01,1.726760092424228787e-05
9.999731779098510742e-01,2.684608261915855110e-05
9.999849796295166016e-01,1.504039937572088093e-05
9.999963045120239258e-01,3.682389888126635924e-06
9.999980330467224121e-01,1.923438503581564873e-06
9.999954700469970703e-01,4.533678293228149414e-06
9.999808073043823242e-01,1.918635825859382749e-05
9.999724626541137695e-01,2.748305996647104621e-05
9.999907016754150391e-01,9.252151357941329479e-06
9.999952316284179688e-01,4.759557214129017666e-06
9.999952316284179688e-01,4.771933618030743673e-06
9.999960660934448242e-01,3.943005594919668511e-06
9.999974966049194336e-01,2.551412762841209769e-06
9.999965429306030273e-01,3.425366912779281847e-06
9.999977350234985352e-01,2.281026809214381501e-06
9.999974966049194336e-01,2.503710902601596899e-06
9.999949932098388672e-01,4.964354502590140328e-06
9.999796152114868164e-01,2.035220313700847328e-05
9.999091625213623047e-01,9.084381599677726626e-05
9.997294545173645020e-01,2.705025544855743647e-04
9.994931817054748535e-01,5.068460595794022083e-04
7.160401344299316406e-01,2.839598655700683594e-01
9.881766512989997864e-03,9.901181459426879883e-01
6.293623708188533783e-03,9.937063455581665039e-01
1.988235674798488617e-02,9.801175594329833984e-01
6.877101957798004150e-02,9.312289357185363770e-01
2.481005489826202393e-01,7.518993616104125977e-01
6.194995641708374023e-01,3.805003762245178223e-01
8.944376111030578613e-01,1.055624559521675110e-01
9.794785380363464355e-01,2.052148990333080292e-02
9.903575778007507324e-01,9.642370976507663727e-03
9.946048855781555176e-01,5.395112093538045883e-03
9.973058700561523438e-01,2.694169990718364716e-03
9.979652762413024902e-01,2.034743083640933037e-03
9.994228482246398926e-01,5.771714495494961739e-04
9.998788833618164062e-01,1.211520575452595949e-04
9.999918341636657715e-01,8.105519555101636797e-06
9.999960660934448242e-01,3.971816568082431331e-06
9.999969601631164551e-01,2.951876467705005780e-06
9.999995231628417969e-01,5.162374918654677458e-07
9.999990463256835938e-01,1.007756395665637683e-06
9.999982118606567383e-01,1.765760316629894078e-06
9.999984502792358398e-01,1.536501372356724460e-06
9.999946355819702148e-01,5.317412615113426000e-06
9.999779462814331055e-01,2.209195918112527579e-05
9.999845623970031738e-01,1.535703813715372235e-05
9.999800920486450195e-01,1.989957854675594717e-05
9.999734759330749512e-01,2.641795435920357704e-05
9.999415874481201172e-01,5.845326813869178295e-05
9.997493624687194824e-01,2.506814780645072460e-04
9.992035627365112305e-01,7.963746320456266403e-04
9.996176958084106445e-01,3.823303559329360723e-04
9.999467134475708008e-01,5.332579530659131706e-05
9.999929070472717285e-01,7.089589871611678973e-06
9.999979734420776367e-01,2.009880063269520178e-06
9.999985694885253906e-01,1.487634108343627304e-06
9.999963045120239258e-01,3.699768285514437594e-06
9.999887943267822266e-01,1.119431453844299540e-05
9.999879598617553711e-01,1.203267584060085937e-05
9.999960660934448242e-01,3.883981662511359900e-06
9.999982118606567383e-01,1.839917899815191049e-06
9.999961256980895996e-01,3.785638909903354943e-06
9.999921321868896484e-01,7.878693395468872041e-06
9.999898672103881836e-01,1.018233797367429361e-05
9.999909400939941406e-01,9.009144378069322556e-06
9.999808073043823242e-01,1.914441418193746358e-05
9.999873638153076172e-01,1.260745375475380570e-05
9.999946355819702148e-01,5.305797458277083933e-06
9.999965429306030273e-01,3.405046754778595641e-06
9.999847412109375000e-01,1.522969705547438934e-05
9.997542500495910645e-01,2.456941001582890749e-04
9.985741376876831055e-01,1.425836468115448952e-03
9.997861981391906738e-01,2.137832052540034056e-04
9.999638199806213379e-01,3.615651075961068273e-05
9.999670386314392090e-01,3.293284316896460950e-05
9.999624490737915039e-01,3.757872036658227444e-05
9.999947547912597656e-01,5.257137672742828727e-06
9.999991059303283691e-01,8.511601663485635072e-07
9.999989271163940430e-01,1.017279146253713407e-06
9.999947547912597656e-01,5.229525413597002625e-06
9.966314435005187988e-01,3.368525300174951553e-03
4.332234151661396027e-03,9.956676363945007324e-01
1.543220016174018383e-03,9.984567761421203613e-01
7.122684270143508911e-02,9.287731051445007324e-01
7.812457680702209473e-01,2.187542468309402466e-01
9.943181872367858887e-01,5.681787617504596710e-03
9.998481869697570801e-01,1.518141652923077345e-04
9.999909400939941406e-01,9.000977115647401661e-06
9.999980330467224121e-01,1.913733740366296843e-06
9.999991059303283691e-01,8.906005746212031227e-07
9.999992847442626953e-01,7.574477081107033882e-07
9.999993443489074707e-01,6.494462923001265153e-07
9.999990463256835938e-01,9.203033641824731603e-07
9.999986886978149414e-01,1.311367213929770514e-06
9.999965429306030273e-01,3.404108156246365979e-06
9.999659061431884766e-01,3.413798185647465289e-05
9.998625516891479492e-01,1.374290732201188803e-04
9.985482096672058105e-01,1.451716059818863869e-03
9.982706308364868164e-01,1.729403506033122540e-03
9.987150430679321289e-01,1.284969155676662922e-03
9.935368895530700684e-01,6.463076453655958176e-03
9.774685502052307129e-01,2.253144048154354095e-02
9.931995272636413574e-01,6.800462491810321808e-03
9.987151622772216797e-01,1.284890691749751568e-03
9.998208284378051758e-01,1.791469694580882788e-04
9.999641180038452148e-01,3.593208020902238786e-05
9.999855756759643555e-01,1.439032530470285565e-05
9.999898672103881836e-01,1.018436705635394901e-05
9.999883174896240234e-01,1.169371898868121207e-05
9.999858140945434570e-01,1.423522553523071110e-05
9.999715089797973633e-01,2.849733027687761933e-05
9.999909996986389160e-01,8.942069143813569099e-06
9.999988079071044922e-01,1.184258508146740496e-06
9.999996423721313477e-01,3.376781307906639995e-07
9.999996423721313477e-01,3.254313867273594951e-07
9.999993443489074707e-01,5.747248792431491893e-07
9.999990463256835938e-01,9.867821972875390202e-07
9.999986886978149414e-01,1.266485696760355495e-06
9.999985694885253906e-01,1.451203843316761777e-06
9.999982118606567383e-01,1.754600702952302527e-06
9.999907612800598145e-01,9.231844160240143538e-06
9.999825954437255859e-01,1.735851037665270269e-05
9.999860525131225586e-01,1.397246433043619618e-05
9.999920129776000977e-01,8.032738151086959988e-06
9.999926686286926270e-01,7.294373062904924154e-06
9.999895691871643066e-01,1.050711307470919564e-05
9.999791383743286133e-01,2.083213803416583687e-05
9.999921321868896484e-01,7.885909326432738453e-06
9.999875426292419434e-01,1.243419592356076464e-05
9.999670386314392090e-01,3.290411768830381334e-05
9.998964071273803711e-01,1.035930545185692608e-04
9.997543096542358398e-01,2.456109505146741867e-04
9.999322891235351562e-01,6.774576468160375953e-05
9.999852180480957031e-01,1.482966126786777750e-05
9.999911785125732422e-01,8.874343620846047997e-06
9.999921321868896484e-01,7.866185114835388958e-06
9.999923706054687500e-01,7.666771125514060259e-06
9.999961256980895996e-01,3.769718887269846164e-06
9.999977350234985352e-01,2.221551994807668962e-06
9.999964237213134766e-01,3.524846761138178408e-06
9.999818801879882812e-01,1.807421358535066247e-05
9.999258518218994141e-01,7.417511369567364454e-05
9.998691678047180176e-01,1.309305371250957251e-04
9.995450973510742188e-01,4.549484874587506056e-04
9.998732805252075195e-01,1.266805920749902725e-04
9.999678134918212891e-01,3.222144732717424631e-05
9.999856352806091309e-01,1.426955896022263914e-05
9.999909400939941406e-01,9.037368727149441838e-06
9.999895691871643066e-01,1.054186122928513214e-05
9.999923706054687500e-01,7.649337931070476770e-06
9.999928474426269531e-01,7.145228209992637858e-06
9.999902248382568359e-01,9.721671631268691272e-06
9.999815821647644043e-01,1.839727701735682786e-05
9.999856352806091309e-01,1.429133590136189014e-05
9.999871253967285156e-01,1.282838547922438011e-05
9.999941587448120117e-01,5.894754849578021094e-06
9.999971985816955566e-01,2.795767159113893285e-06
9.999991059303283691e-01,8.631354830868076533e-07
9.999995231628417969e-01,4.565844733406265732e-07
9.999991059303283691e-01,8.159550475284049753e-07
9.999985694885253906e-01,1.388492023579601664e-06
9.999963045120239258e-01,3.688575816340744495e-06
9.999739527702331543e-01,2.615695484564639628e-05
9.999387860298156738e-01,6.119257886894047260e-05
9.999811649322509766e-01,1.881066964415367693e-05
9.999941587448120117e-01,5.812886683997930959e-06
9.999969005584716797e-01,3.140878106933087111e-06
9.999965429306030273e-01,3.399958814043202437e-06
9.999971389770507812e-01,2.889271399908466265e-06
9.999960660934448242e-01,3.965454652643529698e-06
9.999969005584716797e-01,3.086232254645437934e-06
9.999989271163940430e-01,1.090259729608078487e-06
9.999991059303283691e-01,8.530088848601735663e-07
9.999978542327880859e-01,2.127876996382838115e-06
9.999971985816955566e-01,2.785998958643176593e-06
9.999971389770507812e-01,2.901191237469902262e-06
9.999949932098388672e-01,4.976142918167170137e-06
9.999470114707946777e-01,5.306706225383095443e-05
9.995203018188476562e-01,4.796971916221082211e-04
9.989696741104125977e-01,1.030367217026650906e-03
9.987905025482177734e-01,1.209409907460212708e-03
9.995161294937133789e-01,4.838391032535582781e-04
9.977883696556091309e-01,2.211718121543526649e-03
9.862052202224731445e-01,1.379483379423618317e-02
9.989436268806457520e-01,1.056395820342004299e-03
9.999424219131469727e-01,5.756679456681013107e-05
9.999739527702331543e-01,2.615226730995345861e-05
9.999949932098388672e-01,4.979864570486824960e-06
9.999982714653015137e-01,1.679932779552473221e-06
9.999971389770507812e-01,2.801414666464552283e-06
9.999945163726806641e-01,5.481959306052885950e-06
9.999768733978271484e-01,2.315959500265307724e-05
9.999344348907470703e-01,6.554363790201023221e-05
9.998646974563598633e-01,1.352366380160674453e-04
9.999436140060424805e-01,5.642374890157952905e-05
9.999444484710693359e-01,5.553525625145994127e-05
9.999427199363708496e-01,5.737195169785991311e-05
9.999355673789978027e-01,6.433582893805578351e-05
9.998822212219238281e-01,1.177199374069459736e-04
9.998027086257934570e-01,1.973112084669992328e-04
9.985035657882690430e-01,1.496417797170579433e-03
9.984758496284484863e-01,1.524098799563944340e-03
9.993272423744201660e-01,6.727441796101629734e-04
9.994551539421081543e-01,5.448485026136040688e-04
9.996012449264526367e-01,3.987301315646618605e-04
9.977099895477294922e-01,2.289970172569155693e-03
7.428966462612152100e-02,9.257103800773620605e-01
1.938017958309501410e-04,9.998062252998352051e-01
1.859611948020756245e-04,9.998140335083007812e-01
6.827937904745340347e-04,9.993171691894531250e-01
3.313703928142786026e-03,9.966862201690673828e-01
6.378422956913709641e-03,9.936215281486511230e-01
1.946124061942100525e-02,9.805386662483215332e-01
3.536905348300933838e-02,9.646309614181518555e-01
7.365813106298446655e-02,9.263418316841125488e-01
1.340758204460144043e-01,8.659241795539855957e-01
3.208628892898559570e-01,6.791371107101440430e-01
7.171341180801391602e-01,2.828658819198608398e-01
9.593082070350646973e-01,4.069182276725769043e-02
9.964278340339660645e-01,3.572219284251332283e-03
9.996416568756103516e-01,3.583610814530402422e-04
9.998298287391662598e-01,1.701900764601305127e-04
9.997165799140930176e-01,2.834334154613316059e-04
9.996259808540344238e-01,3.740343672689050436e-04
9.993296265602111816e-01,6.703803082928061485e-04
9.985325932502746582e-01,1.467362511903047562e-03
9.993501305580139160e-01,6.499045412056148052e-04
9.971278905868530273e-01,2.872014185413718224e-03
9.549137353897094727e-01,4.508624598383903503e-02
7.406195402145385742e-01,2.593804895877838135e-01
6.002889946103096008e-02,9.399711489677429199e-01
5.514940246939659119e-03,9.944850206375122070e-01
2.233617939054965973e-03,9.977663159370422363e-01
1.757855992764234543e-03,9.982421398162841797e-01
5.024854559451341629e-03,9.949751496315002441e-01
4.195256158709526062e-02,9.580474495887756348e-01
2.225537598133087158e-01,7.774462699890136719e-01
8.532200455665588379e-01,1.467799544334411621e-01
9.995360970497131348e-01,4.638432292267680168e-04
9.999778270721435547e-01,2.215191670984495431e-05
9.999946355819702148e-01,5.396012056735344231e-06
9.999958872795104980e-01,4.089962203579489142e-06
9.999861717224121094e-01,1.384165443596430123e-05
9.999798536300659180e-01,2.011355718423146755e-05
9.999907612800598145e-01,9.154744475381448865e-06
9.999965429306030273e-01,3.409358441786025651e-06
9.999942183494567871e-01,5.742321263824123889e-06
9.999465942382812500e-01,5.345043609850108624e-05
9.997404217720031738e-01,2.596133563201874495e-04
9.998465776443481445e-01,1.533929025754332542e-04
9.996707439422607422e-01,3.292133333161473274e-04
9.983330368995666504e-01,1.666999422013759613e-03
9.990839958190917969e-01,9.160470217466354370e-04
9.996249675750732422e-01,3.750221221707761288e-04
9.992451667785644531e-01,7.548283319920301437e-04
9.899528622627258301e-01,1.004719268530607224e-02
8.953437209129333496e-01,1.046562194824218750e-01
2.582168579101562500e-01,7.417830824851989746e-01
3.528587147593498230e-02,9.647141098976135254e-01
1.958481967449188232e-02,9.804152250289916992e-01
2.120275609195232391e-02,9.787973165512084961e-01
2.698134444653987885e-02,9.730186462402343750e-01
5.079262703657150269e-02,9.492073655128479004e-01
5.554009601473808289e-02,9.444599151611328125e-01
8.833689987659454346e-02,9.116631150245666504e-01
2.683935165405273438e-01,7.316064834594726562e-01
6.338183283805847168e-01,3.661817610263824463e-01
9.636141061782836914e-01,3.638591617345809937e-02
9.993293285369873047e-01,6.706865970045328140e-04
9.999727010726928711e-01,2.728091749304439873e-05
9.999811649322509766e-01,1.880166564660612494e-05
9.999524354934692383e-01,4.753839675686322153e-05
9.999465942382812500e-01,5.335448804544284940e-05
9.999696016311645508e-01,3.041473792109172791e-05
9.999570846557617188e-01,4.287921910872682929e-05
9.998308420181274414e-01,1.691636716714128852e-04
9.989963173866271973e-01,1.003712299279868603e-03
9.995173215866088867e-01,4.826982039958238602e-04
9.998385906219482422e-01,1.613758649909868836e-04
9.998899102210998535e-01,1.101180678233504295e-04
9.996296167373657227e-01,3.704056143760681152e-04
9.992678761482238770e-01,7.321176817640662193e-04
9.971310496330261230e-01,2.869013696908950806e-03
9.955871105194091797e-01,4.412829410284757614e-03
9.989357590675354004e-01,1.064182142727077007e-03
9.989266991615295410e-01,1.073222374543547630e-03
9.980953335762023926e-01,1.904714736156165600e-03
9.973113536834716797e-01,2.688641194254159927e-03
9.954017400741577148e-01,4.598271101713180542e-03
9.651265144348144531e-01,3.487337380647659302e-02
8.876945972442626953e-01,1.123054400086402893e-01
8.529143333435058594e-01,1.470856517553329468e-01
9.385567307472229004e-01,6.144321337342262268e-02
9.911894202232360840e-01,8.810567669570446014e-03
9.988090395927429199e-01,1.190858893096446991e-03
9.998781085014343262e-01,1.219303958350792527e-04
9.998058676719665527e-01,1.941025402629747987e-04
9.995735287666320801e-01,4.264629969839006662e-04
9.984137415885925293e-01,1.586290076375007629e-03
9.977889060974121094e-01,2.211102284491062164e-03
9.986153841018676758e-01,1.384657924063503742e-03
9.994851350784301758e-01,5.147843039594590664e-04
9.993215203285217285e-01,6.784500437788665295e-04
9.978931546211242676e-01,2.106868894770741463e-03
9.942363500595092773e-01,5.763623397797346115e-03
9.913053512573242188e-01,8.694631978869438171e-03
9.953162670135498047e-01,4.683723673224449158e-03
9.947195053100585938e-01,5.280500743538141251e-03
9.917312860488891602e-01,8.268663659691810608e-03
9.757052063941955566e-01,2.429480850696563721e-02
9.769999980926513672e-01,2.299993857741355896e-02
9.923835396766662598e-01,7.616469170898199081e-03
9.987494945526123047e-01,1.250447588972747326e-03
9.998223185539245605e-01,1.776975695975124836e-04
9.999525547027587891e-01,4.743663521367125213e-05
9.996187090873718262e-01,3.813071525655686855e-04
9.961038827896118164e-01,3.896128619089722633e-03
9.939054846763610840e-01,6.094500422477722168e-03
9.973310232162475586e-01,2.669021021574735641e-03
9.981374144554138184e-01,1.862584031186997890e-03
9.975520968437194824e-01,2.447891049087047577e-03
9.970872998237609863e-01,2.912685275077819824e-03
9.944735169410705566e-01,5.526490975171327591e-03
9.943353533744812012e-01,5.664623342454433441e-03
9.956972002983093262e-01,4.302720073610544205e-03
9.871247410774230957e-01,1.287520583719015121e-02
9.895438551902770996e-01,1.045615412294864655e-02
9.964814186096191406e-01,3.518544835969805717e-03
9.457193017005920410e-01,5.428064614534378052e-02
9.281907677650451660e-01,7.180920988321304321e-02
9.937245845794677734e-01,6.275410298258066177e-03
9.991771578788757324e-01,8.227850194089114666e-04
9.994966983795166016e-01,5.032774643041193485e-04
9.994611740112304688e-01,5.387320416048169136e-04
9.974395036697387695e-01,2.560426713898777962e-03
9.609390497207641602e-01,3.906098380684852600e-02
9.051797986030578613e-01,9.482022374868392944e-02
9.641755223274230957e-01,3.582444041967391968e-02
9.797937273979187012e-01,2.020621299743652344e-02
9.875112771987915039e-01,1.248873956501483917e-02
9.733939170837402344e-01,2.660596929490566254e-02
9.510858654975891113e-01,4.891416057944297791e-02
5.953862071037292480e-01,4.046137332916259766e-01
8.744153380393981934e-01,1.255846470594406128e-01
9.921927452087402344e-01,7.807174231857061386e-03
9.979642033576965332e-01,2.035753335803747177e-03
9.976494908332824707e-01,2.350544556975364685e-03
9.969991445541381836e-01,3.000836819410324097e-03
9.980518817901611328e-01,1.948108663782477379e-03
9.945348501205444336e-01,5.465193185955286026e-03
9.692192077636718750e-01,3.078074939548969269e-02
9.180272817611694336e-01,8.197271823883056641e-02
8.604108095169067383e-01,1.395892202854156494e-01
9.554210305213928223e-01,4.457901045680046082e-02
9.929943680763244629e-01,7.005588151514530182e-03
9.968656301498413086e-01,3.134425729513168335e-03
9.943861365318298340e-01,5.613863933831453323e-03
9.709211587905883789e-01,2.907878160476684570e-02
9.247593879699707031e-01,7.524064183235168457e-02
8.107302188873291016e-01,1.892697662115097046e-01
8.514245748519897461e-01,1.485754698514938354e-01
9.714103937149047852e-01,2.858960628509521484e-02
9.919864535331726074e-01,8.013518527150154114e-03
9.777138233184814453e-01,2.228612452745437622e-02
8.614995479583740234e-01,1.385004073381423950e-01
1.992386020720005035e-02,9.800761342048645020e-01
2.161780284950509667e-04,9.997838139533996582e-01
1.021717616822570562e-04,9.998978376388549805e-01
1.944217510754242539e-04,9.998056292533874512e-01
3.741754626389592886e-04,9.996258020401000977e-01
1.572977635078132153e-03,9.984270334243774414e-01
1.963304728269577026e-02,9.803669452667236328e-01
3.597950935363769531e-01,6.402049064636230469e-01
8.259006142616271973e-01,1.740993410348892212e-01
8.825495839118957520e-01,1.174502894282341003e-01
9.124498367309570312e-01,8.755024522542953491e-02
6.447536349296569824e-01,3.552463352680206299e-01
6.999869346618652344e-01,3.000130951404571533e-01
9.031767845153808594e-01,9.682314842939376831e-02
9.812685251235961914e-01,1.873139478266239166e-02
9.931460022926330566e-01,6.853933446109294891e-03
9.994261860847473145e-01,5.737605970352888107e-04
9.999428391456604004e-01,5.713710925192572176e-05
9.999855756759643555e-01,1.446055557607905939e-05
9.999762177467346191e-01,2.375876101723406464e-05
9.999427795410156250e-01,5.720499029848724604e-05
9.999179840087890625e-01,8.201960736187174916e-05
9.999823570251464844e-01,1.767306093825027347e-05
9.999920129776000977e-01,7.934627319627907127e-06
9.999885559082031250e-01,1.145784608524991199e-05
9.999530315399169922e-01,4.698227348853833973e-05
9.999556541442871094e-01,4.439766780706122518e-05
9.999344944953918457e-01,6.544021016452461481e-05
9.993425011634826660e-01,6.575049483217298985e-04
9.976561069488525391e-01,2.343839267268776894e-03
9.972667694091796875e-01,2.733287168666720390e-03
9.978467822074890137e-01,2.153163542971014977e-03
9.974392652511596680e-01,2.560754073783755302e-03
9.991873502731323242e-01,8.125716703943908215e-04
9.995303750038146973e-01,4.695467941928654909e-04
9.976298809051513672e-01,2.370137255638837814e-03
9.909983873367309570e-01,9.001621976494789124e-03
9.875252246856689453e-01,1.247482374310493469e-02
9.965165257453918457e-01,3.483575303107500076e-03
9.990768432617187500e-01,9.231528383679687977e-04
9.980773329734802246e-01,1.922618015669286251e-03
9.966561794281005859e-01,3.343812655657529831e-03
9.751569032669067383e-01,2.484307624399662018e-02
9.786095619201660156e-01,2.139048464596271515e-02
9.911640286445617676e-01,8.835928514599800110e-03
9.945736527442932129e-01,5.426376592367887497e-03
9.865366816520690918e-01,1.346336305141448975e-02
9.791416525840759277e-01,2.085836231708526611e-02
9.716167449951171875e-01,2.838323451578617096e-02
9.825819730758666992e-01,1.741805858910083771e-02
9.937347769737243652e-01,6.265220232307910919e-03
9.790331125259399414e-01,2.096697501838207245e-02
9.303306937217712402e-01,6.966921687126159668e-02
8.477842211723327637e-01,1.522158086299896240e-01
8.937249183654785156e-01,1.062751486897468567e-01
4.909019172191619873e-02,9.509098529815673828e-01
2.015816746279597282e-03,9.979841709136962891e-01
2.864323789253830910e-03,9.971356391906738281e-01
3.650252521038055420e-02,9.634974598884582520e-01
4.995369315147399902e-01,5.004630684852600098e-01
9.787170290946960449e-01,2.128293924033641815e-02
9.997019767761230469e-01,2.980876306537538767e-04
9.999760389328002930e-01,2.395890078332740813e-05
9.999896287918090820e-01,1.032800992106785998e-05
9.999813437461853027e-01,1.858111318142618984e-05
9.999879598617553711e-01,1.200260157929733396e-05
9.999729990959167480e-01,2.696838055271655321e-05
9.995217323303222656e-01,4.783144395332783461e-04
9.934537410736083984e-01,6.546327844262123108e-03
9.891090393066406250e-01,1.089093461632728577e-02
9.693247079849243164e-01,3.067526221275329590e-02
8.591555953025817871e-01,1.408443897962570190e-01
7.587239146232604980e-01,2.412760704755783081e-01
7.506875395774841309e-01,2.493125051259994507e-01
7.675119638442993164e-01,2.324880063533782959e-01
9.063785076141357422e-01,9.362138807773590088e-02
9.747405052185058594e-01,2.525945380330085754e-02
9.856853485107421875e-01,1.431468967348337173e-02
1.824251934885978699e-02,9.817574024200439453e-01
1.296245842240750790e-03,9.987037777900695801e-01
1.113638980314135551e-03,9.988864064216613770e-01
5.055082496255636215e-03,9.949448108673095703e-01
6.663458049297332764e-02,9.333654046058654785e-01
7.467219829559326172e-01,2.532779574394226074e-01
9.925562143325805664e-01,7.443706505000591278e-03
9.998047947883605957e-01,1.952491729753091931e-04
9.999710917472839355e-01,2.890231917263008654e-05
9.999957084655761719e-01,4.308468305680435151e-06
9.999966621398925781e-01,3.352237172293826006e-06
9.999928474426269531e-01,7.186662969616008922e-06
9.999930858612060547e-01,6.882103662064764649e-06
9.999911785125732422e-01,8.804308890830725431e-06
9.999449849128723145e-01,5.491741467267274857e-05
9.995408058166503906e-01,4.591949982568621635e-04
9.968708157539367676e-01,3.129140706732869148e-03
9.652147293090820312e-01,3.478521108627319336e-02
9.331022500991821289e-01,6.689772754907608032e-02
8.868347406387329102e-01,1.131652668118476868e-01
9.562614560127258301e-01,4.373846575617790222e-02
9.891623258590698242e-01,1.083764247596263885e-02
9.894551634788513184e-01,1.054486911743879318e-02
9.947672486305236816e-01,5.232654046267271042e-03
9.945585727691650391e-01,5.441355518996715546e-03
9.927761554718017578e-01,7.223827298730611801e-03
9.946784377098083496e-01,5.321560427546501160e-03
9.985811114311218262e-01,1.418831758201122284e-03
9.986182451248168945e-01,1.381738111376762390e-03
9.979467988014221191e-01,2.053180942311882973e-03
9.967189431190490723e-01,3.281028708443045616e-03
9.928093552589416504e-01,7.190635893493890762e-03
9.921218752861022949e-01,7.878137752413749695e-03
9.920521378517150879e-01,7.947782985866069794e-03
9.934859275817871094e-01,6.513993721455335617e-03
9.643437266349792480e-01,3.565633296966552734e-02
9.702184796333312988e-01,2.978147193789482117e-02
8.573610186576843262e-01,1.426390111446380615e-01
1.135662663727998734e-02,9.886432886123657227e-01
5.921908654272556305e-03,9.940780997276306152e-01
2.519230358302593231e-02,9.748076796531677246e-01
9.810239076614379883e-02,9.018975496292114258e-01
4.090889692306518555e-01,5.909110903739929199e-01
8.031417131423950195e-01,1.968583315610885620e-01
9.586453437805175781e-01,4.135465621948242188e-02
9.952666759490966797e-01,4.733340349048376083e-03
9.995891451835632324e-01,4.108208813704550266e-04
9.999608397483825684e-01,3.904938785126432776e-05
9.999911785125732422e-01,8.770687600190285593e-06
9.999961256980895996e-01,3.838977590930880979e-06
9.999985694885253906e-01,1.444155714125372469e-06
9.999995231628417969e-01,5.276311298985092435e-07
9.999995231628417969e-01,5.165950369701022282e-07
9.999982714653015137e-01,1.700469852039532270e-06
9.999884366989135742e-01,1.157226142822764814e-05
9.997847080230712891e-01,2.152395463781431317e-04
9.990360736846923828e-01,9.639226482249796391e-04
9.982790946960449219e-01,1.720968284644186497e-03
9.947106242179870605e-01,5.289381369948387146e-03
9.899309873580932617e-01,1.006898656487464905e-02
9.917079806327819824e-01,8.292042650282382965e-03
9.871817827224731445e-01,1.281820051372051239e-02
9.923003911972045898e-01,7.699546404182910919e-03
9.959342479705810547e-01,4.065671004354953766e-03
9.980905652046203613e-01,1.909428974613547325e-03
9.952805042266845703e-01,4.719560500234365463e-03
9.799742102622985840e-01,2.002574503421783447e-02
9.803367853164672852e-01,1.966311223804950714e-02
9.811922311782836914e-01,1.880771480500698090e-02
9.884278178215026855e-01,1.157223619520664215e-02
9.947990775108337402e-01,5.200813524425029755e-03
9.971422553062438965e-01,2.857688115909695625e-03
9.941887855529785156e-01,5.811213050037622452e-03
9.941606521606445312e-01,5.839276127517223358e-03
9.964386820793151855e-01,3.561309073120355606e-03
9.976184964179992676e-01,2.381452126428484917e-03
9.985296726226806641e-01,1.470355316996574402e-03
9.993525147438049316e-01,6.474979454651474953e-04
9.996612071990966797e-01,3.388203913345932961e-04
9.996401071548461914e-01,3.598376060836017132e-04
9.991400837898254395e-01,8.599013090133666992e-04
9.958923459053039551e-01,4.107546992599964142e-03
9.843228459358215332e-01,1.567715778946876526e-02
9.772606492042541504e-01,2.273933030664920807e-02
9.459530711174011230e-01,5.404692143201828003e-02
9.475006461143493652e-01,5.249931290745735168e-02
9.795690178871154785e-01,2.043090946972370148e-02
9.857586622238159180e-01,1.424135081470012665e-02
9.811625480651855469e-01,1.883733831346035004e-02
9.291047453880310059e-01,7.089521735906600952e-02
6.292830109596252441e-01,3.707169592380523682e-01
5.368984937667846680e-01,4.631014764308929443e-01
8.730800151824951172e-01,1.269199401140213013e-01
9.750554561614990234e-01,2.494455687701702118e-02
9.953533411026000977e-01,4.646714311093091965e-03
9.959672689437866211e-01,4.032689146697521210e-03
9.933791160583496094e-01,6.620904430747032166e-03
9.783290624618530273e-01,2.167092449963092804e-02
9.745476245880126953e-01,2.545235864818096161e-02
9.801973104476928711e-01,1.980267651379108429e-02
9.755363464355468750e-01,2.446363493800163269e-02
9.721383452415466309e-01,2.786168828606605530e-02
9.761675596237182617e-01,2.383245527744293213e-02
9.834879040718078613e-01,1.651208102703094482e-02
9.747461080551147461e-01,2.525386027991771698e-02
9.566384553909301758e-01,4.336150735616683960e-02
9.575263261795043945e-01,4.247360676527023315e-02
9.706888198852539062e-01,2.931119874119758606e-02
9.708105325698852539e-01,2.918942831456661224e-02
9.826664328575134277e-01,1.733354851603507996e-02
9.907029867172241211e-01,9.296988137066364288e-03
9.700615406036376953e-01,2.993847057223320007e-02
9.855810999870300293e-01,1.441889349371194839e-02
9.881374835968017578e-01,1.186241768300533295e-02
9.917557835578918457e-01,8.244187571108341217e-03
9.868153929710388184e-01,1.318461261689662933e-02
9.291300177574157715e-01,7.086998224258422852e-02
6.133704781532287598e-01,3.866295516490936279e-01
7.165195941925048828e-01,2.834803462028503418e-01
9.224017858505249023e-01,7.759824395179748535e-02
9.889293313026428223e-01,1.107070036232471466e-02
9.889792203903198242e-01,1.102080103009939194e-02
9.893251657485961914e-01,1.067479141056537628e-02
9.886289238929748535e-01,1.137107145041227341e-02
9.921798706054687500e-01,7.820151746273040771e-03
9.966327548027038574e-01,3.367230761796236038e-03
9.983086585998535156e-01,1.691292505711317062e-03
9.970168471336364746e-01,2.983151469379663467e-03
9.895467162132263184e-01,1.045335829257965088e-02
9.639239907264709473e-01,3.607606515288352966e-02
9.456486701965332031e-01,5.435139313340187073e-02
9.716534614562988281e-01,2.834654413163661957e-02
9.873722195625305176e-01,1.262775436043739319e-02
9.846702218055725098e-01,1.532977074384689331e-02
9.630408883094787598e-01,3.695915266871452332e-02
7.005239725112915039e-01,2.994759976863861084e-01
7.725584506988525391e-01,2.274415343999862671e-01
9.421114921569824219e-01,5.788845941424369812e-02
9.941271543502807617e-01,5.872876849025487900e-03
9.956651329994201660e-01,4.334904253482818604e-03
9.895904064178466797e-01,1.040964014828205109e-02
9.951943755149841309e-01,4.805587697774171829e-03
9.990967512130737305e-01,9.033117676153779030e-04
9.999586939811706543e-01,4.123237886233255267e-05
9.999881982803344727e-01,1.181903098768088967e-05
9.999911785125732422e-01,8.813701242615934461e-06
9.999262690544128418e-01,7.374253618763759732e-05
9.990438222885131836e-01,9.562649065628647804e-04
9.994983673095703125e-01,5.016467766836285591e-04
9.998148083686828613e-01,1.851869310485199094e-04
9.998576045036315918e-01,1.424560759915038943e-04
9.983695149421691895e-01,1.630524056963622570e-03
9.976356029510498047e-01,2.364445710554718971e-03
9.991622567176818848e-01,8.376981713809072971e-04
9.986540079116821289e-01,1.345917000435292721e-03
9.894911050796508789e-01,1.050890889018774033e-02
9.495638608932495117e-01,5.043612048029899597e-02
9.956022500991821289e-01,4.397730343043804169e-03
9.994040131568908691e-01,5.959637928754091263e-04
9.997602105140686035e-01,2.397342759650200605e-04
9.987709522247314453e-01,1.229135552421212196e-03
9.998139739036560059e-01,1.859927579062059522e-04
9.999936819076538086e-01,6.335611942631658167e-06
9.999986886978149414e-01,1.304911279476073105e-06
9.999969005584716797e-01,3.097224407611065544e-06
9.999537467956542969e-01,4.625943620339967310e-05
9.999532103538513184e-01,4.686757529270835221e-05
9.999719262123107910e-01,2.798091554723214358e-05
9.999743103981018066e-01,2.568650415923912078e-05
9.997611641883850098e-01,2.388419961789622903e-04
9.974952936172485352e-01,2.504742937162518501e-03
9.979117512702941895e-01,2.088233595713973045e-03
9.981150627136230469e-01,1.884963829070329666e-03
9.992331862449645996e-01,7.668200996704399586e-04
9.996046423912048340e-01,3.953277482651174068e-04
9.998975992202758789e-01,1.024467128445394337e-04
9.999378919601440430e-01,6.206546822795644403e-05
9.998617172241210938e-01,1.382080663461238146e-04
9.993640780448913574e-01,6.359723629429936409e-04
9.998242259025573730e-01,1.758333091856911778e-04
9.999813437461853027e-01,1.863735269580502063e-05
9.999926090240478516e-01,7.388610811176477000e-06
9.999896287918090820e-01,1.035667173709953204e-05
9.999755620956420898e-01,2.442779077682644129e-05
9.999842643737792969e-01,1.568734114698600024e-05
9.999850988388061523e-01,1.491582770540844649e-05
9.999674558639526367e-01,3.249962901463732123e-05
9.999083280563354492e-01,9.163047070614993572e-05
9.933131337165832520e-01,6.686904933303594589e-03
9.847347736358642578e-01,1.526518724858760834e-02
9.920697808265686035e-01,7.930149324238300323e-03
9.621686935424804688e-01,3.783132135868072510e-02
1.062853634357452393e-01,8.937147259712219238e-01
6.952901929616928101e-02,9.304708838462829590e-01
3.038133680820465088e-01,6.961865425109863281e-01
8.891147971153259277e-01,1.108851805329322815e-01
9.913373589515686035e-01,8.662609383463859558e-03
9.988459348678588867e-01,1.154024736024439335e-03
9.998140335083007812e-01,1.858778705354779959e-04
9.999667406082153320e-01,3.331659900140948594e-05
9.999707937240600586e-01,2.917560232162941247e-05
9.999607801437377930e-01,3.927481520804576576e-05
9.999879598617553711e-01,1.201092618430266157e-05
9.999984502792358398e-01,1.511392497377528343e-06
9.999997615814208984e-01,2.314548339654720621e-07
1.000000000000000000e+00,4.680742549112437700e-08
9.999998807907104492e-01,1.722881250998398173e-07
9.999939203262329102e-01,6.046025191608350724e-06
9.999405741691589355e-01,5.952429273747839034e-05
9.999376535415649414e-01,6.239116191864013672e-05
9.998360276222229004e-01,1.640039554331451654e-04
9.994266033172607422e-01,5.734405713155865669e-04
9.991000294685363770e-01,8.999900310300290585e-04
9.998573660850524902e-01,1.427288807462900877e-04
9.999478459358215332e-01,5.215517376200295985e-05
9.979095458984375000e-01,2.090467140078544617e-03
7.553356885910034180e-01,2.446643114089965820e-01
5.844769477844238281e-01,4.155229926109313965e-01
8.620200753211975098e-01,1.379799246788024902e-01
9.891632199287414551e-01,1.083677541464567184e-02
9.995298981666564941e-01,4.700981371570378542e-04
9.999705553054809570e-01,2.944930201920215040e-05
9.999958872795104980e-01,4.104153049411252141e-06
9.999990463256835938e-01,9.873177759800455533e-07
9.999997615814208984e-01,2.754545675998087972e-07
1.000000000000000000e+00,5.076374165469133004e-08
1.000000000000000000e+00,5.196241659177758265e-08
9.999996423721313477e-01,3.431535162690124707e-07
9.999936819076538086e-01,6.355406640068395063e-06
9.999145269393920898e-01,8.547092147637158632e-05
7.315201759338378906e-01,2.684798240661621094e-01
1.075374782085418701e-01,8.924625515937805176e-01
1.430544555187225342e-01,8.569455146789550781e-01
6.515876650810241699e-01,3.484122455120086670e-01
9.537409543991088867e-01,4.625900089740753174e-02
9.946810603141784668e-01,5.318948067724704742e-03
9.992783665657043457e-01,7.217043894343078136e-04
9.998391866683959961e-01,1.608227757969871163e-04
9.999282956123352051e-01,7.158306834753602743e-05
9.999485015869140625e-01,5.154469545232132077e-05
9.999613761901855469e-01,3.865961480187252164e-05
9.999526739120483398e-01,4.730264481622725725e-05
9.999268054962158203e-01,7.314104004763066769e-05
9.999517202377319336e-01,4.822755727218464017e-05
9.999737739562988281e-01,2.620789200591389090e-05
9.999921321868896484e-01,7.813519914634525776e-06
9.999989271163940430e-01,1.097813651540491264e-06
9.999996423721313477e-01,2.985056255511153722e-07
9.999997615814208984e-01,2.685194431251147762e-07
9.999992847442626953e-01,7.548696885351091623e-07
9.999947547912597656e-01,5.247115041129291058e-06
9.999365806579589844e-01,6.338582898024469614e-05
5.878262519836425781e-01,4.121737778186798096e-01
1.916025020182132721e-02,9.808396100997924805e-01
5.119136348366737366e-02,9.488086104393005371e-01
3.700729906558990479e-01,6.299269795417785645e-01
9.669931530952453613e-01,3.300674259662628174e-02
9.996889829635620117e-01,3.110639809165149927e-04
9.999958872795104980e-01,4.041572537971660495e-06
9.999998807907104492e-01,1.679742922533478122e-07
9.999998807907104492e-01,6.768249960487082717e-08
9.999997615814208984e-01,2.446292057811660925e-07
9.999985694885253906e-01,1.467320544179528952e-06
9.999848604202270508e-01,1.509264347987482324e-05
9.999479055404663086e-01,5.206085188547149301e-05
9.999315142631530762e-01,6.844144809292629361e-05
9.999370574951171875e-01,6.289981683949008584e-05
9.999166727066040039e-01,8.328843250637874007e-05
9.998514652252197266e-01,1.485026004957035184e-04
9.998328685760498047e-01,1.671082281973212957e-04
9.998143911361694336e-01,1.855778100434690714e-04
9.998918175697326660e-01,1.082123199012130499e-04
9.999570846557617188e-01,4.291072036721743643e-05
9.999825954437255859e-01,1.739148501656018198e-05
9.999914169311523438e-01,8.636323400423862040e-06
9.999963045120239258e-01,3.753009877982549369e-06
9.999984502792358398e-01,1.519932084192987531e-06
9.999974966049194336e-01,2.444896153974696063e-06
9.999941587448120117e-01,5.858281838300172240e-06
9.999939799308776855e-01,5.956634595349896699e-06
9.999926090240478516e-01,7.367670605162857100e-06
9.999890327453613281e-01,1.093493665393907577e-05
9.999867081642150879e-01,1.327856352872913703e-05
9.999829530715942383e-01,1.699872336757835001e-05
9.999819993972778320e-01,1.797744698706083000e-05
9.999525547027587891e-01,4.740045915241353214e-05
9.989432692527770996e-01,1.056730281561613083e-03
9.870009422302246094e-01,1.299907732754945755e-02
9.929180145263671875e-01,7.081967778503894806e-03
9.990689754486083984e-01,9.309945744462311268e-04
9.999110698699951172e-01,8.894174243323504925e-05
9.999845027923583984e-01,1.548932777950540185e-05
9.999969005584716797e-01,3.158395884383935481e-06
9.999995231628417969e-01,5.286430564410693478e-07
9.999998807907104492e-01,1.241794791440042900e-07
9.999998807907104492e-01,1.075322515475818363e-07
9.999998807907104492e-01,1.199217791736373329e-07
9.999998807907104492e-01,9.528428535077182460e-08
9.999998807907104492e-01,9.150667779067589436e-08
9.999998807907104492e-01,1.618944764913976542e-07
9.999992847442626953e-01,6.762995212739042472e-07
9.999934434890747070e-01,6.590752946067368612e-06
9.999210238456726074e-01,7.887049287091940641e-05
9.991596937179565430e-01,8.403133833780884743e-04
9.990725517272949219e-01,9.274493786506354809e-04
9.996209144592285156e-01,3.791046037804335356e-04
9.999296665191650391e-01,7.030250708339735866e-05
9.999557733535766602e-01,4.417205855133943260e-05
9.999815821647644043e-01,1.837837226048577577e-05
9.999955892562866211e-01,4.457855084183393046e-06
9.999988079071044922e-01,1.215783299812756013e-06
9.999988079071044922e-01,1.154729716290603392e-06
9.999976158142089844e-01,2.414244818282895721e-06
9.999899268150329590e-01,1.001197870209580287e-05
9.999774694442749023e-01,2.251149089715909213e-05
9.999734759330749512e-01,2.647922156029380858e-05
9.999387860298156738e-01,6.110405229264870286e-05
9.998993873596191406e-01,1.006075908662751317e-04
9.999476671218872070e-01,5.238957601250149310e-05
9.999704360961914062e-01,2.953950752271339297e-05
9.999402761459350586e-01,5.977852924843318760e-05
9.411696195602416992e-01,5.883038789033889771e-02
7.364951074123382568e-02,9.263505339622497559e-01
4.132783785462379456e-02,9.586721658706665039e-01
1.293688565492630005e-01,8.706311583518981934e-01
5.606853961944580078e-01,4.393145740032196045e-01
9.497814178466796875e-01,5.021862685680389404e-02
9.963986873626708984e-01,3.601239295676350594e-03
9.994344115257263184e-01,5.655420245602726936e-04
9.998630285263061523e-01,1.368956436635926366e-04
9.999612569808959961e-01,3.870476575684733689e-05
9.999874830245971680e-01,1.249962224392220378e-05
9.999982714653015137e-01,1.628434574740822427e-06
9.999993443489074707e-01,5.784988843515748158e-07
9.999993443489074707e-01,6.038974333932856098e-07
9.999992847442626953e-01,6.577563453902257606e-07
9.999993443489074707e-01,6.243388952498207800e-07
9.999990463256835938e-01,9.533678735351713840e-07
9.999984502792358398e-01,1.547697479509224650e-06
9.999985694885253906e-01,1.432929479960876051e-06
9.999990463256835938e-01,9.806524303712649271e-07
9.999985694885253906e-01,1.456851578041096218e-06
9.999977350234985352e-01,2.270095819767448120e-06
9.999949932098388672e-01,5.000328201276715845e-06
9.999802708625793457e-01,1.971679557755123824e-05
9.992657899856567383e-01,7.341403979808092117e-04
9.090074300765991211e-01,9.099252521991729736e-02
5.579324364662170410e-01,4.420675337314605713e-01
7.246757149696350098e-01,2.753242850303649902e-01
9.850704669952392578e-01,1.492948364466428757e-02
9.993559718132019043e-01,6.440611905418336391e-04
9.999767541885375977e-01,2.327683796465862542e-05
9.999958872795104980e-01,3.997950898337876424e-06
9.999973773956298828e-01,2.584212097644922324e-06
9.999952316284179688e-01,4.782895757671212777e-06
9.999760389328002930e-01,2.392154783592559397e-05
9.999818801879882812e-01,1.812995651562232524e-05
9.999920129776000977e-01,8.005328709259629250e-06
9.999978542327880859e-01,2.161114025511778891e-06
9.999986886978149414e-01,1.344634711131220683e-06
9.999990463256835938e-01,9.636440836402471177e-07
9.999992847442626953e-01,6.827702918599243276e-07
9.999992847442626953e-01,7.035796443233266473e-07
9.999982118606567383e-01,1.735015985104837455e-06
9.999953508377075195e-01,4.707289008365478367e-06
9.999929070472717285e-01,7.016569270490435883e-06
9.999917149543762207e-01,8.403005267609842122e-06
9.999943971633911133e-01,5.605333171843085438e-06
9.999949932098388672e-01,4.997901214665034786e-06
9.999966621398925781e-01,3.397200543986400589e-06
9.999980330467224121e-01,1.933223757077939808e-06
9.999986886978149414e-01,1.281629806726414245e-06
9.999982714653015137e-01,1.610139861440984532e-06
9.999973773956298828e-01,2.585819629530305974e-06
9.999971389770507812e-01,2.884822151827393100e-06
9.999974966049194336e-01,2.506967348381294869e-06
9.999957084655761719e-01,4.275620540283853188e-06
9.999917745590209961e-01,8.258398338512051851e-06
9.999920129776000977e-01,7.928168088255915791e-06
9.999950528144836426e-01,4.879588686890201643e-06
9.999960660934448242e-01,3.930701950594084337e-06
9.999969005584716797e-01,3.092956148975645192e-06
9.999965429306030273e-01,3.482598458504071459e-06
9.999969005584716797e-01,3.050628492928808555e-06
9.999966621398925781e-01,3.324865474496618845e-06
9.999950528144836426e-01,4.901074589724885300e-06
9.999946355819702148e-01,5.392893854150315747e-06
9.999980330467224121e-01,1.870928940661542583e-06
9.999988079071044922e-01,1.136175910687597934e-06
9.999980330467224121e-01,1.849005002441117540e-06
9.999967813491821289e-01,3.200359515176387504e-06
9.999971985816955566e-01,2.773269670797162689e-06
9.999977350234985352e-01,2.279395857840427198e-06
9.999958872795104980e-01,4.093029019713867456e-06
9.997758269309997559e-01,2.242170594399794936e-04
9.974301457405090332e-01,2.569811884313821793e-03
9.998624324798583984e-01,1.375861756969243288e-04
9.999924898147583008e-01,7.499791081500006840e-06
9.999982714653015137e-01,1.643059249545331113e-06
9.999992847442626953e-01,7.533191705988429021e-07
9.999992847442626953e-01,7.560649351034953725e-07
9.999990463256835938e-01,9.630045951780630276e-07
9.999982118606567383e-01,1.823447291826596484e-06
9.999937415122985840e-01,6.149089131213258952e-06
9.999880194664001465e-01,1.192321906273718923e-05
9.999856352806091309e-01,1.431811506336089224e-05
9.999898672103881836e-01,1.010231790132820606e-05
9.999924898147583008e-01,7.482638011424569413e-06
9.999935626983642578e-01,6.405912699847249314e-06
9.999955892562866211e-01,4.445628292160108685e-06
9.999979734420776367e-01,2.081415459542768076e-06
9.999990463256835938e-01,9.419229058948985767e-07
9.999992847442626953e-01,7.301259756786748767e-07
9.999986886978149414e-01,1.327183213106764015e-06
9.999960660934448242e-01,3.906076017301529646e-06
9.999948143959045410e-01,5.146264811628498137e-06
9.999974966049194336e-01,2.476170493537210859e-06
9.999985694885253906e-01,1.408755110787751619e-06
9.999985694885253906e-01,1.428308451068005525e-06
9.999971389770507812e-01,2.829610139087890275e-06
9.999984502792358398e-01,1.551553168610553257e-06
9.999992847442626953e-01,7.187878736658603884e-07
9.999995231628417969e-01,4.245486309173429618e-07
9.999996423721313477e-01,3.884728130287840031e-07
9.999993443489074707e-01,5.822687398904236034e-07
9.999969601631164551e-01,2.980736553581664339e-06
9.999952316284179688e-01,4.709884251496987417e-06
9.999824166297912598e-01,1.746604721120093018e-05
9.999958872795104980e-01,4.107003860553959385e-06
9.999993443489074707e-01,5.961143756394449156e-07
9.999997615814208984e-01,1.864455185796032310e-07
9.999998807907104492e-01,7.861257955710243550e-08
9.999997615814208984e-01,2.199867310537229059e-07
9.999991059303283691e-01,8.004470259947993327e-07
9.999977350234985352e-01,2.267962145197088830e-06
9.999963045120239258e-01,3.707100631800130941e-06
9.999915361404418945e-01,8.404679647355806082e-06
9.999922513961791992e-01,7.733934580755885690e-06
9.999971985816955566e-01,2.756751882770913653e-06
9.999990463256835938e-01,9.678751666797325015e-07
9.999989271163940430e-01,1.047435262080398388e-06
9.999980330467224121e-01,1.850232706601673272e-06
9.999976158142089844e-01,2.341345862078014761e-06
9.999946355819702148e-01,5.348329523258144036e-06
9.999918341636657715e-01,8.062539563979953527e-06
9.999717473983764648e-01,2.827885327860713005e-05
9.993741512298583984e-01,6.258185603655874729e-04
9.945521950721740723e-01,5.447874777019023895e-03
9.952597022056579590e-01,4.740297328680753708e-03
9.988394975662231445e-01,1.160419080406427383e-03
9.999800920486450195e-01,1.988135045394301414e-05
9.999980330467224121e-01,1.911679873956018128e-06
9.999971389770507812e-01,2.912121317422133870e-06
9.999982714653015137e-01,1.659205508985905908e-06
9.999996423721313477e-01,4.170198053543572314e-07
9.999998807907104492e-01,1.019929598555791017e-07
9.999993443489074707e-01,5.435131242848001420e-07
9.999988079071044922e-01,1.156905682364595123e-06
9.999984502792358398e-01,1.496499066888645757e-06
9.999984502792358398e-01,1.593894808138429653e-06
9.999986886978149414e-01,1.358598410661215894e-06
9.999949932098388672e-01,4.987245574739063159e-06
9.999665021896362305e-01,3.346010635141283274e-05
9.999573826789855957e-01,4.259274646756239235e-05
9.999725818634033203e-01,2.744633820839226246e-05
9.999912977218627930e-01,8.726367013878189027e-06
9.999978542327880859e-01,2.119615601259283721e-06
9.999996423721313477e-01,3.808795270288101165e-07
9.999997615814208984e-01,2.276106130238986225e-07
9.999991059303283691e-01,8.613765771769976709e-07
9.999950528144836426e-01,4.851260655414080247e-06
9.999874830245971680e-01,1.248595708602806553e-05
9.999397993087768555e-01,6.017686246195808053e-05
9.999231100082397461e-01,7.694146916037425399e-05
9.999430775642395020e-01,5.690637408406473696e-05
9.999826550483703613e-01,1.726982372929342091e-05
9.999978542327880859e-01,2.167742195524624549e-06
9.999997615814208984e-01,1.803055198479341925e-07
1.000000000000000000e+00,4.579173307206474419e-08
9.999998807907104492e-01,7.283522052148327930e-08
9.999998807907104492e-01,6.886475745204734267e-08
9.999998807907104492e-01,1.056162446388952958e-07
9.999996423721313477e-01,3.198609590526757529e-07
9.999992847442626953e-01,7.739435545772721525e-07
9.999988079071044922e-01,1.176367732114158571e-06
9.999991059303283691e-01,8.150730650413606782e-07
9.999995231628417969e-01,4.768955932377139106e-07
9.999990463256835938e-01,1.001009195533697493e-06
9.999984502792358398e-01,1.554605660203378648e-06
9.999984502792358398e-01,1.492303340455691796e-06
9.999982118606567383e-01,1.756774054229026660e-06
9.999990463256835938e-01,9.943187251337803900e-07
9.999995231628417969e-01,4.988831960872630589e-07
9.999997615814208984e-01,2.953730984245339641e-07
9.999998807907104492e-01,1.181301314545635250e-07
9.999998807907104492e-01,6.930975615659917821e-08
9.999993443489074707e-01,6.166051775835512672e-07
9.999982714653015137e-01,1.667158358031883836e-06
9.999991059303283691e-01,7.932436574265011586e-07
9.999997615814208984e-01,2.679558690488192951e-07
9.999991059303283691e-01,7.837644488972728141e-07
9.999989271163940430e-01,1.092789375434222165e-06
9.999979734420776367e-01,1.970776111193117686e-06
9.999977350234985352e-01,2.316079871889087372e-06
9.999939799308776855e-01,6.013615802658023313e-06
9.999864697456359863e-01,1.346764383924892172e-05
9.999871253967285156e-01,1.287349823542172089e-05
9.999912977218627930e-01,8.659333616378717124e-06
9.999982118606567383e-01,1.736464355417410843e-06
9.999993443489074707e-01,6.555169989042042289e-07
9.999988079071044922e-01,1.155856807599775493e-06
9.999978542327880859e-01,2.182415755669353530e-06
9.999958872795104980e-01,4.023305791633902118e-06
9.999977350234985352e-01,2.225803882538457401e-06
9.999977350234985352e-01,2.262770749439368956e-06
9.999985694885253906e-01,1.428619157195498701e-06
9.999989271163940430e-01,1.041894051923009101e-06
9.999948143959045410e-01,5.118394710734719411e-06
9.999798536300659180e-01,2.012819822994060814e-05
9.999796152114868164e-01,2.042009145952761173e-05
9.999939799308776855e-01,5.932602562097599730e-06
9.999978542327880859e-01,2.099269295285921544e-06
9.999985694885253906e-01,1.398421545673045330e-06
9.999976158142089844e-01,2.421679255348863080e-06
9.999941587448120117e-01,5.891657565371133387e-06
9.999872446060180664e-01,1.271203200303716585e-05
9.999589920043945312e-01,4.104977415408939123e-05
9.999717473983764648e-01,2.826814852596726269e-05
9.999943971633911133e-01,5.593803507508710027e-06
9.999886155128479004e-01,1.129363045038189739e-05
9.999718666076660156e-01,2.814596518874168396e-05
9.999902248382568359e-01,9.811656127567403018e-06
9.999976158142089844e-01,2.440821617710753344e-06
9.999980330467224121e-01,1.910464334287098609e-06
9.999710917472839355e-01,2.887427399400621653e-05
9.997816681861877441e-01,2.183001051889732480e-04
9.996157288551330566e-01,3.843567974399775267e-04
9.998428225517272949e-01,1.572190230945125222e-04
9.995241165161132812e-01,4.759394505526870489e-04
9.996354579925537109e-01,3.644749522209167480e-04
9.998008608818054199e-01,1.992068573599681258e-04
9.998971819877624512e-01,1.029201885103248060e-04
9.997618198394775391e-01,2.381267113378271461e-04
9.995996952056884766e-01,4.002122732345014811e-04
9.996424913406372070e-01,3.574507427401840687e-04
9.996656775474548340e-01,3.342985291965305805e-04
9.994059205055236816e-01,5.940489354543387890e-04
9.933007955551147461e-01,6.699147634208202362e-03
9.893693923950195312e-01,1.063055265694856644e-02
9.959233999252319336e-01,4.076609853655099869e-03
9.973424673080444336e-01,2.657432807609438896e-03
9.993008375167846680e-01,6.991688278503715992e-04
9.995101094245910645e-01,4.899338819086551666e-04
9.987295269966125488e-01,1.270504551939666271e-03
9.963136315345764160e-01,3.686436451971530914e-03
9.870514273643493652e-01,1.294856518507003784e-02
9.917728900909423828e-01,8.227034471929073334e-03
9.982237815856933594e-01,1.776316668838262558e-03
9.965422749519348145e-01,3.457738552242517471e-03
9.990663528442382812e-01,9.336157236248254776e-04
9.996660947799682617e-01,3.339053655508905649e-04
9.998204708099365234e-01,1.794621202861890197e-04
9.998983144760131836e-01,1.016317328321747482e-04
9.998717308044433594e-01,1.282833109144121408e-04
9.997259974479675293e-01,2.740089839790016413e-04
9.997326135635375977e-01,2.674683928489685059e-04
9.996007680892944336e-01,3.991631092503666878e-04
9.955695271492004395e-01,4.430462140589952469e-03
9.834811091423034668e-01,1.651886105537414551e-02
8.982958197593688965e-01,1.017041280865669250e-01
4.689147770404815674e-01,5.310852527618408203e-01
4.818987250328063965e-01,5.181012749671936035e-01
8.440007567405700684e-01,1.559991836547851562e-01
9.763644337654113770e-01,2.363553456962108612e-02
9.961405396461486816e-01,3.859525779262185097e-03
9.990540742874145508e-01,9.460019646212458611e-04
9.998229742050170898e-01,1.770159287843853235e-04
9.999532103538513184e-01,4.685872772824950516e-05
9.999383687973022461e-01,6.157971802167594433e-05
9.999389648437500000e-01,6.101833787397481501e-05
9.999850988388061523e-01,1.488276302552549168e-05
9.999955892562866211e-01,4.430797162058297545e-06
9.999902248382568359e-01,9.764860806171782315e-06
9.999231100082397461e-01,7.689547783229500055e-05
9.999074339866638184e-01,9.261037484975531697e-05
9.999727010726928711e-01,2.733795372478198260e-05
9.998862743377685547e-01,1.136921709985472262e-04
9.983878135681152344e-01,1.612235093489289284e-03
9.958608746528625488e-01,4.139170516282320023e-03
9.989988803863525391e-01,1.001030439510941505e-03
9.994784593582153320e-01,5.215251585468649864e-04
9.995756745338439941e-01,4.243707517161965370e-04
9.994298815727233887e-01,5.701472400687634945e-04
9.959272742271423340e-01,4.072646144777536392e-03
9.980410933494567871e-01,1.958990935236215591e-03
9.999219775199890137e-01,7.810811803210526705e-05
9.999934434890747070e-01,6.599470452783862129e-06
9.999969601631164551e-01,3.017716835529427044e-06
9.999926090240478516e-01,7.384087894024560228e-06
9.999456405639648438e-01,5.434396007331088185e-05
9.997720718383789062e-01,2.279265754623338580e-04
9.993023276329040527e-01,6.977213779464364052e-04
9.997429847717285156e-01,2.569389180280268192e-04
9.998584985733032227e-01,1.414679136360064149e-04
9.998488426208496094e-01,1.510941510787233710e-04
9.998733997344970703e-01,1.265527098439633846e-04
9.998961091041564941e-01,1.039760900312103331e-04
9.998347163200378418e-01,1.653547369642183185e-04
9.999610185623168945e-01,3.896750786225311458e-05
9.999960660934448242e-01,3.874647973134415224e-06
9.999971389770507812e-01,2.891267058657831512e-06
9.999915361404418945e-01,8.428479304711800069e-06
9.998563528060913086e-01,1.436807651771232486e-04
9.989281892776489258e-01,1.071823644451797009e-03
9.995643496513366699e-01,4.356224380899220705e-04
9.998312592506408691e-01,1.687426556600257754e-04
9.998538494110107422e-01,1.461006322642788291e-04
9.997199773788452148e-01,2.800746879074722528e-04
9.998118281364440918e-01,1.881900388980284333e-04
9.998419880867004395e-01,1.580318203195929527e-04
9.996628761291503906e-01,3.370716876816004515e-04
9.989557266235351562e-01,1.044214819557964802e-03
9.995120763778686523e-01,4.878855834249407053e-04
9.979127049446105957e-01,2.087231026962399483e-03
9.995463490486145020e-01,4.536831402219831944e-04
9.999190568923950195e-01,8.093922224361449480e-05
9.999737739562988281e-01,2.626000605232547969e-05
9.999808073043823242e-01,1.914990934892557561e-05
9.999303221702575684e-01,6.975088035687804222e-05
9.997668862342834473e-01,2.330717106815427542e-04
9.974723458290100098e-01,2.527603646740317345e-03
9.906605482101440430e-01,9.339336305856704712e-03
9.984785914421081543e-01,1.521383179351687431e-03
9.992233514785766602e-01,7.766098133288323879e-04
9.995037317276000977e-01,4.962738021276891232e-04
9.993155002593994141e-01,6.845130701549351215e-04
9.995160102844238281e-01,4.839875036850571632e-04
9.993104934692382812e-01,6.894996040500700474e-04
9.901703000068664551e-01,9.829718619585037231e-03
9.638635516166687012e-01,3.613651171326637268e-02
9.909916520118713379e-01,9.008329361677169800e-03
9.968969821929931641e-01,3.102992661297321320e-03
9.995182752609252930e-01,4.817878361791372299e-04
9.996332526206970215e-01,3.668315184768289328e-04
9.992359876632690430e-01,7.640825933776795864e-04
9.995309710502624512e-01,4.689876222983002663e-04
9.999215602874755859e-01,7.839999307179823518e-05
9.999181032180786133e-01,8.193174289772287011e-05
9.991951584815979004e-01,8.048246963880956173e-04
9.965146780014038086e-01,3.485331544652581215e-03
9.939855337142944336e-01,6.014448124915361404e-03
9.977276325225830078e-01,2.272294601425528526e-03
9.998340606689453125e-01,1.659295812714844942e-04
9.999840259552001953e-01,1.594332024978939444e-05
9.999844431877136230e-01,1.566768150951247662e-05
9.999759197235107422e-01,2.404904807917773724e-05
9.999237060546875000e-01,7.633127825101837516e-05
9.996833801269531250e-01,3.166599490214139223e-04
9.996765851974487305e-01,3.234359028283506632e-04
9.997318387031555176e-01,2.680948527995496988e-04
9.999454021453857422e-01,5.456919825519435108e-05
9.999713897705078125e-01,2.860761014744639397e-05
9.999892711639404297e-01,1.077067372534656897e-05
9.999954700469970703e-01,4.497058398555964231e-06
9.999958872795104980e-01,4.106663254788145423e-06
9.999953508377075195e-01,4.690935838880250230e-06
9.999954700469970703e-01,4.582218025461770594e-06
9.999954700469970703e-01,4.585640908771893010e-06
9.999946355819702148e-01,5.321745447872672230e-06
9.999971985816955566e-01,2.685874505914398469e-06
9.999971985816955566e-01,2.776559085759799927e-06
9.999989271163940430e-01,1.068530082193319686e-06
9.999992847442626953e-01,6.800306096010899637e-07
9.999992847442626953e-01,6.593918442376889288e-07
9.999995231628417969e-01,4.352955613740050467e-07
9.999995231628417969e-01,4.703077536305499962e-07
9.999997615814208984e-01,1.894126882007185486e-07
9.999997615814208984e-01,2.430724919122440042e-07
9.999992847442626953e-01,7.565604391857050359e-07
9.999958872795104980e-01,4.088955847691977397e-06
9.999909996986389160e-01,8.941515261540189385e-06
9.999909400939941406e-01,9.085953934118151665e-06
9.999758005142211914e-01,2.420223609078675508e-05
9.999333024024963379e-01,6.679705256829038262e-05
9.999700188636779785e-01,2.987773586937692016e-05
9.999573230743408203e-01,4.264680319465696812e-05
9.998899102210998535e-01,1.101904417737387121e-04
9.998304247856140137e-01,1.696202089078724384e-04
9.996216893196105957e-01,3.783560241572558880e-04
9.950886964797973633e-01,4.911218769848346710e-03
9.991861581802368164e-01,8.138634148053824902e-04
9.999318122863769531e-01,6.822821160312741995e-05
9.999822974205017090e-01,1.772893847373779863e-05
9.999945163726806641e-01,5.484563644131412730e-06
9.999958276748657227e-01,4.169650765106780455e-06
9.999953508377075195e-01,4.606029960996238515e-06
9.999949932098388672e-01,4.988891760149272159e-06
9.999804496765136719e-01,1.958643224497791380e-05
9.995230436325073242e-01,4.770227533299475908e-04
9.994848966598510742e-01,5.150678916834294796e-04
9.998983144760131836e-01,1.016291134874336421e-04
9.998458027839660645e-01,1.542574027553200722e-04
9.964250922203063965e-01,3.574855392798781395e-03
9.991889595985412598e-01,8.109823102131485939e-04
9.999616146087646484e-01,3.834559174720197916e-05
9.999935626983642578e-01,6.483920969913015142e-06
9.999872446060180664e-01,1.271355904464144260e-05
9.998118877410888672e-01,1.880484778666868806e-04
9.987466931343078613e-01,1.253305119462311268e-03
9.992033839225769043e-01,7.965785916894674301e-04
9.997315406799316406e-01,2.685116778593510389e-04
9.999357461929321289e-01,6.428228516597300768e-05
9.999912977218627930e-01,8.729230103199370205e-06
9.999974966049194336e-01,2.461835720168892294e-06
9.999939799308776855e-01,5.906847945880144835e-06
9.999917745590209961e-01,8.271182196040172130e-06
9.999562501907348633e-01,4.371001341496594250e-05
9.999023079872131348e-01,9.772355406312271953e-05
9.998865127563476562e-01,1.135260827140882611e-04
9.999364614486694336e-01,6.350126932375133038e-05
9.999805092811584473e-01,1.937432898557744920e-05
9.999800920486450195e-01,1.991413955693133175e-05
9.999160766601562500e-01,8.388333662878721952e-05
9.998124837875366211e-01,1.874806621344760060e-04
9.999064207077026367e-01,9.356166265206411481e-05
9.998903274536132812e-01,1.096704509109258652e-04
9.999449253082275391e-01,5.512294956133700907e-05
9.999659657478332520e-01,3.393132283235900104e-05
9.999785423278808594e-01,2.140717697329819202e-05
9.999586343765258789e-01,4.135804556426592171e-05
9.999693632125854492e-01,3.064486736548133194e-05
9.999837279319763184e-01,1.620149669179227203e-05
9.999101161956787109e-01,8.983709994936361909e-05
9.999691843986511230e-01,3.078435474890284240e-05
9.999849796295166016e-01,1.497337780165253207e-05
9.999721050262451172e-01,2.793327075778506696e-05
9.999408721923828125e-01,5.910795516683720052e-05
9.997499585151672363e-01,2.500542032066732645e-04
9.996155500411987305e-01,3.844037128146737814e-04
9.967824220657348633e-01,3.217515768483281136e-03
9.988006353378295898e-01,1.199401449412107468e-03
9.997738003730773926e-01,2.262261841678991914e-04
9.995106458663940430e-01,4.893387085758149624e-04
