6.206278204917907715e-01,3.793722093105316162e-01
9.049709439277648926e-01,9.502911567687988281e-02
9.725796580314636230e-01,2.742030844092369080e-02
9.832530617713928223e-01,1.674692705273628235e-02
9.837718009948730469e-01,1.622814126312732697e-02
9.758770465850830078e-01,2.412295714020729065e-02
9.844233393669128418e-01,1.557660195976495743e-02
9.916505813598632812e-01,8.349417708814144135e-03
9.971521496772766113e-01,2.847865223884582520e-03
9.986903667449951172e-01,1.309582032263278961e-03
9.989288449287414551e-01,1.071177888661623001e-03
9.987733364105224609e-01,1.226706779561936855e-03
9.973176121711730957e-01,2.682409947738051414e-03
9.938387870788574219e-01,6.161167751997709274e-03
9.939802289009094238e-01,6.019726861268281937e-03
9.950429797172546387e-01,4.956918302923440933e-03
9.978842139244079590e-01,2.115777926519513130e-03
9.989583492279052734e-01,1.041635754518210888e-03
9.992734789848327637e-01,7.265076274052262306e-04
9.989064335823059082e-01,1.093505183234810829e-03
9.957213997840881348e-01,4.278635606169700623e-03
9.626530408859252930e-01,3.734690696001052856e-02
8.184835910797119141e-01,1.815164238214492798e-01
8.314030766487121582e-01,1.685969233512878418e-01
8.615311384201049805e-01,1.384688764810562134e-01
8.491903543472290039e-01,1.508096158504486084e-01
9.804533720016479492e-01,1.954669319093227386e-02
9.773111939430236816e-01,2.268885262310504913e-02
8.596420884132385254e-01,1.403579115867614746e-01
7.847014665603637695e-01,2.152985334396362305e-01
7.720706462860107422e-01,2.279293090105056763e-01
8.461419939994812012e-01,1.538580060005187988e-01
9.591619968414306641e-01,4.083791002631187439e-02
9.853627085685729980e-01,1.463722996413707733e-02
9.953293204307556152e-01,4.670632537454366684e-03
9.968710541725158691e-01,3.128910902887582779e-03
9.972097873687744141e-01,2.790156519040465355e-03
9.935900568962097168e-01,6.409943103790283203e-03
9.574055075645446777e-01,4.259454086422920227e-02
8.864012360572814941e-01,1.135987564921379089e-01
9.510160088539123535e-01,4.898395016789436340e-02
9.872719645500183105e-01,1.272805128246545792e-02
9.949340820312500000e-01,5.065890029072761536e-03
9.974173307418823242e-01,2.582708373665809631e-03
9.980686306953430176e-01,1.931436476297676563e-03
9.969588518142700195e-01,3.041163785383105278e-03
9.977114200592041016e-01,2.288628369569778442e-03
9.759443998336791992e-01,2.405565232038497925e-02
6.796486377716064453e-01,3.203513622283935547e-01
8.359260559082031250e-01,1.640738695859909058e-01
9.618375897407531738e-01,3.816244006156921387e-02
9.715145826339721680e-01,2.848544716835021973e-02
9.245745539665222168e-01,7.542534172534942627e-02
8.979116082191467285e-01,1.020883768796920776e-01
9.876692891120910645e-01,1.233075093477964401e-02
9.948190450668334961e-01,5.180937238037586212e-03
9.964759945869445801e-01,3.523966530337929726e-03
9.976547956466674805e-01,2.345186425372958183e-03
9.941840171813964844e-01,5.815884098410606384e-03
9.729034900665283203e-01,2.709644101560115814e-02
9.249943494796752930e-01,7.500568032264709473e-02
9.429184794425964355e-01,5.708156526088714600e-02
9.387011528015136719e-01,6.129879504442214966e-02
4.494033455848693848e-01,5.505967140197753906e-01
8.064017891883850098e-01,1.935981959104537964e-01
9.684532880783081055e-01,3.154668211936950684e-02
9.900464415550231934e-01,9.953544475138187408e-03
9.956939220428466797e-01,4.306032788008451462e-03
9.977144002914428711e-01,2.285587834194302559e-03
9.987478256225585938e-01,1.252167741768062115e-03
9.992657303810119629e-01,7.342335302382707596e-04
9.995212554931640625e-01,4.787034413311630487e-04
9.995995163917541504e-01,4.004942602477967739e-04
9.996050000190734863e-01,3.950109821744263172e-04
9.995802044868469238e-01,4.198156530037522316e-04
9.995500445365905762e-01,4.499413771554827690e-04
9.994829893112182617e-01,5.169275682419538498e-04
9.996050596237182617e-01,3.949211386498063803e-04
9.996772408485412598e-01,3.227709676139056683e-04
9.996947050094604492e-01,3.052881511393934488e-04
9.996973872184753418e-01,3.026184276677668095e-04
9.996702075004577637e-01,3.297553921584039927e-04
9.996272921562194824e-01,3.727637813426554203e-04
9.995594620704650879e-01,4.405132494866847992e-04
9.994968771934509277e-01,5.031850887462496758e-04
9.992641806602478027e-01,7.358240545727312565e-04
9.992004036903381348e-01,7.996066706255078316e-04
9.992447495460510254e-01,7.552711758762598038e-04
9.983533620834350586e-01,1.646719872951507568e-03
9.973151087760925293e-01,2.684884937480092049e-03
9.960711002349853516e-01,3.928845748305320740e-03
9.982553720474243164e-01,1.744721084833145142e-03
9.986209869384765625e-01,1.378999906592071056e-03
9.977198243141174316e-01,2.280188724398612976e-03
9.870060682296752930e-01,1.299392711371183395e-02
9.614392518997192383e-01,3.856067731976509094e-02
9.784521460533142090e-01,2.154786139726638794e-02
9.866209626197814941e-01,1.337898895144462585e-02
9.908555746078491211e-01,9.144488722085952759e-03
9.843850731849670410e-01,1.561487000435590744e-02
9.688524007797241211e-01,3.114761039614677429e-02
8.723987936973571777e-01,1.276011765003204346e-01
6.113629937171936035e-01,3.886370360851287842e-01
8.021278977394104004e-01,1.978721916675567627e-01
9.530702829360961914e-01,4.692960157990455627e-02
9.866597652435302734e-01,1.334025152027606964e-02
9.959463477134704590e-01,4.053637851029634476e-03
9.984518289566040039e-01,1.548132393509149551e-03
9.991512298583984375e-01,8.487135637551546097e-04
9.994131326675415039e-01,5.868492880836129189e-04
9.993730783462524414e-01,6.268522120080888271e-04
9.991705417633056641e-01,8.295197621919214725e-04
9.987658858299255371e-01,1.234119175933301449e-03
9.951412677764892578e-01,4.858727566897869110e-03
9.285417199134826660e-01,7.145827263593673706e-02
8.694375157356262207e-01,1.305624693632125854e-01
9.854768514633178711e-01,1.452310103923082352e-02
9.967055916786193848e-01,3.294473281130194664e-03
9.981625676155090332e-01,1.837446587160229683e-03
9.975455403327941895e-01,2.454439643770456314e-03
9.984704852104187012e-01,1.529533648863434792e-03
9.991519451141357422e-01,8.480230462737381458e-04
9.993646740913391113e-01,6.353734061121940613e-04
9.992967844009399414e-01,7.032101857475936413e-04
9.986377954483032227e-01,1.362167415209114552e-03
9.986613988876342773e-01,1.338611007668077946e-03
9.976187348365783691e-01,2.381295431405305862e-03
9.850431680679321289e-01,1.495687384158372879e-02
8.539556264877319336e-01,1.460443735122680664e-01
9.180342555046081543e-01,8.196572214365005493e-02
9.782152175903320312e-01,2.178470790386199951e-02
9.901104569435119629e-01,9.889563545584678650e-03
9.732173085212707520e-01,2.678270451724529266e-02
9.869812726974487305e-01,1.301866024732589722e-02
9.957402348518371582e-01,4.259729757905006409e-03
9.982268214225769043e-01,1.773223513737320900e-03
9.989917874336242676e-01,1.008224207907915115e-03
9.992805719375610352e-01,7.194312638603150845e-04
9.994947910308837891e-01,5.052091437391936779e-04
9.995489716529846191e-01,4.509579739533364773e-04
9.995301365852355957e-01,4.697887052316218615e-04
9.993017911911010742e-01,6.982216145843267441e-04
9.972226619720458984e-01,2.777304500341415405e-03
9.574482440948486328e-01,4.255178570747375488e-02
8.217383623123168945e-01,1.782615631818771362e-01
8.521667718887329102e-01,1.478332579135894775e-01
8.981158733367919922e-01,1.018841266632080078e-01
7.722594738006591797e-01,2.277404665946960449e-01
2.651645839214324951e-01,7.348353862762451172e-01
5.001172423362731934e-01,4.998826980590820312e-01
9.172582030296325684e-01,8.274178206920623779e-02
9.900240302085876465e-01,9.976005181670188904e-03
9.974421858787536621e-01,2.557701896876096725e-03
9.988362789154052734e-01,1.163719920441508293e-03
9.992783665657043457e-01,7.215898367576301098e-04
9.994620084762573242e-01,5.379080539569258690e-04
9.994802474975585938e-01,5.196748534217476845e-04
9.995213747024536133e-01,4.786028002854436636e-04
9.995718002319335938e-01,4.282268637325614691e-04
9.995157718658447266e-01,4.842774360440671444e-04
9.993591904640197754e-01,6.407968467101454735e-04
9.990448951721191406e-01,9.551015100441873074e-04
9.983144998550415039e-01,1.685532857663929462e-03
9.980831146240234375e-01,1.916868495754897594e-03
9.963661432266235352e-01,3.633868880569934845e-03
9.932866692543029785e-01,6.713310722261667252e-03
9.842512011528015137e-01,1.574870571494102478e-02
1.554999947547912598e-01,8.444999456405639648e-01
1.011389940977096558e-01,8.988610506057739258e-01
3.722098469734191895e-01,6.277902126312255859e-01
7.773432731628417969e-01,2.226567417383193970e-01
9.113957285881042480e-01,8.860433846712112427e-02
9.071953296661376953e-01,9.280475974082946777e-02
8.080602288246154785e-01,1.919398009777069092e-01
6.805782318115234375e-01,3.194217383861541748e-01
5.712044239044189453e-01,4.287955462932586670e-01
6.253294348716735840e-01,3.746705651283264160e-01
8.471950888633728027e-01,1.528049409389495850e-01
9.290506243705749512e-01,7.094936817884445190e-02
9.579724073410034180e-01,4.202753677964210510e-02
9.829730391502380371e-01,1.702685095369815826e-02
9.909913539886474609e-01,9.008698165416717529e-03
9.953491687774658203e-01,4.650810733437538147e-03
9.962788224220275879e-01,3.721143351867794991e-03
9.975782036781311035e-01,2.421783283352851868e-03
9.987720847129821777e-01,1.227864995598793030e-03
9.993724822998046875e-01,6.275320192798972130e-04
9.995985627174377441e-01,4.015122831333428621e-04
9.996941089630126953e-01,3.059339942410588264e-04
9.997214674949645996e-01,2.784625685308128595e-04
9.997361302375793457e-01,2.639026788529008627e-04
9.997151494026184082e-01,2.848239964805543423e-04
9.996373653411865234e-01,3.626719408202916384e-04
9.995399713516235352e-01,4.600350221153348684e-04
9.996046423912048340e-01,3.953345294576138258e-04
9.996134042739868164e-01,3.865377220790833235e-04
9.996577501296997070e-01,3.422297595534473658e-04
9.995766282081604004e-01,4.233345389366149902e-04
9.996392726898193359e-01,3.606623213272541761e-04
9.996990561485290527e-01,3.008943749591708183e-04
9.996799826622009277e-01,3.199742932338267565e-04
9.997197985649108887e-01,2.801764931064099073e-04
9.997358918190002441e-01,2.640706079546362162e-04
9.997304677963256836e-01,2.695456205401569605e-04
9.996393918991088867e-01,3.605598176363855600e-04
9.993547201156616211e-01,6.452037487179040909e-04
9.993377327919006348e-01,6.622242508456110954e-04
9.994530081748962402e-01,5.469721509143710136e-04
9.996135830879211426e-01,3.864035534206777811e-04
9.997030496597290039e-01,2.969274646602571011e-04
9.997431635856628418e-01,2.568433992564678192e-04
9.997071623802185059e-01,2.927860768977552652e-04
9.995384216308593750e-01,4.615953366737812757e-04
9.994497299194335938e-01,5.502696731127798557e-04
9.993722438812255859e-01,6.277370266616344452e-04
9.991679191589355469e-01,8.320658234879374504e-04
9.990721344947814941e-01,9.279457153752446175e-04
9.993188977241516113e-01,6.810970371589064598e-04
9.996160268783569336e-01,3.839816199615597725e-04
9.996144771575927734e-01,3.854427486658096313e-04
9.994943141937255859e-01,5.056747468188405037e-04
9.993306398391723633e-01,6.694350740872323513e-04
9.994942545890808105e-01,5.058026290498673916e-04
9.996341466903686523e-01,3.658480709418654442e-04
9.997078776359558105e-01,2.920902334153652191e-04
9.996771812438964844e-01,3.228519344702363014e-04
9.994888305664062500e-01,5.111734499223530293e-04
9.995086193084716797e-01,4.913439624942839146e-04
9.996362924575805664e-01,3.636366454884409904e-04
9.996842145919799805e-01,3.158585750497877598e-04
9.997462630271911621e-01,2.536782703828066587e-04
9.997703433036804199e-01,2.296894672326743603e-04
9.997923970222473145e-01,2.075881056953221560e-04
9.998115897178649902e-01,1.884231460280716419e-04
9.998173713684082031e-01,1.825817307690158486e-04
9.998129010200500488e-01,1.871284184744581580e-04
9.997776746749877930e-01,2.222276962129399180e-04
9.996581077575683594e-01,3.418680280447006226e-04
9.996080398559570312e-01,3.919024311471730471e-04
9.995403885841369629e-01,4.596129292622208595e-04
9.934831857681274414e-01,6.516708992421627045e-03
2.470722645521163940e-01,7.529277205467224121e-01
3.257101178169250488e-01,6.742898821830749512e-01
