7.585429586470127106e-03,7.058515548706054688e-01,1.420131474733352661e-01,4.577790945768356323e-02,9.877201914787292480e-02
1.047574216499924660e-03,8.543038964271545410e-01,1.009346693754196167e-01,5.040397401899099350e-03,3.867334127426147461e-02
3.595407179091125727e-04,9.278560876846313477e-01,5.589695647358894348e-02,1.039912225678563118e-03,1.484747137874364853e-02
1.231511560035869479e-04,9.631811976432800293e-01,2.987514063715934753e-02,3.710998862516134977e-04,6.449413485825061798e-03
4.693560549640096724e-05,9.790768623352050781e-01,1.731059327721595764e-02,2.020326792262494564e-04,3.363612107932567596e-03
2.526679418224375695e-05,9.868233799934387207e-01,1.103789359331130981e-02,1.650388585403561592e-04,1.948378165252506733e-03
1.891807187348604202e-05,9.881634116172790527e-01,9.813860990107059479e-03,2.490910119377076626e-04,1.754692173562943935e-03
1.327676454820903018e-05,9.913710355758666992e-01,6.836256012320518494e-03,4.153690533712506294e-04,1.364041236229240894e-03
1.085132953448919579e-05,9.930071830749511719e-01,5.011449567973613739e-03,8.182527380995452404e-04,1.152319018729031086e-03
1.271118344448041171e-05,9.922555088996887207e-01,4.586409311741590500e-03,1.944437390193343163e-03,1.200884813442826271e-03
1.697646439424715936e-05,9.897739887237548828e-01,4.408015403896570206e-03,4.515299573540687561e-03,1.285699778236448765e-03
2.095096169796306640e-05,9.931963086128234863e-01,2.613006858155131340e-03,3.427175804972648621e-03,7.425112999044358730e-04
2.064640102616976947e-05,9.958292841911315918e-01,1.386114628985524178e-03,2.321300795301795006e-03,4.426846280694007874e-04
2.077234421449247748e-05,9.969519376754760742e-01,8.073869976215064526e-04,1.943829236552119255e-03,2.760108618531376123e-04
1.547193642181809992e-05,9.981682300567626953e-01,3.771105257328599691e-04,1.285635400563478470e-03,1.536391500849276781e-04
7.772961907903663814e-06,9.991465806961059570e-01,1.372763363178819418e-04,6.356758531183004379e-04,7.267359615070745349e-05
3.386332082300214097e-06,9.996932744979858398e-01,5.848114233231171966e-05,2.092734939651563764e-04,3.560050754458643496e-05
1.962900114449439570e-06,9.998393058776855469e-01,3.448433926678262651e-05,9.920247248373925686e-05,2.505188240320421755e-05
1.336032141807663720e-06,9.998929500579833984e-01,2.395307456026785076e-05,6.170828419271856546e-05,1.995374077523592860e-05
1.009415541375346947e-06,9.999109506607055664e-01,1.866056300059426576e-05,5.152415542397648096e-05,1.786798748071305454e-05
7.462210191988560837e-07,9.999075531959533691e-01,1.618079113541170955e-05,5.710605546482838690e-05,1.835796501836739480e-05
5.024498932471033186e-07,9.999282360076904297e-01,1.239213543158257380e-05,4.363712650956586003e-05,1.527363929199054837e-05
3.981257634677604074e-07,9.999439120292663574e-01,1.068120127456495538e-05,3.144980291835963726e-05,1.347406760032754391e-05
3.149458223106194055e-07,9.999556541442871094e-01,8.597593478043563664e-06,2.417925861664116383e-05,1.125072776630986482e-05
7.791036864546185825e-07,9.999155402183532715e-01,1.728013558022212237e-05,4.248038021614775062e-05,2.403295366093516350e-05
5.837181902279553469e-07,9.999266862869262695e-01,1.570574022480286658e-05,3.498181831673718989e-05,2.211902756243944168e-05
3.507826420445780968e-07,9.999568462371826172e-01,9.735264029586687684e-06,1.978281215997412801e-05,1.327078916801838204e-05
2.866785848709696438e-07,9.999701976776123047e-01,6.695921001664828509e-06,1.401317877025576308e-05,8.796881047601345927e-06
7.583266210531292018e-07,9.999409317970275879e-01,1.297861217608442530e-05,2.644099185999948531e-05,1.874569716164842248e-05
1.035811919791740365e-06,9.999144077301025391e-01,2.046309600700624287e-05,3.658260902739129961e-05,2.748714905465021729e-05
7.180225907177373301e-07,9.999176859855651855e-01,2.247255906695500016e-05,3.378936526132747531e-05,2.549601776991039515e-05
5.277046284390962683e-07,9.999433755874633789e-01,1.588458690093830228e-05,2.324183697055559605e-05,1.693463309493381530e-05
5.832129659211204853e-07,9.999524354934692383e-01,1.314405380981042981e-05,1.987791983992792666e-05,1.389438421028899029e-05
4.915746671940723900e-07,9.999490380287170410e-01,1.403065652993973345e-05,2.165654404961969703e-05,1.470691859140060842e-05
3.277770872500695987e-07,9.999545812606811523e-01,1.146925933426246047e-05,2.042515734501648694e-05,1.325080847891513258e-05
1.818460475533356657e-07,9.999712705612182617e-01,6.886915798531845212e-06,1.345436976407654583e-05,8.145784704538527876e-06
1.190478968737807008e-07,9.999797344207763672e-01,4.523170900938566774e-06,1.004993828246369958e-05,5.616773705696687102e-06
8.782890148495425819e-08,9.999842643737792969e-01,2.872531695174984634e-06,8.346116374013945460e-06,4.420435743668349460e-06
9.311946769230416976e-08,9.999856352806091309e-01,2.165035766665823758e-06,7.972203093231655657e-06,4.011077180621214211e-06
8.936186901564724394e-08,9.999875426292419434e-01,1.577998887114517856e-06,7.387025561911286786e-06,3.294969701528316364e-06
9.496568509348435327e-08,9.999884366989135742e-01,1.308918285758409183e-06,7.099088634276995435e-06,2.985886339956778102e-06
1.084987033550532942e-07,9.999895691871643066e-01,1.110402763515594415e-06,6.587868483620695770e-06,2.767837031569797546e-06
1.225869823429093231e-07,9.999873638153076172e-01,1.333411205450829584e-06,7.707325494266115129e-06,3.462793983999290504e-06
2.915963364102935884e-07,9.999706745147705078e-01,3.563989139365730807e-06,1.585703830642160028e-05,9.612699614081066102e-06
3.407143367439857684e-07,9.999525547027587891e-01,6.738880983903072774e-06,2.366200533288065344e-05,1.664912633714266121e-05
3.712274576628260547e-07,9.999271035194396973e-01,1.138914649345679209e-05,3.514637501211836934e-05,2.597095408418681473e-05
4.202937304853548994e-07,9.998980760574340820e-01,1.629581856832373887e-05,5.053606946603395045e-05,3.460124935372732580e-05
4.600759950790234143e-07,9.998751878738403320e-01,1.882030483102425933e-05,6.736384966643527150e-05,3.820079655270092189e-05
5.144544275026419200e-07,9.998518228530883789e-01,1.958831853698939085e-05,8.896880899555981159e-05,3.909946826752275229e-05
6.233792646526126191e-07,9.998035430908203125e-01,2.168661558243911713e-05,1.303210010519251227e-04,4.384879503049887717e-05
7.072494554449804127e-07,9.997561573982238770e-01,2.157215385523159057e-05,1.773203985067084432e-04,4.416881347424350679e-05
8.413553587161004543e-07,9.996712207794189453e-01,2.333571683266200125e-05,2.554921666160225868e-04,4.913112934445962310e-05
8.414684771196334623e-07,9.996328353881835938e-01,2.056302400887943804e-05,3.020161530002951622e-04,4.375739445094950497e-05
9.326010967924958095e-07,9.995255470275878906e-01,2.101287464029155672e-05,4.059713392052799463e-04,4.660945342038758099e-05
1.059547571458097082e-06,9.993702769279479980e-01,2.287266761413775384e-05,5.536419339478015900e-04,5.220752791501581669e-05
1.256575956176675390e-06,9.991374015808105469e-01,2.626481546030845493e-05,7.742135203443467617e-04,6.086600478738546371e-05
1.251336811947112437e-06,9.990975260734558105e-01,2.492139356036204845e-05,8.208706276491284370e-04,5.543017687159590423e-05
1.500361690887075383e-06,9.993810653686523438e-01,1.861450982687529176e-05,5.589377833530306816e-04,3.976931839133612812e-05
1.649568616812757682e-06,9.994845390319824219e-01,1.453564709663623944e-05,4.650724004022777081e-04,3.421927613089792430e-05
1.836763999563117977e-06,9.995223283767700195e-01,1.214181429531890899e-05,4.309306968934834003e-04,3.276021016063168645e-05
2.923153942901990376e-06,9.996285438537597656e-01,9.856823453446850181e-06,3.322355041746050119e-04,2.646531174832489341e-05
4.961207196174655110e-06,9.996680021286010742e-01,8.487127161060925573e-06,2.959162811748683453e-04,2.265345756313763559e-05
9.033405149239115417e-06,9.996078610420227051e-01,8.778594747127499431e-06,3.479466540738940239e-04,2.635127384564839303e-05
1.005682224786141887e-05,9.995915293693542480e-01,9.503318324277643114e-06,3.575816808734089136e-04,3.132973142783157527e-05
1.218488523591076955e-05,9.995584487915039062e-01,1.153475568571593612e-05,3.789589100051671267e-04,3.880911026499234140e-05
1.732214514049701393e-05,9.994934201240539551e-01,1.419432646798668429e-05,4.299678548704832792e-04,4.507107223616912961e-05
2.196957575506530702e-05,9.994735121726989746e-01,1.583138327987398952e-05,4.435084410943090916e-04,4.530248770606704056e-05
1.733267163217533380e-05,9.995400905609130859e-01,1.568394691275898367e-05,3.860269207507371902e-04,4.082821033080108464e-05
1.475548469898058102e-05,9.996020197868347168e-01,1.465271179768024012e-05,3.326761943753808737e-04,3.593674409785307944e-05
1.167436403193278238e-05,9.996726512908935547e-01,1.172106294689001516e-05,2.766768448054790497e-04,2.729473635554313660e-05
9.709663572721183300e-06,9.996962547302246094e-01,9.232284355675801635e-06,2.651087124831974506e-04,1.967327625607140362e-05
6.968402431084541604e-06,9.997084140777587891e-01,7.450673365383408964e-06,2.624517364893108606e-04,1.475154567742720246e-05
3.966812528233276680e-06,9.997559189796447754e-01,6.252127604966517538e-06,2.231794060207903385e-04,1.061207603925140575e-05
2.547024450905155391e-06,9.997765421867370605e-01,5.856193183717550710e-06,2.069210167974233627e-04,8.190677363018039614e-06
2.045175278908573091e-06,9.997829794883728027e-01,6.011413915985031053e-06,2.017748629441484809e-04,7.208112492662621662e-06
1.993955720536177978e-06,9.997679591178894043e-01,6.460718850576085970e-06,2.166576741728931665e-04,6.876336556160822511e-06
2.203717485826928169e-06,9.997568726539611816e-01,7.906730388640426099e-06,2.254813589388504624e-04,7.510097930207848549e-06
2.915581035267678089e-06,9.996758699417114258e-01,9.674078683019615710e-06,3.031236119568347931e-04,8.349603376700542867e-06
4.544452167465351522e-06,9.995397329330444336e-01,1.487707322667120025e-05,4.301934386603534222e-04,1.075942145689623430e-05
6.181315256981179118e-06,9.994193315505981445e-01,2.318551560165360570e-05,5.363898817449808121e-04,1.490514750912552699e-05
1.016912119666812941e-05,9.991301298141479492e-01,5.082577627035789192e-05,7.793947006575763226e-04,2.935603879450354725e-05
3.582300269044935703e-05,9.982186555862426758e-01,1.821782061597332358e-04,1.489944290369749069e-03,7.345042104134336114e-05
7.436762825818732381e-05,9.976520538330078125e-01,3.864131285808980465e-04,1.783023355528712273e-03,1.041231516865082085e-04
1.080802976503036916e-04,9.972229003906250000e-01,4.848462995141744614e-04,2.078171120956540108e-03,1.059642672771587968e-04
1.681348221609368920e-04,9.963304400444030762e-01,1.063053729012608528e-03,2.265906659886240959e-03,1.724835310596972704e-04
2.373687166254967451e-04,9.944380521774291992e-01,2.795128617435693741e-03,2.220720052719116211e-03,3.086703363806009293e-04
3.184278903063386679e-04,9.871940016746520996e-01,1.002564281225204468e-02,1.848172047175467014e-03,6.137062446214258671e-04
4.527372366283088923e-04,9.472174048423767090e-01,4.954683780670166016e-02,1.389830140396952629e-03,1.393155776895582676e-03
5.508781759999692440e-04,8.136909008026123047e-01,1.824170947074890137e-01,8.240351453423500061e-04,2.517162589356303215e-03
5.816940683871507645e-04,6.243838071823120117e-01,3.717900216579437256e-01,4.028397088404744864e-04,2.841626759618520737e-03
5.896574002690613270e-04,6.713481545448303223e-01,3.256177604198455811e-01,2.841186651494354010e-04,2.160320989787578583e-03
7.702152943238615990e-04,5.396776199340820312e-01,4.567654728889465332e-01,2.945133892353624105e-04,2.492179861292243004e-03
8.092633215710520744e-04,3.265760242938995361e-01,6.694179773330688477e-01,2.638367586769163609e-04,2.932842122390866280e-03
6.443035672418773174e-04,2.601729035377502441e-01,7.362722754478454590e-01,2.069533948088064790e-04,2.703595440834760666e-03
5.310081178322434425e-04,1.652022451162338257e-01,8.318318128585815430e-01,1.491617585998028517e-04,2.285642549395561218e-03
4.271286888979375362e-04,8.094920217990875244e-02,9.166985750198364258e-01,9.079046867555007339e-05,1.834327471442520618e-03
3.541162877809256315e-04,4.384178295731544495e-02,9.543159604072570801e-01,5.370191865949891508e-05,1.434506266377866268e-03
2.719891781453043222e-04,3.579372912645339966e-02,9.625789523124694824e-01,4.533784158411435783e-05,1.309973536990582943e-03
1.685993483988568187e-04,2.145514637231826782e-02,9.772436022758483887e-01,3.505027780192904174e-05,1.097602886147797108e-03
1.073396924766711891e-04,1.686700247228145599e-02,9.820882081985473633e-01,2.808167118928395212e-05,9.092832333408296108e-04
1.151740580098703504e-04,2.752963081002235413e-02,9.714044332504272461e-01,4.611443364410661161e-05,9.045113110914826393e-04
1.382505142828449607e-04,3.329239785671234131e-02,9.655256867408752441e-01,7.839303725631907582e-05,9.652104927226901054e-04
1.319432194577530026e-04,2.541847154498100281e-02,9.732575416564941406e-01,1.355748390778899193e-04,1.056427485309541225e-03
1.388145174132660031e-04,3.843079879879951477e-02,9.601141214370727539e-01,2.437751099932938814e-04,1.072620274499058723e-03
1.378525194013491273e-04,5.210013687610626221e-02,9.464898109436035156e-01,2.661569451447576284e-04,1.006031408905982971e-03
1.731998927425593138e-04,1.241914927959442139e-01,8.741285204887390137e-01,4.133024776820093393e-04,1.093411236070096493e-03
1.605256693437695503e-04,1.846087872982025146e-01,8.137174248695373535e-01,3.966462973039597273e-04,1.116606523282825947e-03
1.680618734098970890e-04,2.146371304988861084e-01,7.835724353790283203e-01,3.796876699198037386e-04,1.242724945768713951e-03
1.761715247994288802e-04,2.279804348945617676e-01,7.700269222259521484e-01,3.827099280897527933e-04,1.433729310519993305e-03
1.705855975160375237e-04,2.267788648605346680e-01,7.710912823677062988e-01,3.444766916800290346e-04,1.614796346984803677e-03
1.687441108515486121e-04,2.471975684165954590e-01,7.506292462348937988e-01,3.146343806292861700e-04,1.689749653451144695e-03
1.664544979576021433e-04,2.300441265106201172e-01,7.676296830177307129e-01,3.126267984043806791e-04,1.847118488512933254e-03
1.734918478177860379e-04,2.427992820739746094e-01,7.544364333152770996e-01,4.139010270591825247e-04,2.176933689042925835e-03
1.839628530433401465e-04,2.639275491237640381e-01,7.329162955284118652e-01,5.952790379524230957e-04,2.376981079578399658e-03
1.792929251678287983e-04,2.469279021024703979e-01,7.497614026069641113e-01,6.857836269773542881e-04,2.445543650537729263e-03
1.708964264253154397e-04,3.378349244594573975e-01,6.588993072509765625e-01,7.219914696179330349e-04,2.372818300500512123e-03
4.323743632994592190e-04,3.392318785190582275e-01,6.549894809722900391e-01,1.881152275018393993e-03,3.465091576799750328e-03
4.879909683950245380e-04,3.581036925315856934e-01,6.355016231536865234e-01,2.534382743760943413e-03,3.372356761246919632e-03
4.736609407700598240e-04,5.149281620979309082e-01,4.782673418521881104e-01,3.268279135227203369e-03,3.062586067244410515e-03
2.956207026727497578e-04,6.884843111038208008e-01,3.057478368282318115e-01,3.121964400634169579e-03,2.350198337808251381e-03
1.500464859418570995e-04,7.417267560958862305e-01,2.532596886157989502e-01,2.718010451644659042e-03,2.145397011190652847e-03
9.726359712658450007e-05,7.195337414741516113e-01,2.762551605701446533e-01,1.981531735509634018e-03,2.132271416485309601e-03
8.898543455870822072e-05,6.434122323989868164e-01,3.525131344795227051e-01,1.526031643152236938e-03,2.459598239511251450e-03
1.112949321395717561e-04,5.925441980361938477e-01,4.036837816238403320e-01,1.097975648008286953e-03,2.562775509431958199e-03
1.433305442333221436e-04,6.355454325675964355e-01,3.610032796859741211e-01,8.516105008311569691e-04,2.456318819895386696e-03
1.710718934191390872e-04,6.962195038795471191e-01,3.004037737846374512e-01,7.899142219685018063e-04,2.415631432086229324e-03
1.623845892027020454e-04,7.793252468109130859e-01,2.176066339015960693e-01,7.426975062116980553e-04,2.163047436624765396e-03
1.176638252218253911e-04,8.372308015823364258e-01,1.599155515432357788e-01,7.424765499308705330e-04,1.993425423279404640e-03
8.629264630144461989e-05,8.581599593162536621e-01,1.390942782163619995e-01,7.232674979604780674e-04,1.936221495270729065e-03
7.376117719104513526e-05,8.828966617584228516e-01,1.143248602747917175e-01,8.302241330966353416e-04,1.874539535492658615e-03
8.104720473056659102e-05,8.576310276985168457e-01,1.387369483709335327e-01,1.074566622264683247e-03,2.476469613611698151e-03
1.176542864413931966e-04,7.411369681358337402e-01,2.527791261672973633e-01,1.618576701730489731e-03,4.347568843513727188e-03
1.326659548794850707e-04,6.553539633750915527e-01,3.361724317073822021e-01,2.436131238937377930e-03,5.904815159738063812e-03
1.295702677452936769e-04,5.919272899627685547e-01,3.976578414440155029e-01,3.205589251592755318e-03,7.079621311277151108e-03
1.588942686794325709e-04,4.649628698825836182e-01,5.223966836929321289e-01,4.123102407902479172e-03,8.358503691852092743e-03
1.775285199983045459e-04,3.982952535152435303e-01,5.875207185745239258e-01,4.403454717248678207e-03,9.603025391697883606e-03
1.866653474280610681e-04,3.496511280536651611e-01,6.346567869186401367e-01,4.086424596607685089e-03,1.141902338713407516e-02
1.982985559152439237e-04,3.241095244884490967e-01,6.591045856475830078e-01,4.068246111273765564e-03,1.251932047307491302e-02
2.219413581769913435e-04,2.671267092227935791e-01,7.162445783615112305e-01,4.074458498507738113e-03,1.233225129544734955e-02
2.313958102604374290e-04,1.566758602857589722e-01,8.277311921119689941e-01,3.177121980115771294e-03,1.218446716666221619e-02
2.295445156050845981e-04,8.925659209489822388e-02,8.969091773033142090e-01,2.406827639788389206e-03,1.119789294898509979e-02
2.179435687139630318e-04,6.928810477256774902e-02,9.196096658706665039e-01,1.684512360952794552e-03,9.199678897857666016e-03
2.115764509653672576e-04,6.013151630759239197e-02,9.312872290611267090e-01,1.201654667966067791e-03,7.168011274188756943e-03
1.866374077508226037e-04,3.987632691860198975e-02,9.541545510292053223e-01,6.832777871750295162e-04,5.099165253341197968e-03
1.820016041165217757e-04,2.471825666725635529e-02,9.706457257270812988e-01,4.423126229085028172e-04,4.011626355350017548e-03
1.773650437826290727e-04,1.726992428302764893e-02,9.787158966064453125e-01,3.584471996873617172e-04,3.478462807834148407e-03
1.429942785762250423e-04,7.281803525984287262e-03,9.896398186683654785e-01,1.969921431737020612e-04,2.738449256867170334e-03
1.237804972333833575e-04,5.425970535725355148e-03,9.918297529220581055e-01,1.536120544187724590e-04,2.466911217197775841e-03
1.008568870020098984e-04,5.414123181253671646e-03,9.922304749488830566e-01,1.203028296004049480e-04,2.134199952706694603e-03
9.273737668991088867e-05,5.124952644109725952e-03,9.929291605949401855e-01,9.067434439202770591e-05,1.762493280693888664e-03
7.951357110869139433e-05,3.888971172273159027e-03,9.945223331451416016e-01,5.902199700358323753e-05,1.450078445486724377e-03
7.250482303788885474e-05,3.675431245937943459e-03,9.949402213096618652e-01,4.885490488959476352e-05,1.263045240193605423e-03
7.471760181942954659e-05,4.684966057538986206e-03,9.939291477203369141e-01,5.505591252585873008e-05,1.256088376976549625e-03
5.420943125500343740e-05,3.885499434545636177e-03,9.949610233306884766e-01,3.846635081572458148e-05,1.060869311913847923e-03
4.383299165056087077e-05,2.328154630959033966e-03,9.967408180236816406e-01,2.404258339083753526e-05,8.631087839603424072e-04
3.311806722194887698e-05,1.511182053945958614e-03,9.977332949638366699e-01,1.464241631765617058e-05,7.077282061800360680e-04
3.203903543180786073e-05,1.686355331912636757e-03,9.976711273193359375e-01,9.616835995984729379e-06,6.009419448673725128e-04
4.430271292221732438e-05,2.421808894723653793e-03,9.969046711921691895e-01,1.084949781215982512e-05,6.182939978316426277e-04
4.450449705473147333e-05,2.745779464021325111e-03,9.965537786483764648e-01,1.088852422981290147e-05,6.450167275033891201e-04
4.278376218280754983e-05,2.699889009818434715e-03,9.966066479682922363e-01,9.847080036706756800e-06,6.407767068594694138e-04
5.407734715845435858e-05,3.304928774014115334e-03,9.959167242050170898e-01,1.433638317394070327e-05,7.098595378920435905e-04
5.814164615003392100e-05,3.566823666915297508e-03,9.955844283103942871e-01,1.735165824356954545e-05,7.732874364592134953e-04
5.705984222004190087e-05,2.973847324028611183e-03,9.961291551589965820e-01,2.012188451772090048e-05,8.197844144888222218e-04
6.305512943072244525e-05,3.495310898870229721e-03,9.955086708068847656e-01,3.101215770584531128e-05,9.020062861964106560e-04
6.054204277461394668e-05,3.981810994446277618e-03,9.949861168861389160e-01,3.912587999366223812e-05,9.324135608039796352e-04
6.236403714865446091e-05,4.659456666558980942e-03,9.942919611930847168e-01,4.356955105322413146e-05,9.426648612134158611e-04
7.448573887813836336e-05,5.056791473180055618e-03,9.939612150192260742e-01,4.528511999524198472e-05,8.622029563412070274e-04
9.895718540064990520e-05,6.227619480341672897e-03,9.927439093589782715e-01,6.104755448177456856e-05,8.684240165166556835e-04
1.019515912048518658e-04,6.970516871660947800e-03,9.919720292091369629e-01,7.103128882590681314e-05,8.843465475365519524e-04
1.241042627952992916e-04,1.284782961010932922e-02,9.858827590942382812e-01,1.273713423870503902e-04,1.017893664538860321e-03
8.989348862087354064e-05,1.593322120606899261e-02,9.828697443008422852e-01,1.376440486637875438e-04,9.694221662357449532e-04
6.018983185640536249e-05,1.298631448298692703e-02,9.860328435897827148e-01,1.075786785804666579e-04,8.130969363264739513e-04
4.301339504308998585e-05,9.761267341673374176e-03,9.894413948059082031e-01,6.948087684577330947e-05,6.848490447737276554e-04
3.419676431803964078e-05,9.271868504583835602e-03,9.899742007255554199e-01,5.427921496448107064e-05,6.653495365753769875e-04
3.279547308920882642e-05,1.112159993499517441e-02,9.881319403648376465e-01,4.871170676779001951e-05,6.649391725659370422e-04
3.253423710702918470e-05,1.286700647324323654e-02,9.864158630371093750e-01,4.325016197981312871e-05,6.413409719243645668e-04
3.396528336452320218e-05,1.253161206841468811e-02,9.867838621139526367e-01,3.878439383697696030e-05,6.118020974099636078e-04
3.576463132048957050e-05,1.170158479362726212e-02,9.875844717025756836e-01,4.078765778103843331e-05,6.373639917001128197e-04
4.445371814654208720e-05,1.351701095700263977e-02,9.857069849967956543e-01,5.028655505157075822e-05,6.812639767304062843e-04
6.218515045475214720e-05,1.818627305328845978e-02,9.808981418609619141e-01,8.364072709809988737e-05,7.697189575992524624e-04
7.769298099447041750e-05,1.999650523066520691e-02,9.789063334465026855e-01,1.452427968615666032e-04,8.742053178139030933e-04
8.051739860093221068e-05,2.087557502090930939e-02,9.779307842254638672e-01,2.054031792795285583e-04,9.077648282982409000e-04
1.023865552269853652e-04,2.393986098468303680e-02,9.746624231338500977e-01,3.259698569308966398e-04,9.692858438938856125e-04
1.187057059723883867e-04,2.958519756793975830e-02,9.686490893363952637e-01,5.395117332227528095e-04,1.107523450627923012e-03
1.120023589464835823e-04,3.793104737997055054e-02,9.600884914398193359e-01,7.122468086890876293e-04,1.156190526671707630e-03
1.087211421690881252e-04,6.833055615425109863e-02,9.290180206298828125e-01,1.203447114676237106e-03,1.339280162937939167e-03
1.106612908188253641e-04,1.618758887052536011e-01,8.339731693267822266e-01,2.435217145830392838e-03,1.604984980076551437e-03
1.054872554959729314e-04,1.913935989141464233e-01,8.038292527198791504e-01,3.094830084592103958e-03,1.576751237735152245e-03
9.970820246962830424e-05,1.842665225267410278e-01,8.105756044387817383e-01,3.493974450975656509e-03,1.564248814247548580e-03
9.801363921724259853e-05,2.364127337932586670e-01,7.574619650840759277e-01,4.427026025950908661e-03,1.600182149559259415e-03
1.334621192654594779e-04,2.915525734424591064e-01,7.007220387458801270e-01,5.794635973870754242e-03,1.797197852283716202e-03
1.465703826397657394e-04,3.849458694458007812e-01,6.061157584190368652e-01,6.850260775536298752e-03,1.941521768458187580e-03
1.165853827842511237e-04,3.915899097919464111e-01,6.013603806495666504e-01,4.947342909872531891e-03,1.985732465982437134e-03
9.454706741962581873e-05,3.498881161212921143e-01,6.450589299201965332e-01,2.980577759444713593e-03,1.977798528969287872e-03
8.682168845552951097e-05,3.375514149665832520e-01,6.587257385253906250e-01,1.813148846849799156e-03,1.822936232201755047e-03
9.798242535907775164e-05,3.448474705219268799e-01,6.521481871604919434e-01,1.182892709039151669e-03,1.723430352285504341e-03
1.223978179041296244e-04,3.759819269180297852e-01,6.208811998367309570e-01,1.160190557129681110e-03,1.854289555922150612e-03
1.489001006120815873e-04,3.176240026950836182e-01,6.782360672950744629e-01,1.684202463366091251e-03,2.306798473000526428e-03
3.172990109305828810e-04,2.037673443555831909e-01,7.884103655815124512e-01,4.204770084470510483e-03,3.300220007076859474e-03
2.523822186049073935e-04,2.191657871007919312e-01,7.727125287055969238e-01,5.023596342653036118e-03,2.845738083124160767e-03
3.750624018721282482e-04,1.766730248928070068e-01,8.074963092803955078e-01,1.185948215425014496e-02,3.596171969547867775e-03
2.514929801691323519e-04,1.428399085998535156e-01,8.426229357719421387e-01,1.110857818275690079e-02,3.177088685333728790e-03
1.682989241089671850e-04,1.368549317121505737e-01,8.543087840080261230e-01,6.360624916851520538e-03,2.307276939973235130e-03
1.500858343206346035e-04,1.448299437761306763e-01,8.485834598541259766e-01,4.345724359154701233e-03,2.090764231979846954e-03
1.066763579729013145e-04,1.106989830732345581e-01,8.851813077926635742e-01,2.134821843355894089e-03,1.878327806480228901e-03
5.754297308158129454e-05,5.190813913941383362e-02,9.458808302879333496e-01,6.586037925444543362e-04,1.494828960858285427e-03
7.269099296536296606e-05,3.188563883304595947e-02,9.656019806861877441e-01,7.401802577078342438e-04,1.699509448371827602e-03
4.907709080725908279e-05,2.108037658035755157e-02,9.771069884300231934e-01,4.899111809208989143e-04,1.273617963306605816e-03
3.857630508719012141e-05,1.736384257674217224e-02,9.812889695167541504e-01,2.439469826640561223e-04,1.064686686731874943e-03
2.970618515973910689e-05,1.749706640839576721e-02,9.814545512199401855e-01,1.294131798204034567e-04,8.892092737369239330e-04
2.628080073918681592e-05,1.825720816850662231e-02,9.808270931243896484e-01,8.304850052809342742e-05,8.063477580435574055e-04
2.139032039849553257e-05,1.552259270101785660e-02,9.836944341659545898e-01,5.038947711000218987e-05,7.111351005733013153e-04
2.256757215945981443e-05,1.709567569196224213e-02,9.821281433105468750e-01,4.302369052311405540e-05,7.105879485607147217e-04
2.592900636955164373e-05,2.112914435565471649e-02,9.780012369155883789e-01,5.039937968831509352e-05,7.932767039164900780e-04
2.070113077934365720e-05,1.677144505083560944e-02,9.823527336120605469e-01,5.764464003732427955e-05,7.973533938638865948e-04
1.606043042556848377e-05,1.106295920908451080e-02,9.881286621093750000e-01,6.474804104072973132e-05,7.276059477590024471e-04
1.380983849230688065e-05,6.838381290435791016e-03,9.924902319908142090e-01,6.278774526435881853e-05,5.948499892838299274e-04
1.212421466334490106e-05,4.384635016322135925e-03,9.950498938560485840e-01,5.602657984127290547e-05,4.973870236426591873e-04
1.532818532723467797e-05,3.881421638652682304e-03,9.956396818161010742e-01,4.038392216898500919e-05,4.230766498949378729e-04
1.852364584919996560e-05,3.895008470863103867e-03,9.956312179565429688e-01,3.761328480322845280e-05,4.176779475528746843e-04
2.337625483050942421e-05,4.010572563856840134e-03,9.955045580863952637e-01,4.597211955115199089e-05,4.156339564360678196e-04
3.154869409627281129e-05,5.288304295390844345e-03,9.941186308860778809e-01,9.085256897378712893e-05,4.705635365098714828e-04
2.438152114336844534e-05,6.204804871231317520e-03,9.931422472000122070e-01,1.292570232180878520e-04,4.992205067537724972e-04
2.117329677275847644e-05,4.256182815879583359e-03,9.951382875442504883e-01,1.171615076600573957e-04,4.671273927669972181e-04
2.824583316396456212e-05,3.915305249392986298e-03,9.952285289764404297e-01,2.838245418388396502e-04,5.440886016003787518e-04
3.687969001475721598e-05,3.599242540076375008e-03,9.954522252082824707e-01,3.676223277579993010e-04,5.439998931251466274e-04
4.744962279801256955e-05,3.789988579228520393e-03,9.950417876243591309e-01,5.051496555097401142e-04,6.155713927000761032e-04
5.247553053777664900e-05,3.883578348904848099e-03,9.947402477264404297e-01,6.268106517381966114e-04,6.967881345190107822e-04
5.542938379221595824e-05,3.974450752139091492e-03,9.945875406265258789e-01,6.652433075942099094e-04,7.173793273977935314e-04
5.519090700545348227e-05,5.311199929565191269e-03,9.931886792182922363e-01,7.034046575427055359e-04,7.415322470478713512e-04
5.603593308478593826e-05,6.023152731359004974e-03,9.922403097152709961e-01,8.454910712316632271e-04,8.350093849003314972e-04
7.062587246764451265e-05,6.804422941058874130e-03,9.905534386634826660e-01,1.551834517158567905e-03,1.019680406898260117e-03
6.845613825134932995e-05,5.069120787084102631e-03,9.919378161430358887e-01,1.893314300104975700e-03,1.031234278343617916e-03
5.913118729949928820e-05,2.808286808431148529e-03,9.947613477706909180e-01,1.503870822489261627e-03,8.673368720337748528e-04
4.460243144421838224e-05,1.738898223266005516e-03,9.968281388282775879e-01,7.621540571562945843e-04,6.262286915443837643e-04
4.365423228591680527e-05,1.206684508360922337e-03,9.980061054229736328e-01,2.903275599237531424e-04,4.531702725216746330e-04
4.538339271675795317e-05,8.987052133306860924e-04,9.985256195068359375e-01,1.361434988211840391e-04,3.941234899684786797e-04
5.203097316552884877e-05,6.435349932871758938e-04,9.987792968750000000e-01,1.046326069626957178e-04,4.205334989819675684e-04
4.615781654138118029e-05,5.956657696515321732e-04,9.988068342208862305e-01,9.778769890544936061e-05,4.535086045507341623e-04
3.434285463299602270e-05,6.140378536656498909e-04,9.988200664520263672e-01,8.767137478571385145e-05,4.439942713361233473e-04
7.539509533671662211e-05,6.768151069991290569e-04,9.983032941818237305e-01,3.017429262399673462e-04,6.426356267184019089e-04
1.687262556515634060e-04,7.868155371397733688e-04,9.963791370391845703e-01,1.667556003667414188e-03,9.976846631616353989e-04
8.306568633997812867e-05,8.399248472414910793e-04,9.964924454689025879e-01,1.703117042779922485e-03,8.813760359771549702e-04
3.719216692843474448e-05,9.950497187674045563e-04,9.974031448364257812e-01,8.569937781430780888e-04,7.076300098560750484e-04
2.666759064595680684e-05,1.148718991316854954e-03,9.976041913032531738e-01,5.675621796399354935e-04,6.528795347549021244e-04
3.201890649506822228e-05,1.355898333713412285e-03,9.974802136421203613e-01,5.294276634231209755e-04,6.024519097991287708e-04
3.941113027394749224e-05,1.202907180413603783e-03,9.977443814277648926e-01,4.568944277707487345e-04,5.563760059885680676e-04
3.765527435461990535e-05,9.422096190974116325e-04,9.981758594512939453e-01,3.322554694022983313e-04,5.119630368426442146e-04
4.038558108732104301e-05,7.071173167787492275e-04,9.985832571983337402e-01,1.962353708222508430e-04,4.729588108602911234e-04
4.647238893085159361e-05,5.538689438253641129e-04,9.988619089126586914e-01,1.295722468057647347e-04,4.081619845237582922e-04
4.761671152664348483e-05,4.715929972007870674e-04,9.990841150283813477e-01,6.944376946194097400e-05,3.271735913585871458e-04
4.610616451827809215e-05,4.576833744067698717e-04,9.991864562034606934e-01,3.847266270895488560e-05,2.713544236030429602e-04
4.408363747643306851e-05,4.581978428177535534e-04,9.991275072097778320e-01,5.016647264710627496e-05,3.200405044481158257e-04
4.562119283946231008e-05,4.922962980344891548e-04,9.989225268363952637e-01,1.183996500913053751e-04,4.211582418065518141e-04
4.903648368781432509e-05,6.335439975373446941e-04,9.984478354454040527e-01,3.556400770321488380e-04,5.139366840012371540e-04
6.031590601196512580e-05,9.876183466985821724e-04,9.969633221626281738e-01,1.357466448098421097e-03,6.312868790701031685e-04
6.213067536009475589e-05,1.554848277010023594e-03,9.960224628448486328e-01,1.817886834032833576e-03,5.425919080153107643e-04
5.744460577261634171e-05,2.160342643037438393e-03,9.955619573593139648e-01,1.730263116769492626e-03,4.900268977507948875e-04
7.644018478458747268e-05,2.682050690054893494e-03,9.941255450248718262e-01,2.547363517805933952e-03,5.686178337782621384e-04
1.387399970553815365e-04,3.338876646012067795e-03,9.908005595207214355e-01,5.019059404730796814e-03,7.028692052699625492e-04
2.076294767903164029e-04,3.808427136391401291e-03,9.880439043045043945e-01,7.174799218773841858e-03,7.651370251551270485e-04
2.188518701586872339e-04,3.629245329648256302e-03,9.888530969619750977e-01,6.543637253344058990e-03,7.552099996246397495e-04
2.094356168527156115e-04,3.409887198358774185e-03,9.914819598197937012e-01,4.177594091743230820e-03,7.210787152871489525e-04
1.879801711766049266e-04,2.911988180130720139e-03,9.942585229873657227e-01,2.013355493545532227e-03,6.281726527959108353e-04
1.577875518705695868e-04,2.793574938550591469e-03,9.955247044563293457e-01,9.686112171038985252e-04,5.552803049795329571e-04
1.025717501761391759e-04,2.432547975331544876e-03,9.965203404426574707e-01,4.353827680461108685e-04,5.090468330308794975e-04
6.959121674299240112e-05,2.028422895818948746e-03,9.972471594810485840e-01,1.965940755326300859e-04,4.582373658195137978e-04
6.009341814205981791e-05,2.015336183831095695e-03,9.974216222763061523e-01,8.888103184290230274e-05,4.141028039157390594e-04
5.238567609922029078e-05,2.210541628301143646e-03,9.972530007362365723e-01,5.717946260119788349e-05,4.268919001333415508e-04
4.499544593272730708e-05,2.335383091121912003e-03,9.971517324447631836e-01,4.191121843177825212e-05,4.259449488017708063e-04
5.026052167522720993e-05,3.038179362192749977e-03,9.963964223861694336e-01,5.079573020339012146e-05,4.642962012439966202e-04
5.433779369923286140e-05,5.011048167943954468e-03,9.943143725395202637e-01,8.530373452231287956e-05,5.349194980226457119e-04
5.470571340993046761e-05,9.130440652370452881e-03,9.899566173553466797e-01,1.996701757889240980e-04,6.585224764421582222e-04
6.039222716935910285e-05,1.399030629545450211e-02,9.849705100059509277e-01,2.806642733048647642e-04,6.981597398407757282e-04
7.516356708947569132e-05,2.164260298013687134e-02,9.772430062294006348e-01,3.251756425015628338e-04,7.141281384974718094e-04
1.024396769935265183e-04,3.140071034431457520e-02,9.674220085144042969e-01,3.582295030355453491e-04,7.165950373746454716e-04
1.379048626404255629e-04,3.840594738721847534e-02,9.603506326675415039e-01,4.094345204066485167e-04,6.961316103115677834e-04
1.486350811319425702e-04,4.242357239127159119e-02,9.562562108039855957e-01,4.814825952053070068e-04,6.901795859448611736e-04
1.401852059643715620e-04,3.935719653964042664e-02,9.591209888458251953e-01,6.756574730388820171e-04,7.060590432956814766e-04
1.184530701721087098e-04,3.641626983880996704e-02,9.613139033317565918e-01,1.357181696221232414e-03,7.942501688376069069e-04
1.100603258237242699e-04,3.362573310732841492e-02,9.614410996437072754e-01,3.839230397716164589e-03,9.839332196861505508e-04
1.291666994802653790e-04,3.398855403065681458e-02,9.554283022880554199e-01,9.443060494959354401e-03,1.010934938676655293e-03
1.500198704889044166e-04,3.805568069219589233e-02,9.431819915771484375e-01,1.762885972857475281e-02,9.834251832216978073e-04
1.847328967414796352e-04,3.952760249376296997e-02,9.262872338294982910e-01,3.290626406669616699e-02,1.094187377020716667e-03
2.333492739126086235e-04,2.882663719356060028e-02,9.150948524475097656e-01,5.448168888688087463e-02,1.363433315418660641e-03
2.715889713726937771e-04,1.799642108380794525e-02,9.117588400840759277e-01,6.840200722217559814e-02,1.571156783029437065e-03
2.646936336532235146e-04,1.119624916464090347e-02,9.195972084999084473e-01,6.726180762052536011e-02,1.680007553659379482e-03
3.087527584284543991e-04,9.277772158384323120e-03,9.357705712318420410e-01,5.321208015084266663e-02,1.430765376426279545e-03
4.426523228175938129e-04,8.239271119236946106e-03,9.242456555366516113e-01,6.580174714326858521e-02,1.270631211809813976e-03
5.891470354981720448e-04,8.706405758857727051e-03,8.931598663330078125e-01,9.629251062870025635e-02,1.252060290426015854e-03
9.628274710848927498e-04,1.008315104991197586e-02,7.592121362686157227e-01,2.285060733556747437e-01,1.235783449374139309e-03
1.147550763562321663e-03,7.901255972683429718e-03,4.365507662296295166e-01,5.534088015556335449e-01,9.915108093991875648e-04
6.661924417130649090e-04,3.076750785112380981e-03,1.636705547571182251e-01,8.320668339729309082e-01,5.196626880206167698e-04
2.952929935418069363e-04,1.297852606512606144e-03,6.870215386152267456e-02,9.294333457946777344e-01,2.713135327212512493e-04
1.392156991641968489e-04,6.044287001714110374e-04,2.815601602196693420e-02,9.709776043891906738e-01,1.226262393174692988e-04
5.130067074787802994e-05,3.451152879279106855e-04,1.205843687057495117e-02,9.874869585037231445e-01,5.812628660351037979e-05
3.126177398371510208e-05,2.761001233011484146e-04,1.008194405585527420e-02,9.895603656768798828e-01,5.029542444390244782e-05
3.277690120739862323e-05,2.674946736078709364e-04,1.436285115778446198e-02,9.852709770202636719e-01,6.597145693376660347e-05
4.260663990862667561e-05,2.511037746444344521e-04,2.195092290639877319e-02,9.776521921157836914e-01,1.031323190545663238e-04
5.063868593424558640e-05,2.399982331553474069e-04,3.628122434020042419e-02,9.632582664489746094e-01,1.698448759270831943e-04
5.510602204594761133e-05,1.987201394513249397e-04,4.747308045625686646e-02,9.520506262779235840e-01,2.223883930128067732e-04
4.261708454578183591e-05,1.249395572813227773e-04,3.177365288138389587e-02,9.678919911384582520e-01,1.666934404056519270e-04
2.958501136163249612e-05,9.318028605775907636e-05,1.924658007919788361e-02,9.805151224136352539e-01,1.155562640633434057e-04
1.863545185187831521e-05,6.504722841782495379e-05,1.004040148109197617e-02,9.898069500923156738e-01,6.900613516336306930e-05
1.021327443595509976e-05,4.010325574199669063e-05,4.142517223954200745e-03,9.957731962203979492e-01,3.394999657757580280e-05
4.757143415190512314e-06,2.949219015135895461e-05,1.902583404444158077e-03,9.980448484420776367e-01,1.824204628064762801e-05
3.020887334059807472e-06,2.203962321800645441e-05,7.131698075681924820e-04,9.992530941963195801e-01,8.620590051577892154e-06
2.327054517081705853e-06,1.777291799953673035e-05,2.640970633365213871e-04,9.997116327285766602e-01,4.228400484862504527e-06
1.477847490605199710e-06,1.534364491817541420e-05,1.074802275979891419e-04,9.998732209205627441e-01,2.530765641495236196e-06
1.081533923752431292e-06,1.524119124951539561e-05,5.429733573691919446e-05,9.999274611473083496e-01,1.865092713160265703e-06
9.515093779555172659e-07,1.520157638879027218e-05,3.142545756418257952e-05,9.999508857727050781e-01,1.524590743429143913e-06
9.139413350567338057e-07,1.771575443854089826e-05,2.146681254089344293e-05,9.999583959579467773e-01,1.479158868278318550e-06
1.145415808423422277e-06,2.503908035578206182e-05,1.850990884122438729e-05,9.999535083770751953e-01,1.754093773342901841e-06
1.562765078233496752e-06,3.957001899834722281e-05,1.951898593688383698e-05,9.999368190765380859e-01,2.484172227923409082e-06
2.723037141549866647e-06,6.229104474186897278e-05,2.266108458570670336e-05,9.999086260795593262e-01,3.562290203262818977e-06
5.256144959275843576e-06,8.323388465214520693e-05,2.478286478435620666e-05,9.998821020126342773e-01,4.702864771388703957e-06
7.163233476603636518e-06,1.177040103357285261e-04,2.783564923447556794e-05,9.998403787612915039e-01,6.823208877904107794e-06
8.496342161379288882e-06,1.704870228422805667e-04,3.288234802312217653e-05,9.997780323028564453e-01,1.011411768558900803e-05
9.382780262967571616e-06,1.914020394906401634e-04,3.912445754394866526e-05,9.997456669807434082e-01,1.443605651729740202e-05
9.937049981090240180e-06,2.161771844839677215e-04,4.811193139175884426e-05,9.997071623802185059e-01,1.853248068073298782e-05
1.431025248166406527e-05,2.191538660554215312e-04,6.123607454355806112e-05,9.996842145919799805e-01,2.111027060891501606e-05
1.783473817340563983e-05,2.660988247953355312e-04,9.135657455772161484e-05,9.995931982994079590e-01,3.159656989737413824e-05
1.800237441784702241e-05,3.170624549966305494e-04,1.050347200362011790e-04,9.995226263999938965e-01,3.723951158463023603e-05
2.551545367168728262e-05,2.180502051487565041e-04,9.698183566797524691e-05,9.996254444122314453e-01,3.391359132365323603e-05
2.959183984785340726e-05,1.337170542683452368e-04,7.783640467096120119e-05,9.997331500053405762e-01,2.572241646703332663e-05
2.349800342926755548e-05,9.333005436928942800e-05,6.464703619712963700e-05,9.997984170913696289e-01,2.009789204748813063e-05
2.254741411888971925e-05,7.608889427501708269e-05,5.621937089017592371e-05,9.998294115066528320e-01,1.579815580043941736e-05
1.373529994452837855e-05,5.415367195382714272e-05,5.010594031773507595e-05,9.998694658279418945e-01,1.256067389476811513e-05
9.444797797186765820e-06,3.901238596881739795e-05,3.992877827840857208e-05,9.999033808708190918e-01,8.332644028996583074e-06
5.795770903205266222e-06,5.810389484395273030e-05,5.615945701720193028e-05,9.998657107353210449e-01,1.431736382073722780e-05
3.730030812221230008e-06,9.104459604714065790e-05,1.008445760817267001e-04,9.997684359550476074e-01,3.596249007387086749e-05
3.111265641564386897e-06,1.087409546016715467e-04,1.628256140975281596e-04,9.996470808982849121e-01,7.815603021299466491e-05
2.901108246078365482e-06,1.075424588634632528e-04,2.113485679728910327e-04,9.995478987693786621e-01,1.302801101701334119e-04
2.520889438528683968e-06,1.107991047319956124e-04,2.341343642910942435e-04,9.994584918022155762e-01,1.939940993906930089e-04
6.393047442543320358e-06,7.294432725757360458e-05,2.400776720605790615e-04,9.995195865631103516e-01,1.610106264706701040e-04
1.550347042211797088e-05,6.729098095092922449e-05,2.777541812974959612e-04,9.994794130325317383e-01,1.599635870661586523e-04
1.975027589651290327e-05,7.770423690089955926e-05,3.192214644514024258e-04,9.993996024131774902e-01,1.838553434936329722e-04
1.854407855716999620e-05,9.250798029825091362e-05,3.142607165500521660e-04,9.993837475776672363e-01,1.909939601318910718e-04
1.686561881797388196e-05,1.064398893504403532e-04,2.953121438622474670e-04,9.993745684623718262e-01,2.069371985271573067e-04
1.317725218541454524e-05,9.259906801162287593e-05,2.070848713628947735e-04,9.995168447494506836e-01,1.702767767710611224e-04
9.501614840701222420e-06,7.073129381751641631e-05,1.259827840840443969e-04,9.996517896652221680e-01,1.418967731297016144e-04
4.714953320217318833e-06,4.529259604169055820e-05,6.939021841390058398e-05,9.997646212577819824e-01,1.160201500169932842e-04
2.008406681852648035e-06,1.753382275637704879e-05,2.068524372589308769e-05,9.999207258224487305e-01,3.908328653778880835e-05
6.490072905762644950e-07,6.330158157652476802e-06,5.032596618548268452e-06,9.999783635139465332e-01,9.534637683827895671e-06
1.609181197181897005e-07,2.659392293935525231e-06,1.211952621815726161e-06,9.999937415122985840e-01,2.231310645584017038e-06
4.243848650276049739e-08,1.279624370909004938e-06,3.341635022025002399e-07,9.999977350234985352e-01,5.216298291088605765e-07
1.507452296323208429e-08,6.935449050615716260e-07,1.152533215531548194e-07,9.999990463256835938e-01,1.457779319480323466e-07
5.622000642802049697e-09,4.468029715098964516e-07,5.728799479243207315e-08,9.999993443489074707e-01,6.807258756680312217e-08
3.280672844496734797e-09,5.447746502795780543e-07,6.362137838777925936e-08,9.999992847442626953e-01,8.414696850422842545e-08
2.713415714339362239e-09,8.186815421140636317e-07,1.025039253477189050e-07,9.999989271163940430e-01,1.559036775233835215e-07
2.862840409179057133e-09,1.116411567636532709e-06,1.600417789404673385e-07,9.999984502792358398e-01,2.665545935087720864e-07
4.402032516281906283e-09,1.585133077242062427e-06,2.437459158954879967e-07,9.999977350234985352e-01,4.301363958347792504e-07
8.734055256809369894e-09,2.058426161966053769e-06,3.437610871515062172e-07,9.999969601631164551e-01,5.930913857810082845e-07
1.911564950773936289e-08,2.859316737158223987e-06,5.070053248346084729e-07,9.999957084655761719e-01,8.707924052941962145e-07
4.359379701668331109e-08,3.927767920686164871e-06,8.327500609084381722e-07,9.999936819076538086e-01,1.459756958865909837e-06
1.249580776629954926e-07,6.207751994224963710e-06,1.296394657401833683e-06,9.999899268150329590e-01,2.360310190852032974e-06
3.013798277606838383e-07,8.499284376739524305e-06,1.787702899491705466e-06,9.999861717224121094e-01,3.312569333502324298e-06
6.121399565017782152e-07,1.109551158151589334e-05,2.486345692886970937e-06,9.999810457229614258e-01,4.719375738204689696e-06
1.009927814266120549e-06,1.107203479477902874e-05,3.140776470900163986e-06,9.999790787696838379e-01,5.734752903663320467e-06
1.151619585471053142e-06,1.388925738865509629e-05,3.776159474000451155e-06,9.999740123748779297e-01,7.143913535401225090e-06
8.990840569822466932e-07,1.791613794921431690e-05,4.633376647689146921e-06,9.999672174453735352e-01,9.410085112904198468e-06
7.067532123983255588e-07,2.037152444245293736e-05,5.582052835961803794e-06,9.999618530273437500e-01,1.145096393884159625e-05
7.108800446076202206e-07,2.078918987535871565e-05,6.610235232074046507e-06,9.999586939811706543e-01,1.322235584666486830e-05
6.744227221133769490e-07,1.864371733972802758e-05,6.864857368782395497e-06,9.999603033065795898e-01,1.356911798211513087e-05
5.692699573955906089e-07,1.732513555907644331e-05,6.554835636052303016e-06,9.999626278877258301e-01,1.305907790083438158e-05
4.381743963222106686e-07,1.585118843649979681e-05,5.483935638039838523e-06,9.999670386314392090e-01,1.107026128011057153e-05
3.638254781890282175e-07,1.697510560916271061e-05,5.345163117453921586e-06,9.999659061431884766e-01,1.140329732152167708e-05
3.726658235336799407e-07,1.936599801410920918e-05,6.047853275958914310e-06,9.999603033065795898e-01,1.398898439219919965e-05
3.157243781970464624e-07,1.853506182669661939e-05,6.046163434803020209e-06,9.999613761901855469e-01,1.383597827953053638e-05
2.312022360229093465e-07,1.514931500423699617e-05,5.002598754799691960e-06,9.999691247940063477e-01,1.055360007740091532e-05
1.706201686602071277e-07,1.208283447340363637e-05,3.815606760326772928e-06,9.999762177467346191e-01,7.752108103886712343e-06
1.474506063914304832e-07,9.638228220865130424e-06,3.148558789689559489e-06,9.999809265136718750e-01,6.112086794018978253e-06
1.201056960553614772e-07,8.537311259715352207e-06,2.812486172842909582e-06,9.999830722808837891e-01,5.368735401134472340e-06
9.806716150251304498e-08,8.117433026200160384e-06,2.724214027693960816e-06,9.999834895133972168e-01,5.466099537443369627e-06
6.034106547758710803e-08,6.395419404725544155e-06,1.992936859096516855e-06,9.999874830245971680e-01,4.067045210831565782e-06
4.302358647123583069e-08,4.633062872017035261e-06,1.261023726328858174e-06,9.999917149543762207e-01,2.409210310361231677e-06
2.969087553594818019e-08,3.329063019918976352e-06,6.930516178726975340e-07,9.999946355819702148e-01,1.261959710063820239e-06
1.619387113294123992e-08,3.101885795331327245e-06,4.098217800674319733e-07,9.999955892562866211e-01,8.260111030722327996e-07
8.430789399938021234e-09,1.836308570091205183e-06,2.122665136994328350e-07,9.999974966049194336e-01,4.387757144286297262e-07
5.037693373566298760e-09,9.632994988351128995e-07,9.587129312649267376e-08,9.999988079071044922e-01,1.898074231121427147e-07
3.496570588623626463e-09,1.122185381063900422e-06,6.801573704251495656e-08,9.999986886978149414e-01,1.582514670417367597e-07
3.077812449348016344e-09,1.578862793394364417e-06,7.046907057883800007e-08,9.999982118606567383e-01,2.003921082405213383e-07
3.808428239437944285e-09,2.237027274532010779e-06,8.987209554334185668e-08,9.999973773956298828e-01,3.093526572683913400e-07
5.993795682002200920e-09,3.150388010908500291e-06,1.281885744219835033e-07,9.999961256980895996e-01,5.324803851181059144e-07
1.308488872808766246e-08,3.300035587017191574e-06,1.755026772798373713e-07,9.999957084655761719e-01,8.027824947021144908e-07
3.447448548854481487e-08,3.799498699663672596e-06,2.429431731343356660e-07,9.999946355819702148e-01,1.257391090803139377e-06
1.206527286967684631e-07,4.419904598762514070e-06,4.633347430171852466e-07,9.999920129776000977e-01,2.977892563649220392e-06
3.524317264691489981e-07,4.301406988815870136e-06,9.029783427649817895e-07,9.999872446060180664e-01,7.158917469496373087e-06
8.876006631908239797e-07,3.801347247645026073e-06,1.431746568414382637e-06,9.999809265136718750e-01,1.293524019274627790e-05
1.284669451706577092e-06,3.398859689696109854e-06,1.856790618148806971e-06,9.999756813049316406e-01,1.775838245521299541e-05
1.094075059882015921e-06,3.533644758135778829e-06,2.596370904939249158e-06,9.999696016311645508e-01,2.313231016159988940e-05
6.425696597034402657e-07,2.717602228585747071e-06,2.488440259185153991e-06,9.999758005142211914e-01,1.836983938119374216e-05
2.845846438503940590e-07,1.916316250571981072e-06,1.791208092072338331e-06,9.999864697456359863e-01,9.508548828307539225e-06
1.206917374929616926e-07,1.585303834872320294e-06,1.184932898468105122e-06,9.999924898147583008e-01,4.700209956354228780e-06
6.350535386445699260e-08,1.264967181668907870e-06,8.263940571850980632e-07,9.999950528144836426e-01,2.697613581403857097e-06
5.045157536187616643e-08,1.019687942971359007e-06,5.417283546194084920e-07,9.999967813491821289e-01,1.495972469456319232e-06
7.845529381711457972e-08,1.049475031322799623e-06,5.594104095507645980e-07,9.999969005584716797e-01,1.396398602082626894e-06
1.537601406198518816e-07,1.379260311296093278e-06,7.944541948745609261e-07,9.999958276748657227e-01,1.812538243939343374e-06
2.270525669700873550e-07,1.907176624627027195e-06,1.054048766491177958e-06,9.999946355819702148e-01,2.234385419797035865e-06
3.676215669656812679e-07,2.097220203722827137e-06,1.094836989068426192e-06,9.999943971633911133e-01,1.999315827561076730e-06
3.584018770652619423e-07,1.932643272084533237e-06,8.732274068279366475e-07,9.999954700469970703e-01,1.391620571666862816e-06
2.908994360950600822e-07,1.595263483977760188e-06,5.572837267209251877e-07,9.999969005584716797e-01,7.334625706789665855e-07
2.458024539464531699e-07,1.332187139269080944e-06,3.493887561489827931e-07,9.999977350234985352e-01,3.907896370947128162e-07
2.356971009476183099e-07,1.224515131070802454e-06,2.630017945648432942e-07,9.999980330467224121e-01,2.625279194035101682e-07
2.159174528060248122e-07,1.160464876193145756e-06,2.236881186945538502e-07,9.999982118606567383e-01,2.157171934413781855e-07
2.267459393578974414e-07,1.230196744472777937e-06,2.352683878825700958e-07,9.999980330467224121e-01,2.329187083205397357e-07
2.391780640209617559e-07,1.667161541263340041e-06,3.582792089673603186e-07,9.999973773956298828e-01,4.087788170181738678e-07
2.053082681641171803e-07,2.683457751118112355e-06,6.936381282685033511e-07,9.999953508377075195e-01,1.000024553832190577e-06
2.038327835407471866e-07,3.387740434845909476e-06,1.187265297630801797e-06,9.999933242797851562e-01,1.994644208025420085e-06
2.175080169308785116e-07,3.482452257230761461e-06,1.668387881181843113e-06,9.999917149543762207e-01,3.013561354237026535e-06
5.972729582026659045e-07,4.307215476728742942e-06,2.196110017393948510e-06,9.999895691871643066e-01,3.409407554499921389e-06
3.586338834793423302e-06,6.586681593034882098e-06,3.265445457145688124e-06,9.999823570251464844e-01,4.277553671272471547e-06
1.813718699850142002e-05,1.003627039608545601e-05,6.064810804673470557e-06,9.999586343765258789e-01,7.184497007983736694e-06
2.727873106778133661e-05,1.375555257254745811e-05,1.178788443212397397e-05,9.999327659606933594e-01,1.448114562663249671e-05
1.856150629464536905e-05,1.530520785308908671e-05,1.813028575270436704e-05,9.999238252639770508e-01,2.418269286863505840e-05
8.653117220092099160e-06,1.771539973560720682e-05,2.167921229556668550e-05,9.999201893806457520e-01,3.161410859320312738e-05
5.575046088779345155e-06,2.075325573969166726e-05,2.675340874702669680e-05,9.999049901962280273e-01,4.197693851892836392e-05
5.439796495920745656e-06,2.635994496813509613e-05,4.193156564724631608e-05,9.998538494110107422e-01,7.245920278364792466e-05
7.054667094053002074e-06,2.965093699458520859e-05,6.536716682603582740e-05,9.997817277908325195e-01,1.161029431386850774e-04
9.519736522634048015e-06,3.034291694348212332e-05,8.849931327858939767e-05,9.997167587280273438e-01,1.548313302919268608e-04
1.145154237747192383e-05,2.898944330809172243e-05,1.003861980279907584e-04,9.996870756149291992e-01,1.721156149869784713e-04
1.619124122953508049e-05,2.864695125026628375e-05,1.302986347582191229e-04,9.996066093444824219e-01,2.182772004744037986e-04
2.179309740313328803e-05,2.712039713514968753e-05,1.650162012083455920e-04,9.995230436325073242e-01,2.630077360663563013e-04
2.410176603007130325e-05,2.783702984743285924e-05,1.540398225188255310e-04,9.995761513710021973e-01,2.178776921937242150e-04
1.894323941087350249e-05,2.759136259555816650e-05,1.039438720908947289e-04,9.997221827507019043e-01,1.272704394068568945e-04
1.631482155062258244e-05,2.533229962864425033e-05,5.953865911578759551e-05,9.998370409011840820e-01,6.169704283820465207e-05
1.592631633684504777e-05,2.815823427226860076e-05,4.065805842401459813e-05,9.998754262924194336e-01,3.986360025010071695e-05
1.908700505737215281e-05,3.739300154848024249e-05,3.807593384408392012e-05,9.998636245727539062e-01,4.175427238806150854e-05
2.021885120484512299e-05,4.041131614940240979e-05,3.492715040920302272e-05,9.998620748519897461e-01,4.236204040353186429e-05
2.097523429256398231e-05,4.019093466922640800e-05,4.351013194536790252e-05,9.998360276222229004e-01,5.939160837442614138e-05
2.067374589387327433e-05,3.999966793344356120e-05,5.765789319411851466e-05,9.997903704643249512e-01,9.131721162702888250e-05
2.786188997561112046e-05,4.571914905682206154e-05,8.033722406253218651e-05,9.997054934501647949e-01,1.405424700351431966e-04
5.050711115472950041e-05,4.637163146981038153e-05,1.082789021893404424e-04,9.995995163917541504e-01,1.953596220118924975e-04
9.102567128138616681e-05,4.305447873775847256e-05,1.596776564838364720e-04,9.994128942489624023e-01,2.933909127023071051e-04
3.475478442851454020e-04,4.004054426332004368e-05,2.010572352446615696e-04,9.990580677986145020e-01,3.533270792104303837e-04
9.996992945671081543e-01,5.813623360495512316e-08,8.072129276115447283e-07,2.981302677653729916e-04,1.639640572648204397e-06
