5.518401786684989929e-02,7.669796347618103027e-01,8.988095074892044067e-02,2.344332821667194366e-02,6.451213359832763672e-02
6.448807660490274429e-03,9.615564346313476562e-01,1.995533518493175507e-02,1.309804967604577541e-03,1.072960998862981796e-02
1.372502767480909824e-03,9.896419644355773926e-01,5.821696948260068893e-03,2.141943987226113677e-04,2.949552610516548157e-03
5.445251590572297573e-04,9.942556619644165039e-01,3.064362565055489540e-03,1.232337381225079298e-04,2.012177836149930954e-03
7.255947275552898645e-05,9.983403682708740234e-01,8.577427361160516739e-04,6.250514707062393427e-05,6.668239366263151169e-04
2.594555371615570039e-05,9.991513490676879883e-01,3.739091916941106319e-04,5.312509529176168144e-05,3.956787113565951586e-04
5.418190539785427973e-06,9.997779726982116699e-01,7.786239439155906439e-05,3.018259485543239862e-05,1.086438205675221980e-04
1.177277908936957829e-06,9.999372959136962891e-01,1.708288982626982033e-05,1.655097548791673034e-05,2.784483876894228160e-05
4.084869260623236187e-07,9.999736547470092773e-01,5.109513494971906766e-06,1.094795879907906055e-05,9.866962500382214785e-06
2.631548454701260198e-07,9.999840259552001953e-01,2.081983438984025270e-06,8.918265848478768021e-06,4.687094588007312268e-06
3.096386933520989260e-07,9.999852180480957031e-01,1.589786847944196779e-06,9.110464816330932081e-06,3.773851858568377793e-06
5.247552508080843836e-07,9.999811649322509766e-01,2.116652240147232078e-06,1.142465407610870898e-05,4.769481165567412972e-06
1.220013473357539624e-06,9.999718666076660156e-01,3.187705942764296196e-06,1.521557260275585577e-05,8.493046152580063790e-06
7.646920039405813441e-07,9.999778270721435547e-01,3.160113237754558213e-06,1.070185862772632390e-05,7.531528808613074943e-06
5.496640369528904557e-07,9.999826550483703613e-01,2.991333076352020726e-06,7.601291599712567404e-06,6.069005848985398188e-06
5.636711080114764627e-07,9.999845027923583984e-01,3.212159299437189475e-06,6.200060397532070056e-06,5.471711574500659481e-06
9.186504712488385849e-07,9.999802708625793457e-01,5.057032012700801715e-06,6.670300081168534234e-06,7.048748557281214744e-06
2.141708819181076251e-06,9.999708533287048340e-01,8.618831088824663311e-06,7.636203918082173914e-06,1.067811444954713807e-05
4.420115146785974503e-06,9.999681115150451660e-01,9.274440344597678632e-06,7.154658760555321351e-06,1.100861936720320955e-05
9.801564374356530607e-06,9.999502897262573242e-01,1.218460602103732526e-05,9.188664080284070224e-06,1.857918141467962414e-05
9.107650839723646641e-06,9.999577999114990234e-01,1.002416956907836720e-05,8.162114681908860803e-06,1.490813338023144752e-05
1.363249339192407206e-05,9.999549388885498047e-01,9.788281204237136990e-06,8.046969014685600996e-06,1.353677907900419086e-05
2.016510734392795712e-05,9.999459981918334961e-01,1.100246936402982101e-05,8.815904038783628494e-06,1.405567309120669961e-05
2.684221726667601615e-05,9.999293684959411621e-01,1.255783445230918005e-05,1.083799816115060821e-05,2.036511250480543822e-05
1.104737475543515757e-05,9.999489784240722656e-01,1.190718558063963428e-05,9.941826647263951600e-06,1.822561534936539829e-05
7.126527179934782907e-06,9.999478459358215332e-01,1.559588599775452167e-05,1.018856437440263107e-05,1.939026333275251091e-05
5.463040452013956383e-06,9.999389648437500000e-01,2.280516855535097420e-05,1.045426870405208319e-05,2.222004695795476437e-05
4.804148375114891678e-06,9.999355077743530273e-01,2.606867383292410523e-05,1.031585361488396302e-05,2.326449975953437388e-05
2.399515551587683149e-06,9.999655485153198242e-01,1.136900573328603059e-05,8.172037269105203450e-06,1.248108765139477327e-05
1.103801764656964224e-06,9.999798536300659180e-01,4.491644631343660876e-06,7.693446605117060244e-06,6.751888577127829194e-06
4.781898610417556483e-07,9.999873638153076172e-01,1.783974653335462790e-06,6.747344286850420758e-06,3.620020606831531040e-06
2.206955258543530363e-07,9.999914169311523438e-01,8.540516205357562285e-07,5.400429017754504457e-06,2.192836745962267742e-06
1.216410083770824713e-07,9.999935626983642578e-01,5.295008236316789407e-07,4.189748779026558623e-06,1.572641394886886701e-06
1.554507207401911728e-07,9.999922513961791992e-01,7.131235406632185914e-07,4.435041319084120914e-06,2.445490963509655558e-06
1.124506354699406074e-07,9.999930858612060547e-01,6.727537993356236257e-07,3.801021193794440478e-06,2.305457655893405899e-06
8.594306422082809149e-08,9.999937415122985840e-01,6.472241125266009476e-07,3.391774725969298743e-06,2.124602133335429244e-06
1.406556862093566451e-07,9.999909996986389160e-01,1.028819042403483763e-06,4.129811713937669992e-06,3.644424396043177694e-06
9.077395901613272144e-08,9.999914169311523438e-01,1.057809981830359902e-06,3.974904757342301309e-06,3.535414407451753505e-06
5.582786855029553408e-08,9.999922513961791992e-01,9.793495792109752074e-07,3.582609224395127967e-06,3.096152340731350705e-06
3.736328579861947219e-08,9.999933242797851562e-01,8.285910553240682930e-07,3.218423671569325961e-06,2.558996129664592445e-06
2.649261787723844463e-08,9.999941587448120117e-01,6.877644977976160590e-07,2.939754494946100749e-06,2.088191422444651835e-06
2.299686663320699154e-08,9.999943971633911133e-01,6.309356308520364109e-07,2.972076572405057959e-06,1.916332848850288428e-06
2.383859332155680022e-08,9.999942183494567871e-01,6.284740265982691199e-07,3.263733105995925143e-06,1.872455072771117557e-06
2.663082554477114172e-08,9.999936819076538086e-01,6.725625780745758675e-07,3.644736807473236695e-06,1.942269591381773353e-06
4.487889171400638588e-08,9.999914169311523438e-01,9.960868965208646841e-07,4.916832494927803054e-06,2.632789801282342523e-06
5.816107417899729626e-08,9.999920129776000977e-01,9.416130524186883122e-07,4.357659236120525748e-06,2.525728859836817719e-06
6.695256615785183385e-08,9.999937415122985840e-01,7.709600708949437831e-07,3.179029363309382461e-06,2.089091822199407034e-06
1.502841229239493259e-07,9.999909400939941406e-01,1.177531657958752476e-06,4.017654191557085142e-06,3.693172857310855761e-06
1.408942580383154564e-07,9.999896883964538574e-01,1.519719148745934945e-06,4.272983460396062583e-06,4.306808477849699557e-06
2.377585133217507973e-07,9.999844431877136230e-01,2.334527835046174005e-06,5.653084826917620376e-06,7.432051461364608258e-06
1.627221450917204493e-07,9.999849796295166016e-01,2.564456508480361663e-06,5.282890015223529190e-06,7.041680419206386432e-06
1.049745748105124221e-07,9.999867081642150879e-01,2.539125262046582066e-06,4.687658019975060597e-06,5.981898539175745100e-06
7.491198772413554252e-08,9.999885559082031250e-01,2.446722646709531546e-06,3.922527412214549258e-06,4.955750227964017540e-06
6.393168661134041031e-08,9.999899268150329590e-01,2.409858097962569445e-06,3.208742327842628583e-06,4.302165962144499645e-06
6.780408767781409551e-08,9.999903440475463867e-01,2.565767545092967339e-06,2.847042196663096547e-06,4.192446340312017128e-06
1.496212860274681589e-07,9.999853372573852539e-01,3.532519258442334831e-06,3.842783371510449797e-06,7.200122126960195601e-06
1.565143179504957516e-07,9.999830722808837891e-01,4.586445811582962051e-06,4.179133611614815891e-06,8.071571755863260478e-06
2.923029569501522928e-07,9.999746084213256836e-01,6.194055913510965183e-06,5.673402938555227593e-06,1.312729273195145652e-05
2.360732196393655613e-07,9.999750852584838867e-01,6.888367806823225692e-06,5.257217708276584744e-06,1.252047786692855880e-05
2.094794524509779876e-07,9.999768733978271484e-01,7.366926183749455959e-06,4.215717126498930156e-06,1.141130451287608594e-05
3.298259514394885628e-07,9.999747276306152344e-01,9.076669812202453613e-06,3.958347406296525151e-06,1.192964555229991674e-05
4.180754160643118666e-07,9.999724626541137695e-01,1.102722944779088721e-05,3.888036189891863614e-06,1.213155974255641922e-05
4.169068574810808059e-07,9.999691843986511230e-01,1.367146069242153317e-05,3.945280695916153491e-06,1.269493805011734366e-05
3.976427080942812609e-07,9.999645948410034180e-01,1.743575739965308458e-05,3.966521035181358457e-06,1.362426610285183415e-05
3.694136125886871014e-07,9.999589920043945312e-01,2.186840174545068294e-05,4.176161382929421961e-06,1.460556904930854216e-05
3.685623823912465014e-07,9.999551773071289062e-01,2.476530789863318205e-05,4.788225851370953023e-06,1.493277886766009033e-05
3.358846925038960762e-07,9.999544024467468262e-01,2.502704774087760597e-05,5.719023192796157673e-06,1.442087977920891717e-05
2.530219092022889527e-07,9.999567270278930664e-01,2.319768100278452039e-05,6.681651939288713038e-06,1.317039186687907204e-05
2.237581071540262201e-07,9.999556541442871094e-01,2.316286372661124915e-05,8.220163181249517947e-06,1.268894538952736184e-05
2.067703945840548840e-07,9.999544024467468262e-01,2.366755688854027539e-05,9.461268746235873550e-06,1.228595738211879507e-05
2.401260985607223120e-07,9.999519586563110352e-01,2.462936026859097183e-05,1.045736007654340938e-05,1.263859667233191431e-05
3.793403493546065874e-07,9.999475479125976562e-01,2.654566742421593517e-05,1.218607030750717968e-05,1.340723520115716383e-05
7.977446898621565197e-07,9.999234676361083984e-01,3.284452031948603690e-05,2.112553556798957288e-05,2.179436523874755949e-05
7.201567768788663670e-07,9.999198317527770996e-01,3.243630999349988997e-05,2.621199200802948326e-05,2.078970646834932268e-05
5.018493425268388819e-07,9.999263286590576172e-01,2.946138192783109844e-05,2.633170515764504671e-05,1.736100966809317470e-05
3.737527833891363116e-07,9.999274611473083496e-01,2.941177626780699939e-05,2.669812602107413113e-05,1.598213930265046656e-05
2.772596303657337558e-07,9.999237060546875000e-01,3.230735455872491002e-05,2.795587170112412423e-05,1.569157757330685854e-05
2.536449983381316997e-07,9.999123811721801758e-01,3.908962389687076211e-05,3.169779665768146515e-05,1.661478563619311899e-05
2.544178130392538151e-07,9.999101161956787109e-01,3.908071812475100160e-05,3.492588439257815480e-05,1.566234823258128017e-05
2.779249257400806528e-07,9.999107122421264648e-01,3.483008913462981582e-05,4.019787229481153190e-05,1.405689363309647888e-05
3.180680607783870073e-07,9.998971819877624512e-01,3.133289646939374506e-05,5.725285518565215170e-05,1.396227435179753229e-05
2.941808645573473768e-07,9.999023675918579102e-01,2.744458470260724425e-05,5.677920125890523195e-05,1.319188777415547520e-05
3.519007520935701905e-07,9.999085664749145508e-01,2.626188506837934256e-05,5.243746272753924131e-05,1.238379445567261428e-05
4.407216067647823365e-07,9.999048709869384766e-01,3.140517219435423613e-05,5.061082629254087806e-05,1.259077635040739551e-05
6.580556259905279148e-07,9.998773336410522461e-01,4.665361120714806020e-05,5.963497824268415570e-05,1.574419184180442244e-05
1.067872972271288745e-06,9.998101592063903809e-01,8.512381464242935181e-05,8.049167809076607227e-05,2.316699283255729824e-05
1.775408691173652187e-06,9.997293949127197266e-01,1.487076660851016641e-04,8.780877396930009127e-05,3.238280623918399215e-05
3.025275191248510964e-06,9.996823668479919434e-01,1.996252394746989012e-04,7.867780368542298675e-05,3.624762393883429468e-05
4.278769665688741952e-06,9.996927976608276367e-01,2.040711697190999985e-04,6.538550223922356963e-05,3.345994628034532070e-05
7.974363143148366362e-06,9.995567202568054199e-01,3.196147154085338116e-04,6.932096584932878613e-05,4.637919118977151811e-05
5.780836363555863500e-05,9.989054799079895020e-01,7.394764688797295094e-04,1.684008893789723516e-04,1.289174979319795966e-04
4.942150553688406944e-05,9.994328022003173828e-01,2.976677496917545795e-04,1.278474228456616402e-04,9.230132855009287596e-05
2.120041244779713452e-05,9.997434020042419434e-01,1.212861607200466096e-04,6.027358176652342081e-05,5.379582944442518055e-05
9.859249075816478580e-06,9.998494982719421387e-01,6.823719741078093648e-05,3.507917062961496413e-05,3.741893669939599931e-05
5.222517756919842213e-06,9.999018907546997070e-01,4.290364086045883596e-05,2.231456528534181416e-05,2.771909203147515655e-05
3.316277116027777083e-06,9.999244213104248047e-01,3.251934685977175832e-05,1.600437644810881466e-05,2.373274219280574471e-05
2.237353555756271817e-06,9.999357461929321289e-01,2.731585482251830399e-05,1.248413536814041436e-05,2.216556822531856596e-05
1.631386453482264187e-06,9.999440908432006836e-01,2.375309850322082639e-05,1.006850106932688504e-05,2.054371725535020232e-05
1.314537598773313221e-06,9.999490380287170410e-01,2.190781378885731101e-05,8.330093805852811784e-06,1.931757833517622203e-05
1.248265334652387537e-06,9.999511241912841797e-01,2.114803100994322449e-05,7.468735930160619318e-06,1.892998261610046029e-05
1.379152308800257742e-06,9.999505281448364258e-01,2.141512050002347678e-05,7.098987225617747754e-06,1.956056075869128108e-05
1.612677010598417837e-06,9.999511837959289551e-01,2.043620406766422093e-05,6.963645773794269189e-06,1.983680522243957967e-05
1.892102091005654074e-06,9.999538660049438477e-01,1.911050276248715818e-05,6.836281045252690092e-06,1.835138391470536590e-05
1.833557803365692962e-06,9.999601840972900391e-01,1.698971209407318383e-05,6.000158919050591066e-06,1.508229888713685796e-05
1.927439825522014871e-06,9.999626278877258301e-01,1.673178485361859202e-05,5.529087047762004659e-06,1.333436102868290618e-05
2.096568096021655947e-06,9.999641180038452148e-01,1.633732063055504113e-05,5.036385118728503585e-06,1.244571558345342055e-05
2.246361191282630898e-06,9.999630451202392578e-01,1.727173366816714406e-05,5.076674824522342533e-06,1.234027968166628852e-05
2.630548578963498585e-06,9.999581575393676758e-01,2.002971632464323193e-05,5.557332315220264718e-06,1.358189638267504051e-05
2.695810735531267710e-06,9.999548196792602539e-01,2.200039489252958447e-05,5.927755864831851795e-06,1.450935997127089649e-05
2.568139962022542022e-06,9.999551773071289062e-01,2.183965989388525486e-05,6.337757440633140504e-06,1.407650688634021208e-05
2.312402784809819423e-06,9.999573826789855957e-01,2.044887696683872491e-05,6.654669505223864689e-06,1.309403432969702408e-05
2.307122713318676688e-06,9.999573826789855957e-01,2.003036570386029780e-05,7.309965440072119236e-06,1.291888111154548824e-05
2.238732577097835019e-06,9.999586343765258789e-01,1.862766839622054249e-05,7.843113962735515088e-06,1.263883859792258590e-05
2.352339379285695031e-06,9.999557733535766602e-01,1.930485268530901521e-05,8.950421943154651672e-06,1.363968385703628883e-05
2.743400045801536180e-06,9.999500513076782227e-01,2.134988426405470818e-05,1.065890501195099205e-05,1.526433516119141132e-05
2.796124363158014603e-06,9.999490380287170410e-01,2.131123437720816582e-05,1.157136830443050712e-05,1.523449100204743445e-05
2.568886884546373039e-06,9.999521970748901367e-01,1.952499951585195959e-05,1.134011472458951175e-05,1.434483510820427909e-05
2.438111323499470018e-06,9.999548196792602539e-01,1.821022124204318970e-05,1.127549785451265052e-05,1.323589276580605656e-05
2.279219870615634136e-06,9.999577999114990234e-01,1.683873051661066711e-05,1.070263351721223444e-05,1.235920717590488493e-05
2.183571268687956035e-06,9.999608397483825684e-01,1.523960690974490717e-05,1.025751225824933499e-05,1.146051181422080845e-05
2.408497948636068031e-06,9.999626278877258301e-01,1.371403050143271685e-05,1.046526085701771080e-05,1.081477785191964358e-05
3.410815452298265882e-06,9.999592304229736328e-01,1.353995503450278193e-05,1.291532043978804722e-05,1.098679331335006282e-05
7.081696821842342615e-06,9.999397397041320801e-01,1.646823511691763997e-05,2.308772491232957691e-05,1.363225874229101464e-05
1.618853821128141135e-05,9.998880624771118164e-01,2.393912109255325049e-05,5.192623211769387126e-05,1.983128277061041445e-05
3.301967080915346742e-05,9.997547268867492676e-01,4.067458212375640869e-05,1.385531795676797628e-04,3.297618241049349308e-05
2.754787601588759571e-05,9.996196031570434570e-01,5.137822518008761108e-05,2.616974525153636932e-04,3.978308814112097025e-05
1.501699534856015816e-05,9.994665384292602539e-01,6.020981163601391017e-05,4.170719475951045752e-04,4.105518019059672952e-05
6.356103767757304013e-06,9.994812607765197754e-01,5.202963802730664611e-05,4.289877251721918583e-04,3.146738163195550442e-05
3.142184368698508479e-06,9.996268749237060547e-01,3.876375922118313611e-05,3.090800892096012831e-04,2.204576048825401813e-05
1.859335270637529902e-06,9.997618198394775391e-01,3.160693449899554253e-05,1.879077608464285731e-04,1.669415178184863180e-05
1.376905061079014558e-06,9.998347163200378418e-01,2.512643732188735157e-05,1.258925767615437508e-04,1.295991114602657035e-05
1.174167550743732136e-06,9.998711347579956055e-01,2.038170532614458352e-05,9.671869338490068913e-05,1.063768104359041899e-05
1.051640992955071852e-06,9.998903274536132812e-01,1.707536466710735112e-05,8.246471406891942024e-05,8.991633876576088369e-06
9.541181498207151890e-07,9.998966455459594727e-01,1.537717434985097498e-05,7.858046592446044087e-05,8.416150194534566253e-06
8.279836265501216985e-07,9.998969435691833496e-01,1.406405408488353714e-05,8.015883213374763727e-05,8.152094778779428452e-06
9.894528147924575023e-07,9.998627901077270508e-01,1.490802060288842767e-05,1.118277505156584084e-04,9.460853107157163322e-06
7.961736514516815078e-07,9.998891353607177734e-01,1.647382850933354348e-05,8.337577310157939792e-05,1.020896979753160849e-05
8.298326292788260616e-07,9.999040365219116211e-01,2.514048537705093622e-05,5.651044557453133166e-05,1.350458114757202566e-05
9.160661420537508093e-07,9.999004602432250977e-01,3.985508737969212234e-05,4.086786429979838431e-05,1.783242623787373304e-05
2.181822765123797581e-06,9.998193979263305664e-01,8.781102951616048813e-05,5.391739614424295723e-05,3.672694219858385623e-05
1.892249997581529897e-06,9.998159408569335938e-01,9.475342085352167487e-05,5.115659587318077683e-05,3.623386874096468091e-05
1.271549308512476273e-06,9.998475313186645508e-01,8.056702063186094165e-05,4.103697574464604259e-05,2.961044265248347074e-05
8.211587214645987842e-07,9.998965263366699219e-01,5.228086592978797853e-05,3.113431375822983682e-05,1.924312891787849367e-05
6.829201311120414175e-07,9.999142885208129883e-01,4.178936796961352229e-05,2.812774619087576866e-05,1.505328509665559977e-05
6.793312081754265819e-07,9.999032020568847656e-01,4.874879232374951243e-05,3.145793380099348724e-05,1.593427623447496444e-05
8.173249170795315877e-07,9.998445510864257812e-01,8.889815944712609053e-05,4.337424252298660576e-05,2.227225741080474108e-05
1.863748593677883036e-06,9.994677901268005371e-01,3.889805520884692669e-04,8.771134889684617519e-05,5.366439290810376406e-05
5.865415005246177316e-06,9.977036714553833008e-01,1.968577736988663673e-03,1.766459463397040963e-04,1.452292053727433085e-04
1.689158307272009552e-05,9.928221702575683594e-01,6.628978531807661057e-03,2.417968498775735497e-04,2.901537518482655287e-04
2.258979475300293416e-05,9.958408474922180176e-01,3.756596706807613373e-03,1.898582268040627241e-04,1.900973729789257050e-04
2.142541598004754633e-05,9.985891580581665039e-01,1.159812323749065399e-03,1.416839368175715208e-04,8.800645446171984076e-05
1.490957038186024874e-05,9.995182752609252930e-01,3.256265481468290091e-04,1.038037953549064696e-04,3.745267531485296786e-05
4.625725068763131276e-06,9.998577833175659180e-01,7.593847112730145454e-05,4.524057294474914670e-05,1.634141881368122995e-05
1.877230829450127203e-06,9.999310970306396484e-01,3.443569949013181031e-05,2.142835910490248352e-05,1.111831716116284952e-05
9.092337336369382683e-07,9.999605417251586914e-01,1.838591015257406980e-05,1.209375204780371860e-05,8.092713869700673968e-06
5.623239758278941736e-07,9.999743103981018066e-01,1.008018352877115831e-05,8.923821042117197067e-06,6.013689926476217806e-06
4.229930823385075200e-07,9.999806880950927734e-01,6.517690508189843968e-06,7.474272479157662019e-06,4.824091774935368448e-06
3.957597982662264258e-07,9.999826550483703613e-01,5.499595317814964801e-06,6.943009793758392334e-06,4.428778083820361644e-06
4.682638063968624920e-07,9.999806880950927734e-01,6.497359208879061043e-06,7.430364803440170363e-06,4.989562512491829693e-06
6.233108820197230671e-07,9.999762177467346191e-01,8.640970008855219930e-06,8.367267582798376679e-06,6.082292202336248010e-06
8.248854328485322185e-07,9.999707937240600586e-01,1.149281069956487045e-05,9.358652278024237603e-06,7.436816304107196629e-06
1.100669237530382816e-06,9.999631643295288086e-01,1.574850102770142257e-05,1.069862264557741582e-05,9.246039553545415401e-06
1.377107423650159035e-06,9.999549388885498047e-01,2.044398206635378301e-05,1.201862596644787118e-05,1.117808915296336636e-05
1.609777427802328020e-06,9.999471306800842285e-01,2.575774124125018716e-05,1.231526130140991881e-05,1.313625853072153404e-05
1.835128614402492531e-06,9.999400377273559570e-01,3.133552672807127237e-05,1.138723564508836716e-05,1.536458330519963056e-05
1.949548050106386654e-06,9.999325275421142578e-01,3.756567457458004355e-05,1.040095594362355769e-05,1.755045377649366856e-05
1.957913809746969491e-06,9.999245405197143555e-01,4.428011379786767066e-05,9.551611583447083831e-06,1.972574864339549094e-05
2.038608954535447992e-06,9.999164342880249023e-01,5.096352469990961254e-05,8.895806786313187331e-06,2.159811265300959349e-05
2.176187081204261631e-06,9.999115467071533203e-01,5.516038800124078989e-05,8.702249942871276289e-06,2.243944982183165848e-05
2.533854285502457060e-06,9.999037981033325195e-01,6.062379543436691165e-05,9.364222933072596788e-06,2.361288534302730113e-05
3.489160690151038580e-06,9.998910427093505859e-01,6.571300764335319400e-05,1.165621961263241246e-05,2.805915937642566860e-05
5.320374839357100427e-06,9.998738765716552734e-01,6.634806777583435178e-05,1.827349296945612878e-05,3.621293581090867519e-05
8.391249139094725251e-06,9.998455047607421875e-01,6.445066537708044052e-05,3.556772571755573153e-05,4.610054020304232836e-05
1.169649658550042659e-05,9.997872710227966309e-01,6.629140261793509126e-05,7.514013123000040650e-05,5.961559145362116396e-05
1.027023699862184003e-05,9.997984170913696289e-01,6.534803833346813917e-05,7.014104630798101425e-05,5.569974018726497889e-05
7.843098501325584948e-06,9.998208284378051758e-01,7.873462163843214512e-05,3.792843199335038662e-05,5.463824709295295179e-05
4.766075562656624243e-06,9.997895956039428711e-01,1.182791238534264266e-04,2.234386738564353436e-05,6.498199945781379938e-05
3.848735559586202726e-06,9.997750520706176758e-01,1.344120682915672660e-04,2.123278682120144367e-05,6.540607864735648036e-05
3.569012960724649020e-06,9.997534155845642090e-01,1.557420764584094286e-04,2.303307519468944520e-05,6.431755173252895474e-05
3.674514346130308695e-06,9.996244907379150391e-01,2.596180711407214403e-04,2.605045665404759347e-05,8.608362259110435843e-05
3.808713699982035905e-06,9.995163083076477051e-01,3.494758857414126396e-04,3.273578840889967978e-05,9.776317165233194828e-05
2.711968363655614667e-06,9.995658993721008301e-01,3.113732382189482450e-04,3.482198371784761548e-05,8.526656165486201644e-05
1.608634192962199450e-06,9.996936321258544922e-01,2.130275242961943150e-04,3.140966873615980148e-05,6.025019320077262819e-05
1.022515903059684206e-06,9.998235702514648438e-01,1.096525738830678165e-04,3.017853850906249136e-05,3.557037052814848721e-05
5.862062835149117745e-07,9.999150037765502930e-01,4.210732731735333800e-05,2.542070433264598250e-05,1.690092904027551413e-05
3.088209155066579115e-07,9.999554157257080078e-01,1.810980938898865134e-05,1.733639146550558507e-05,8.851505299389827996e-06
2.143346478078456130e-07,9.999699592590332031e-01,1.007192895485786721e-05,1.386365056532667950e-05,5.885912287340033799e-06
1.482275990838388680e-07,9.999774694442749023e-01,5.966458957118447870e-06,1.234951014339458197e-05,4.056539637531386688e-06
1.117414356599510938e-07,9.999805092811584473e-01,3.747119762920192443e-06,1.263311332877492532e-05,2.959405492219957523e-06
8.756562408507306827e-08,9.999824166297912598e-01,2.084997504425700754e-06,1.330489158135605976e-05,1.971223582586389966e-06
7.115491484910307918e-08,9.999829530715942383e-01,1.262909563592984341e-06,1.425537266186438501e-05,1.440305936739605386e-06
6.137295827102207113e-08,9.999805092811584473e-01,9.330592547485139221e-07,1.711365985102020204e-05,1.244272993972117547e-06
6.624377135722170351e-08,9.999717473983764648e-01,1.149214767792727798e-06,2.546724681451451033e-05,1.511271420895354822e-06
8.997363210028197500e-08,9.999525547027587891e-01,2.088717110382276587e-06,4.307332710595801473e-05,2.221791646661586128e-06
2.046848237569065532e-07,9.998989105224609375e-01,6.101312465034425259e-06,9.037916606757789850e-05,4.408151653478853405e-06
1.420826833964383695e-06,9.996399879455566406e-01,2.226467586297076195e-05,3.225069667678326368e-04,1.386149597237817943e-05
1.704059172880079132e-06,9.996410608291625977e-01,2.489628423063550144e-05,3.190175630152225494e-04,1.336221430392470211e-05
9.469433166486851405e-07,9.997957944869995117e-01,1.195970799017231911e-05,1.841183693613857031e-04,7.118444045772776008e-06
5.154302016308065504e-07,9.998854398727416992e-01,5.404473540693288669e-06,1.048895719577558339e-04,3.782084377235150896e-06
3.194146813711995492e-07,9.999392032623291016e-01,3.044423465325962752e-06,5.496698577189818025e-05,2.476699819453642704e-06
2.601334188057080610e-07,9.999577999114990234e-01,2.228499170087161474e-06,3.750331961782649159e-05,2.173550910811172798e-06
2.178160656285399455e-07,9.999700188636779785e-01,1.675687826718785800e-06,2.627867070259526372e-05,1.861352529886062257e-06
1.986842192991389311e-07,9.999771714210510254e-01,1.366587412121589296e-06,1.962981514225248247e-05,1.681607841419463512e-06
1.927681552160720457e-07,9.999819993972778320e-01,1.231281203217804432e-06,1.504926694906316698e-05,1.596197762410156429e-06
1.984000164156896062e-07,9.999848604202270508e-01,1.261205284208699595e-06,1.207995410368312150e-05,1.667263290983100887e-06
2.112414421162611688e-07,9.999867081642150879e-01,1.546083694847766310e-06,9.579918696545064449e-06,1.973853386516566388e-06
2.388511859408026794e-07,9.999871253967285156e-01,2.209812009823508561e-06,7.921629730844870210e-06,2.571850473032100126e-06
3.003196695772203384e-07,9.999853968620300293e-01,3.565794713722425513e-06,7.092416126397438347e-06,3.639322130766231567e-06
3.977238804964144947e-07,9.999819993972778320e-01,5.719148703065002337e-06,6.644022505497559905e-06,5.182113000046228990e-06
5.882896516595792491e-07,9.999744892120361328e-01,1.006272213999181986e-05,7.011298293946310878e-06,7.877168172853998840e-06
8.638758117740508169e-07,9.999620914459228516e-01,1.754703771439380944e-05,7.691516657359898090e-06,1.171126405097311363e-05
1.174547264781722333e-06,9.999473094940185547e-01,2.732812754402402788e-05,8.243431693699676543e-06,1.592236731084994972e-05
1.673335532359487843e-06,9.999219775199890137e-01,4.479216295294463634e-05,9.383433280163444579e-06,2.223509545729029924e-05
2.466406613166327588e-06,9.998818635940551758e-01,7.303593156393617392e-05,1.162744229077361524e-05,3.094202838838100433e-05
3.482841066215769388e-06,9.998356103897094727e-01,1.072526138159446418e-04,1.415655515302205458e-05,3.948335870518349111e-05
4.384927251521730796e-06,9.997917413711547852e-01,1.416911109117791057e-04,1.525884727016091347e-05,4.687875116360373795e-05
5.354331278795143589e-06,9.997299313545227051e-01,1.820038596633821726e-04,1.796654760255478323e-05,6.473106623161584139e-05
8.632774552097544074e-06,9.995689392089843750e-01,2.820966765284538269e-04,2.341842809983063489e-05,1.168459566542878747e-04
1.638219146116171032e-05,9.992411136627197266e-01,4.925306420773267746e-04,2.938830948551185429e-05,2.205298660555854440e-04
2.805054282362107188e-05,9.988497495651245117e-01,7.233592332340776920e-04,3.665388430817984045e-05,3.621667856350541115e-04
4.093694951734505594e-05,9.985054731369018555e-01,9.545792709104716778e-04,5.020562457502819598e-05,4.487733822315931320e-04
2.957257129310164601e-05,9.988098144531250000e-01,7.911933353170752525e-04,5.208419679547660053e-05,3.173607401549816132e-04
1.545749728393275291e-05,9.992781877517700195e-01,4.925254615955054760e-04,4.718320269603282213e-05,1.665693271206691861e-04
8.216213245759718120e-06,9.996136426925659180e-01,2.567907213233411312e-04,4.208155587548390031e-05,7.921981159597635269e-05
4.164937763562193140e-06,9.997959733009338379e-01,1.261541037820279598e-04,3.572307832655496895e-05,3.795245356741361320e-05
2.610266619740286842e-06,9.998659491539001465e-01,7.647460006410256028e-05,3.273869151598773897e-05,2.219399721070658416e-05
1.746587258821818978e-06,9.998965263366699219e-01,5.467301161843352020e-05,3.195030512870289385e-05,1.513260940555483103e-05
1.349252556792635005e-06,9.999126791954040527e-01,4.474550223676487803e-05,2.971142566821072251e-05,1.146243539551505819e-05
1.207971763506066054e-06,9.999239444732666016e-01,3.804740117629989982e-05,2.728554682107642293e-05,9.508404218649957329e-06
1.254378844350867439e-06,9.999231100082397461e-01,3.859334174194373190e-05,2.781694092846009880e-05,9.266545021091587842e-06
1.299600739912420977e-06,9.999185800552368164e-01,4.253409133525565267e-05,2.797136403387412429e-05,9.602685167919844389e-06
1.428402583769639023e-06,9.998975992202758789e-01,6.024714821251109242e-05,2.886370202759280801e-05,1.191756928164977580e-05
5.060602234152611345e-06,9.995595812797546387e-01,3.354811633471399546e-04,5.667111327056773007e-05,4.318742867326363921e-05
3.801196726271882653e-05,9.931562542915344238e-01,6.309206597506999969e-03,1.437630126019939780e-04,3.528061788529157639e-04
2.100909623550251126e-04,8.573461174964904785e-01,1.396053433418273926e-01,2.917659003287553787e-04,2.546684583649039268e-03
3.436562255956232548e-04,2.945091724395751953e-01,7.003740072250366211e-01,1.843406207626685500e-04,4.588800482451915741e-03
4.041919892188161612e-04,7.853243499994277954e-02,9.173163175582885742e-01,9.691591549199074507e-05,3.650212660431861877e-03
2.912835334427654743e-04,5.185935273766517639e-02,9.452477693557739258e-01,4.649557376978918910e-05,2.555083483457565308e-03
1.945816475199535489e-04,2.631725743412971497e-02,9.716372489929199219e-01,1.798782250261865556e-05,1.832822803407907486e-03
1.189595568575896323e-04,9.827567264437675476e-03,9.887951612472534180e-01,6.711034529871540144e-06,1.251597772352397442e-03
6.015465260134078562e-05,3.271132241934537888e-03,9.957912564277648926e-01,2.700929144339170307e-06,8.747740648686885834e-04
3.805309825111180544e-05,1.316277077421545982e-03,9.980028271675109863e-01,1.518911972198111471e-06,6.412186776287853718e-04
2.399686127319000661e-05,5.001885583624243736e-04,9.990546107292175293e-01,9.275019579035870265e-07,4.201811389066278934e-04
1.710031392576638609e-05,2.101963764289394021e-04,9.994503855705261230e-01,7.646737572031270247e-07,3.214957541786134243e-04
1.280158357985783368e-05,1.661835849517956376e-04,9.995605349540710449e-01,6.373466590048337821e-07,2.598578575998544693e-04
1.014496228890493512e-05,1.949378929566591978e-04,9.995923638343811035e-01,5.482949632096278947e-07,2.019180828938260674e-04
9.744023373059462756e-06,2.474855864420533180e-04,9.995739459991455078e-01,5.375899831960850861e-07,1.684498711256310344e-04
1.146460090239997953e-05,2.924648579210042953e-04,9.995430111885070801e-01,5.940486289546242915e-07,1.524964609416201711e-04
1.387329211866017431e-05,3.215040196664631367e-04,9.995196461677551270e-01,6.674871997347509023e-07,1.442605862393975258e-04
1.702341432974208146e-05,3.164793888572603464e-04,9.995219707489013672e-01,7.602440064147231169e-07,1.438640902051702142e-04
1.959491419256664813e-05,3.100025642197579145e-04,9.995185136795043945e-01,9.146528441306145396e-07,1.509816502220928669e-04
2.255640538351144642e-05,3.265850245952606201e-04,9.994835853576660156e-01,1.272803842766734306e-06,1.659761037444695830e-04
2.651315662660636008e-05,3.184209053870290518e-04,9.994602799415588379e-01,2.154531102860346437e-06,1.926087425090372562e-04
2.933591531473211944e-05,2.414341724943369627e-04,9.995087385177612305e-01,3.971631485910620540e-06,2.164647739846259356e-04
2.959358971565961838e-05,1.985083945328369737e-04,9.995266795158386230e-01,8.007176802493631840e-06,2.372469753026962280e-04
2.922062594734597951e-05,2.326941612409427762e-04,9.994657039642333984e-01,1.562274155730847269e-05,2.566739276517182589e-04
2.994782698806375265e-05,3.053035761695355177e-04,9.993626475334167480e-01,2.662558290467131883e-05,2.754767774604260921e-04
2.955847230623476207e-05,3.915197157766669989e-04,9.992698431015014648e-01,3.190728239133022726e-05,2.770211431197822094e-04
2.349670467083342373e-05,3.670752630569040775e-04,9.993355870246887207e-01,1.935056570800952613e-05,2.543944283388555050e-04
2.350051363464444876e-05,2.634369884617626667e-04,9.994670748710632324e-01,8.931398951972369105e-06,2.370450092712417245e-04
2.502053393982350826e-05,1.681514841038733721e-04,9.995805621147155762e-01,4.657072622649138793e-06,2.216069842688739300e-04
2.811717968143057078e-05,1.102745518437586725e-04,9.996377825736999512e-01,3.663750931082176976e-06,2.202198666054755449e-04
3.029047002200968564e-05,7.512400770792737603e-05,9.996820688247680664e-01,2.933316181952250190e-06,2.096094540320336819e-04
2.994728311023209244e-05,5.425691051641479135e-05,9.996998310089111328e-01,2.703753807509201579e-06,2.132517256541177630e-04
2.808236786222551018e-05,6.856185063952580094e-05,9.996973872184753418e-01,2.625173010528669693e-06,2.033261698670685291e-04
2.007297189265955240e-05,1.026222307700663805e-04,9.997087121009826660e-01,1.994883859879337251e-06,1.665270683588460088e-04
1.667865399213042110e-05,1.432578428648412228e-04,9.997014403343200684e-01,1.523724449725705199e-06,1.371139660477638245e-04
1.675209387030918151e-05,1.709655480226501822e-04,9.996870756149291992e-01,1.312461904490191955e-06,1.238851255038753152e-04
1.978468026209156960e-05,1.795896532712504268e-04,9.996747970581054688e-01,1.252141487384506036e-06,1.245162275154143572e-04
2.430678796372376382e-05,1.815926225390285254e-04,9.996637701988220215e-01,1.339697746516321786e-06,1.289465144509449601e-04
2.930876507889479399e-05,1.901822543004527688e-04,9.996416568756103516e-01,1.594913555891253054e-06,1.372802653349936008e-04
3.312207991257309914e-05,2.045442524831742048e-04,9.996128082275390625e-01,2.064182126559899189e-06,1.474689634051173925e-04
3.585639569791965187e-05,2.429544256301596761e-04,9.995521306991577148e-01,2.991150495290639810e-06,1.661222777329385281e-04
4.560753586702048779e-05,3.068470978178083897e-04,9.994261860847473145e-01,6.611672688450198621e-06,2.147529885405674577e-04
5.793751188321039081e-05,3.130092518404126167e-04,9.993298649787902832e-01,1.961621092050336301e-05,2.795455220621079206e-04
6.329304596874862909e-05,3.174739540554583073e-04,9.992222785949707031e-01,5.870270251762121916e-05,3.382883442100137472e-04
8.508428436471149325e-05,3.910402010660618544e-04,9.988808035850524902e-01,2.174438413931056857e-04,4.256032698322087526e-04
8.799243369139730930e-05,5.427367868833243847e-04,9.986477494239807129e-01,3.087719087488949299e-04,4.127358843106776476e-04
8.222214091802015901e-05,4.460337222553789616e-04,9.989692568778991699e-01,1.487923582317307591e-04,3.536205331329256296e-04
6.860221037641167641e-05,2.705675724428147078e-04,9.993222951889038086e-01,4.481322685023769736e-05,2.938311081379652023e-04
5.409529694588854909e-05,1.425369409844279289e-04,9.995405673980712891e-01,1.475288172514410689e-05,2.480612020008265972e-04
4.103149694856256247e-05,8.586610056227073073e-05,9.996402263641357422e-01,6.773294444428756833e-06,2.260928886244073510e-04
3.737299994099885225e-05,7.061455835355445743e-05,9.996445178985595703e-01,5.522009814740158617e-06,2.419970842311158776e-04
3.660595393739640713e-05,6.920615851413458586e-05,9.996146559715270996e-01,6.612719516851939261e-06,2.729493135120719671e-04
3.418424239498563111e-05,6.622308865189552307e-05,9.996101856231689453e-01,8.250903192674741149e-06,2.811716694850474596e-04
3.362542338436469436e-05,6.310926983132958412e-05,9.996036887168884277e-01,1.117272768169641495e-05,2.884484129026532173e-04
2.449997373332735151e-05,7.728019409114494920e-05,9.996452331542968750e-01,8.957013960753101856e-06,2.439588424749672413e-04
1.699674612609669566e-05,1.007494065561331809e-04,9.996969103813171387e-01,4.365883341961307451e-06,1.809022505767643452e-04
1.493968738941475749e-05,1.171263211290352046e-04,9.997273087501525879e-01,2.173890834455960430e-06,1.384745701216161251e-04
1.652105856919661164e-05,1.271220826311036944e-04,9.997339844703674316e-01,1.452933361179020721e-06,1.208723115269094706e-04
1.946763950400054455e-05,1.306122721871361136e-04,9.997306466102600098e-01,1.254892140423180535e-06,1.180266044684685767e-04
2.311958451173268259e-05,1.310287334490567446e-04,9.997253417968750000e-01,1.280489982491417322e-06,1.192868512589484453e-04
2.576226142991799861e-05,1.346981007372960448e-04,9.997168183326721191e-01,1.441291260562138632e-06,1.212734423461370170e-04
2.764883720374200493e-05,1.521954109193757176e-04,9.996885657310485840e-01,1.837130071180581581e-06,1.296800328418612480e-04
2.877816768886987120e-05,1.894145971164107323e-04,9.996367692947387695e-01,2.655393473105505109e-06,1.423007488483563066e-04
3.644787648227065802e-05,2.610035298857837915e-04,9.995194673538208008e-01,5.848016826348612085e-06,1.771454699337482452e-04
4.777568756253458560e-05,3.277657087892293930e-04,9.993689656257629395e-01,2.098958066198974848e-05,2.345657267142087221e-04
8.888569573173299432e-05,4.672073118854314089e-04,9.989582300186157227e-01,1.415447040926665068e-04,3.441393200773745775e-04
1.519956858828663826e-04,7.912035216577351093e-04,9.979906082153320312e-01,6.398734985850751400e-04,4.263068549335002899e-04
1.627245655981823802e-04,1.023270189762115479e-03,9.974880218505859375e-01,9.138607420027256012e-04,4.121421661693602800e-04
1.070769285433925688e-04,8.003730326890945435e-04,9.983013868331909180e-01,4.644642758648842573e-04,3.266629064455628395e-04
8.290700498037040234e-05,5.895710783079266548e-04,9.988977313041687012e-01,1.730737421894446015e-04,2.566988987382501364e-04
8.201984746847301722e-05,3.627807309385389090e-04,9.992503523826599121e-01,7.249258487718179822e-05,2.323196385987102985e-04
9.263077663490548730e-05,2.664752246346324682e-04,9.993427991867065430e-01,5.227129440754652023e-05,2.458532690070569515e-04
8.256646106019616127e-05,2.626911445986479521e-04,9.993748664855957031e-01,3.921482129953801632e-05,2.406831190455704927e-04
8.271265687653794885e-05,2.987501502502709627e-04,9.993135929107666016e-01,4.519447611528448761e-05,2.598233986645936966e-04
1.124867412727326155e-04,3.568687825463712215e-04,9.990918636322021484e-01,1.088781355065293610e-04,3.298223600722849369e-04
1.005830417852848768e-04,4.200737457722425461e-04,9.990299344062805176e-01,1.286214246647432446e-04,3.207570407539606094e-04
6.748235318809747696e-05,5.884972633793950081e-04,9.990056753158569336e-01,7.702010043431073427e-05,2.613200922496616840e-04
4.162065306445583701e-05,6.991978152655065060e-04,9.990448951721191406e-01,3.013410423591267318e-05,1.841787743614986539e-04
3.769914837903343141e-05,7.098161731846630573e-04,9.990942478179931641e-01,1.406322189723141491e-05,1.441366766812279820e-04
4.524816540651954710e-05,6.725876592099666595e-04,9.991419911384582520e-01,9.001165381050668657e-06,1.313131797360256314e-04
5.494680590345524251e-05,6.210238789208233356e-04,9.991890788078308105e-01,7.055420155666070059e-06,1.278760755667462945e-04
5.541119753615930676e-05,5.649490631185472012e-04,9.992473721504211426e-01,6.078198111936217174e-06,1.261059805983677506e-04
5.725662413169629872e-05,5.290521658025681973e-04,9.992747902870178223e-01,5.744775535276858136e-06,1.331905368715524673e-04
5.837466233060695231e-05,5.280268960632383823e-04,9.992635250091552734e-01,5.909558240091428161e-06,1.442035136278718710e-04
7.711821672273799777e-05,5.360171198844909668e-04,9.991862177848815918e-01,1.199396228912519291e-05,1.885870879050344229e-04
1.294973772019147873e-04,6.832565995864570141e-04,9.988429546356201172e-01,5.737261017202399671e-05,2.869451418519020081e-04
2.017342631006613374e-04,8.563144365325570107e-04,9.981297254562377930e-01,3.821314894594252110e-04,4.301087465137243271e-04
2.084975858451798558e-04,1.108296448364853859e-03,9.970819354057312012e-01,1.093039638362824917e-03,5.081778508611023426e-04
1.691061042947694659e-04,1.167588401585817337e-03,9.968537688255310059e-01,1.317701302468776703e-03,4.919025232084095478e-04
1.668850891292095184e-04,1.168106915429234505e-03,9.972000718116760254e-01,1.039500348269939423e-03,4.253847582731395960e-04
1.475103345001116395e-04,9.833783842623233795e-04,9.979321956634521484e-01,5.512053030543029308e-04,3.856839903164654970e-04
7.040482159936800599e-05,5.730119883082807064e-04,9.989382028579711914e-01,1.213887953781522810e-04,2.969359629787504673e-04
3.275052586104720831e-05,2.595185651443898678e-04,9.994608759880065918e-01,2.248295459139626473e-05,2.243779163109138608e-04
2.247247357445303351e-05,1.463843072997406125e-04,9.996279478073120117e-01,8.229559171013534069e-06,1.950353325810283422e-04
2.216670873167458922e-05,1.037241381709463894e-04,9.996654987335205078e-01,6.938336809980683029e-06,2.016875077970325947e-04
2.459706047375220805e-05,8.746543608140200377e-05,9.996628761291503906e-01,8.718498065718449652e-06,2.163582830689847469e-04
2.672461960173677653e-05,1.108967771870084107e-04,9.996210932731628418e-01,1.267542393179610372e-05,2.286598464706912637e-04
2.873335870390292257e-05,1.589368475833907723e-04,9.996010065078735352e-01,1.376718137180432677e-05,1.975373161258175969e-04
3.614610250224359334e-05,2.450071333441883326e-04,9.995290040969848633e-01,1.692405749054159969e-05,1.729417417664080858e-04
5.279820470605045557e-05,4.191347979940474033e-04,9.993349313735961914e-01,2.288595533173065633e-05,1.703582966001704335e-04
7.484761590603739023e-05,6.303643458522856236e-04,9.990897774696350098e-01,3.152102362946607172e-05,1.734754623612388968e-04
9.711066377349197865e-05,8.750848937779664993e-04,9.987987279891967773e-01,4.485209501581266522e-05,1.842724159359931946e-04
1.098820357583463192e-04,1.113170757889747620e-03,9.985170960426330566e-01,6.470606604125350714e-05,1.952065358636900783e-04
1.157032602350227535e-04,1.602095318958163261e-03,9.979438185691833496e-01,1.109657532651908696e-04,2.274360740557312965e-04
1.500067010056227446e-04,2.516126958653330803e-03,9.966299533843994141e-01,3.797495737671852112e-04,3.240024088881909847e-04
3.853604430332779884e-04,5.327563267201185226e-03,9.879875779151916504e-01,5.638918839395046234e-03,6.604992668144404888e-04
1.302259042859077454e-03,9.802977554500102997e-03,8.024916052818298340e-01,1.849502623081207275e-01,1.452911994419991970e-03
2.966613974422216415e-04,1.507565495558083057e-03,3.600015118718147278e-02,9.619742631912231445e-01,2.213950792793184519e-04
1.295699530601268634e-05,9.217659680871292949e-05,6.436316762119531631e-04,9.992419481277465820e-01,9.304650120611768216e-06
1.119624016610032413e-06,1.220496960741002113e-05,3.507836663629859686e-05,9.999507665634155273e-01,8.831635227579681668e-07
2.168576571648372919e-07,3.107884822384221479e-06,4.078106030647177249e-06,9.999924898147583008e-01,1.671195946073567029e-07
7.727786055511387531e-08,1.720757268230954651e-06,1.008843014460580889e-06,9.999971389770507812e-01,6.186268564079000498e-08
4.094485106520551199e-08,1.617532007003319450e-06,4.774475996782712173e-07,9.999977350234985352e-01,4.359163696676660038e-08
2.437399793109307211e-08,1.885059873529826291e-06,3.244725519380153855e-07,9.999977350234985352e-01,4.423007737841544440e-08
1.613963185320699267e-08,2.231402277175220661e-06,2.726049785906070611e-07,9.999973773956298828e-01,5.431993699289705546e-08
1.191370024855586962e-08,2.342873585803317837e-06,2.378079528853049851e-07,9.999971985816955566e-01,6.580050637694512261e-08
1.043516828502788485e-08,2.424771309961215593e-06,2.164446328833946609e-07,9.999971985816955566e-01,7.797596879299817374e-08
1.634926505289513443e-08,2.478592250554356724e-06,1.892057781560652074e-07,9.999971985816955566e-01,7.871805962622602237e-08
3.776342794026277261e-08,2.911735236921231262e-06,2.062306094785526511e-07,9.999967813491821289e-01,9.540340073499464779e-08
4.594974001292939647e-08,3.463421307969838381e-06,3.151507144139031880e-07,9.999958872795104980e-01,1.791075732171520940e-07
4.151672072794099222e-08,6.965791271795751527e-06,6.914203822816489264e-07,9.999918341636657715e-01,4.595809173224552069e-07
2.899036388726017321e-08,1.047112073138123378e-05,1.205589455821609590e-06,9.999872446060180664e-01,9.956700068869395182e-07
2.085741179769229348e-08,1.213802897837013006e-05,1.436452748748706654e-06,9.999849796295166016e-01,1.406418164151546080e-06
1.603873123201537965e-08,1.625819277251139283e-05,1.775481450749794021e-06,9.999800920486450195e-01,1.925745664266287349e-06
1.671563332195091789e-08,1.882613833004143089e-05,2.001590019062859938e-06,9.999767541885375977e-01,2.387369931966532022e-06
2.972056378780507657e-08,1.978573527594562620e-05,2.024243713094620034e-06,9.999758005142211914e-01,2.388779648754280061e-06
1.116121453037521860e-07,2.172004133171867579e-05,2.231500047855661251e-06,9.999734759330749512e-01,2.472314918122719973e-06
2.966510521673626499e-07,2.984418824780732393e-05,3.492159976303810254e-06,9.999623298645019531e-01,4.058927515870891511e-06
4.293843005598318996e-07,4.027688191854394972e-05,8.610713848611339927e-06,9.999357461929321289e-01,1.490457998443162069e-05
6.407724413293180987e-07,6.824579031672328711e-05,2.941884486062917858e-05,9.998190999031066895e-01,8.258142770500853658e-05
8.471531600662274286e-07,1.066993572749197483e-04,8.939132385421544313e-05,9.994474053382873535e-01,3.555407456588000059e-04
9.461931540499790572e-07,1.127197683672420681e-04,1.506746921222656965e-04,9.991497993469238281e-01,5.859243683516979218e-04
9.398187899023469072e-07,9.535624121781438589e-05,1.410994009347632527e-04,9.993051290512084961e-01,4.575563361868262291e-04
9.541727195028215647e-07,8.958881517173722386e-05,1.161058244179002941e-04,9.994637370109558105e-01,3.296707873232662678e-04
1.136665787271340378e-06,9.211973519995808601e-05,1.031844585668295622e-04,9.995239377021789551e-01,2.796329790726304054e-04
1.330663508269935846e-06,9.254759788746014237e-05,9.081947064260020852e-05,9.995750784873962402e-01,2.401763777015730739e-04
1.633852662052959204e-06,1.041897994582541287e-04,8.495018118992447853e-05,9.996011853218078613e-01,2.081401762552559376e-04
1.947292275872314349e-06,1.157112055807374418e-04,7.966932025738060474e-05,9.995990991592407227e-01,2.035572397289797664e-04
2.465301122356322594e-06,1.309451617999002337e-04,7.654436194570735097e-05,9.995389580726623535e-01,2.510094491299241781e-04
2.639947979332646355e-06,1.114354527089744806e-04,5.763897570432163775e-05,9.995422363281250000e-01,2.860445820260792971e-04
2.266103138026664965e-06,7.797251601004973054e-05,4.841774352826178074e-05,9.995234012603759766e-01,3.479451697785407305e-04
1.497895482316380367e-06,4.697295298683457077e-05,3.332333290018141270e-05,9.996367096900939941e-01,2.815712068695574999e-04
8.137844815792050213e-07,1.879779301816597581e-05,1.198078098241239786e-05,9.998845458030700684e-01,8.383431122638285160e-05
2.486559196768212132e-06,1.034451088344212621e-05,5.628935468848794699e-06,9.999610185623168945e-01,2.050118928309530020e-05
7.766004273435100913e-06,1.079982212104368955e-05,5.057871021563187242e-06,9.999659061431884766e-01,1.047557634592521936e-05
1.863103420873812865e-06,8.341994544025510550e-06,2.887167283915914595e-06,9.999821186065673828e-01,4.840756446355953813e-06
2.291830156764262938e-07,4.188942057226086035e-06,9.340270139546191785e-07,9.999930858612060547e-01,1.536674290036899038e-06
2.525562514676948922e-08,1.980723027372732759e-06,2.392713724930217722e-07,9.999971985816955566e-01,3.966999599924747599e-07
4.515931184556620792e-09,1.200527435685216915e-06,7.217280995064356830e-08,9.999985694885253906e-01,1.263123436956448131e-07
1.521719528163600899e-09,8.732015430723549798e-07,2.861313319613145723e-08,9.999990463256835938e-01,5.587644835713945213e-08
9.212143270431738529e-10,7.693984684919996653e-07,1.641754288073116186e-08,9.999992847442626953e-01,3.611944165982095001e-08
1.054249243459537411e-09,7.694131909374846146e-07,1.384538261817169769e-08,9.999992847442626953e-01,3.157209249593506684e-08
2.027701118123559354e-09,9.750989420354017057e-07,1.847265274079745723e-08,9.999989271163940430e-01,4.362182792760904704e-08
4.870700731629540314e-09,1.287890768253419083e-06,2.874457827317655756e-08,9.999985694885253906e-01,6.900899762740664301e-08
1.148383077520520601e-08,1.805139731914096046e-06,5.006239689464564435e-08,9.999979734420776367e-01,1.320527900361412321e-07
2.280306787838526361e-08,2.997275714733405039e-06,9.909661002893699333e-08,9.999965429306030273e-01,3.018449490355123999e-07
5.049663087675071438e-08,4.678440291172591969e-06,1.837903766954696039e-07,9.999945163726806641e-01,5.985581879031087738e-07
1.046513133928783645e-07,6.553260845976183191e-06,3.036120972410571994e-07,9.999920129776000977e-01,1.007375772132945713e-06
1.679885457406271598e-07,8.636849997856188565e-06,4.388526804177672602e-07,9.999892711639404297e-01,1.592585135767876636e-06
2.391623183939373121e-07,1.146555223385803401e-05,6.397050924533687066e-07,9.999850988388061523e-01,2.597515049274079502e-06
2.936611736004124396e-07,1.393262573401443660e-05,8.388628884858917445e-07,9.999812841415405273e-01,3.650131930044153705e-06
2.747071619069174631e-07,1.529642213426996022e-05,9.445649311601300724e-07,9.999791979789733887e-01,4.310334134061122313e-06
2.271015091537265107e-07,1.722161869111005217e-05,1.025936626319889911e-06,9.999764561653137207e-01,5.104326646687695757e-06
2.029332080155654694e-07,1.880112722574267536e-05,1.150881757894239854e-06,9.999729990959167480e-01,6.718449640175094828e-06
1.819400665681314422e-07,1.873429391707759351e-05,1.169875417872390244e-06,9.999723434448242188e-01,7.635235306224785745e-06
1.949154722069579293e-07,2.051965384453069419e-05,1.308533796873234678e-06,9.999680519104003906e-01,9.978187335946131498e-06
2.361250182048024726e-07,1.956804226210806519e-05,1.339612140327517409e-06,9.999674558639526367e-01,1.144678117270814255e-05
2.829228264999983367e-07,1.776980025169905275e-05,1.303149019804550335e-06,9.999685287475585938e-01,1.206856541102752090e-05
2.443876212510076584e-07,1.662699105509091169e-05,1.123661036217526998e-06,9.999717473983764648e-01,1.026899371936451644e-05
1.612462483535637148e-07,1.395189246977679431e-05,7.991199026946560480e-07,9.999783039093017578e-01,6.767927516193594784e-06
9.930190003615280148e-08,1.235940726473927498e-05,5.731802730224444531e-07,9.999822974205017090e-01,4.721554887510137632e-06
9.059545647005506908e-08,1.134246122092008591e-05,4.573449245981464628e-07,9.999844431877136230e-01,3.783166675930260681e-06
7.742406893385123112e-08,1.040047936839982867e-05,3.877470078350597760e-07,9.999862909317016602e-01,2.878540044548572041e-06
8.229748260646374547e-08,1.037539641401963308e-05,3.718893708537507337e-07,9.999868869781494141e-01,2.319180566701106727e-06
1.096065034289495088e-07,1.081616028386633843e-05,4.127939234876976116e-07,9.999864101409912109e-01,2.172607764805434272e-06
1.813747871892701369e-07,1.238529421243583784e-05,5.615174245576781686e-07,9.999841451644897461e-01,2.708187139432993717e-06
2.784839239211578388e-07,1.720866566756740212e-05,1.010874143503315281e-06,9.999764561653137207e-01,5.075875833426835015e-06
4.284549675048765494e-07,2.939848309324588627e-05,2.226663809778983705e-06,9.999535679817199707e-01,1.432513545296387747e-05
8.415423167207336519e-07,4.305698166717775166e-05,5.078258254798129201e-06,9.999063611030578613e-01,4.474835805012844503e-05
1.565945694892434403e-06,6.827084871474653482e-05,1.441995846107602119e-05,9.997472167015075684e-01,1.685284514678642154e-04
1.205916078106383793e-06,6.043082976248115301e-05,1.779557715053670108e-05,9.997349381446838379e-01,1.856144517660140991e-04
1.041732048179255798e-06,5.114025771035812795e-05,1.623303251108154655e-05,9.997829794883728027e-01,1.486525143263861537e-04
1.251525418410892598e-06,4.629262184607796371e-05,1.338983202003873885e-05,9.998275041580200195e-01,1.115797567763365805e-04
1.803494683372264262e-06,4.700118370237760246e-05,1.166793117590714246e-05,9.998522400856018066e-01,8.738931501284241676e-05
2.697551963137811981e-06,4.869818803854286671e-05,1.257641179108759388e-05,9.998514056205749512e-01,8.463505218969658017e-05
4.236893346387660131e-06,5.591784793068654835e-05,1.563845216878689826e-05,9.998296499252319336e-01,9.450253128306940198e-05
6.184133781061973423e-06,6.310018216026946902e-05,2.027873415499925613e-05,9.998024702072143555e-01,1.080371148418635130e-04
8.935718142311088741e-06,7.043396908557042480e-05,2.655655589478556067e-05,9.997827410697937012e-01,1.113064063247293234e-04
1.162892749562161043e-05,7.152990292524918914e-05,2.981002762680873275e-05,9.997671246528625488e-01,1.199873877339996397e-04
1.759345286700408906e-05,7.184398418758064508e-05,3.371321145095862448e-05,9.996874332427978516e-01,1.894451124826446176e-04
2.430741369607858360e-05,5.324383164406754076e-05,3.117239975836127996e-05,9.996123313903808594e-01,2.788407437037676573e-04
2.378018325543962419e-05,2.865167698473669589e-05,1.885700839920900762e-05,9.996793270111083984e-01,2.494440122973173857e-04
1.575422356836497784e-05,1.252593483513919637e-05,8.667339898238424212e-06,9.998328089714050293e-01,1.302580058109015226e-04
5.052245342085370794e-06,4.095309122931212187e-06,2.527068318158853799e-06,9.999558925628662109e-01,3.253153772675432265e-05
2.014908204728271812e-06,1.845712290560186375e-06,6.843426945124519989e-07,9.999907016754150391e-01,4.774801254825433716e-06
2.170679863411351107e-06,1.823269940359750763e-06,3.275136748470686143e-07,9.999945163726806641e-01,1.151566948465188034e-06
1.195037611978477798e-06,2.199320988438557833e-06,2.597704451545723714e-07,9.999958276748657227e-01,5.953569939265435096e-07
1.608028981081588427e-07,2.402530981271411292e-06,2.224370518888463266e-07,9.999967813491821289e-01,4.820474259759066626e-07
2.110741981198316353e-08,2.555128276071627624e-06,1.644709186621184926e-07,9.999969005584716797e-01,4.271298621461028233e-07
5.648700174276655162e-09,1.770422613844857551e-06,8.385297434188032639e-08,9.999978542327880859e-01,2.237664205040346133e-07
2.772453377986039413e-09,1.588175905453681480e-06,5.125076540934969671e-08,9.999982118606567383e-01,1.503791651202845969e-07
1.982316755189117430e-09,1.869142010946234223e-06,4.022902899691871426e-08,9.999978542327880859e-01,1.434813157175085507e-07
2.140797095151469875e-09,1.885277356450387742e-06,2.959916045597310585e-08,9.999979734420776367e-01,1.200242962795528001e-07
2.724690473243640554e-09,2.020155307036475278e-06,2.677552402019500732e-08,9.999978542327880859e-01,1.256535711036121938e-07
3.867782094602034704e-09,2.485826371412258595e-06,3.138362814070205786e-08,9.999971985816955566e-01,1.763714578828512458e-07
9.268227962877517712e-09,3.424700480536557734e-06,4.426484778718986490e-08,9.999961256980895996e-01,2.549258795170317171e-07
2.827724365772610327e-08,4.716451257991138846e-06,7.272513613543196698e-08,9.999947547912597656e-01,4.079216466834623134e-07
8.234206916313269176e-08,6.565803232660982758e-06,1.344991744645085419e-07,9.999924898147583008e-01,7.694212627029628493e-07
2.187916550155932782e-07,9.528193004371132702e-06,2.670036565177724697e-07,9.999883174896240234e-01,1.633913484511140268e-06
6.180952709655684885e-07,1.398560925736092031e-05,5.609249456028919667e-07,9.999812841415405273e-01,3.592788061723695137e-06
1.468108393964939751e-06,2.106234933307860047e-05,1.161333898380689789e-06,9.999689459800720215e-01,7.261217433551792055e-06
2.446470716677140445e-06,3.000995275215245783e-05,2.182619709856226109e-06,9.999517202377319336e-01,1.359895304631209001e-05
3.117282858511316590e-06,3.996424493379890919e-05,3.491334382488275878e-06,9.999316930770874023e-01,2.172722997784148902e-05
3.487650246825069189e-06,4.854378130403347313e-05,5.086648343421984464e-06,9.999117255210876465e-01,3.126031151623465121e-05
2.469553464834461920e-06,5.288735337671823800e-05,6.796704838052392006e-06,9.998961687088012695e-01,4.166568760410882533e-05
1.588027544130454771e-06,6.330167525447905064e-05,9.313892405771184713e-06,9.998686909675598145e-01,5.712109123123809695e-05
1.365226125926710665e-06,7.509256829507648945e-05,1.314762721449369565e-05,9.998288154602050781e-01,8.154400711646303535e-05
1.081566892935370561e-06,7.744486356386914849e-05,1.751338459143880755e-05,9.997895956039428711e-01,1.142505207099020481e-04
1.044552277562615927e-06,7.693009683862328529e-05,2.228011726401746273e-05,9.997170567512512207e-01,1.826475636335089803e-04
1.640795062485267408e-06,8.097310637822374701e-05,3.291164830443449318e-05,9.995403289794921875e-01,3.441340813878923655e-04
1.827895744099805597e-06,7.894635200500488281e-05,3.922925679944455624e-05,9.995039701461791992e-01,3.759420651476830244e-04
2.260788505736854859e-06,7.953162275953218341e-05,3.977804226451553404e-05,9.995697736740112305e-01,3.086882934439927340e-04
3.243712626499473117e-06,8.536224777344614267e-05,4.313708632253110409e-05,9.995853900909423828e-01,2.828428696375340223e-04
5.694450919691007584e-06,1.024489611154422164e-04,6.368248432409018278e-05,9.994553923606872559e-01,3.727577568497508764e-04
1.380100366077385843e-05,1.419946493115276098e-04,1.214492440340109169e-04,9.990759491920471191e-01,6.468588835559785366e-04
4.049607377965003252e-05,2.052711934084072709e-04,2.704233629629015923e-04,9.981445670127868652e-01,1.339163864031434059e-03
1.135113561758771539e-04,3.223206440452486277e-04,5.485228030011057854e-04,9.961174726486206055e-01,2.898264210671186447e-03
3.970676916651427746e-04,5.964473239146173000e-04,1.608365913853049278e-03,9.832773804664611816e-01,1.412079669535160065e-02
1.202378538437187672e-03,8.812042069621384144e-04,4.235269967466592789e-03,9.165223240852355957e-01,7.715876400470733643e-02
3.215098520740866661e-03,8.993220399133861065e-04,8.083061315119266510e-03,5.966231822967529297e-01,3.911793231964111328e-01
4.320782609283924103e-03,3.378895053174346685e-04,6.349058821797370911e-03,1.993195712566375732e-01,7.896727323532104492e-01
4.056348465383052826e-03,1.238956465385854244e-04,3.710174234583973885e-03,6.594742834568023682e-02,9.261621236801147461e-01
4.079283680766820908e-03,6.828230834798887372e-05,2.358663361519575119e-03,3.233284503221511841e-02,9.611610174179077148e-01
3.218382596969604492e-03,4.129022272536531091e-05,1.441337284632027149e-03,1.471258047968149185e-02,9.805864095687866211e-01
1.849916996434330940e-03,2.593620411062147468e-05,8.820735965855419636e-04,6.316623650491237640e-03,9.909254908561706543e-01
1.431582146324217319e-03,1.971645724552217871e-05,6.128783570602536201e-04,3.748090704903006554e-03,9.941877722740173340e-01
1.134090009145438671e-03,1.455394340155180544e-05,4.563514085020869970e-04,2.300349762663245201e-03,9.960945844650268555e-01
8.899808744899928570e-04,1.193068146676523611e-05,3.682509413920342922e-04,1.467335969209671021e-03,9.972624778747558594e-01
6.071506650187075138e-04,9.052412679011467844e-06,2.926939341705292463e-04,8.856352651491761208e-04,9.982054233551025391e-01
3.022619348485022783e-04,6.669047252216842026e-06,2.198815782321617007e-04,4.271989455446600914e-04,9.990440607070922852e-01
2.270423137815669179e-04,4.782708401762647554e-06,1.812367409002035856e-04,2.387893764534965158e-04,9.993481636047363281e-01
1.561756507726386189e-04,3.671568492791266181e-06,1.475083554396405816e-04,1.452721480745822191e-04,9.995473027229309082e-01
1.083267197827808559e-04,2.836175099218962714e-06,1.198012469103559852e-04,1.010052146739326417e-04,9.996680617332458496e-01
7.990780432010069489e-05,1.868008666860987432e-06,1.004799778456799686e-04,7.925140380393713713e-05,9.997385740280151367e-01
4.075791002833284438e-05,1.504351871517428663e-06,8.409415022470057011e-05,5.524146035895682871e-05,9.998183250427246094e-01
3.113535058218985796e-05,1.790789610822685063e-06,7.980871305335313082e-05,5.344768578652292490e-05,9.998338818550109863e-01
2.446084727125708014e-05,2.049112936219898984e-06,8.276694279629737139e-05,5.382743620430119336e-05,9.998369216918945312e-01
2.394039984210394323e-05,2.882580929508549161e-06,9.777351806405931711e-05,7.193180499598383904e-05,9.998034834861755371e-01
3.238756107748486102e-05,4.790610091731650755e-06,1.313229586230590940e-04,1.178935199277475476e-04,9.997135996818542480e-01
4.032877041026949883e-05,7.523710792156634852e-06,1.748165377648547292e-04,1.763101754477247596e-04,9.996010065078735352e-01
5.790762952528893948e-05,1.053057712852023542e-05,2.545084862504154444e-04,2.437097864458337426e-04,9.994333386421203613e-01
5.826376218465156853e-05,1.233752664120402187e-05,3.159519692417234182e-04,2.450580650474876165e-04,9.993683695793151855e-01
4.392911432660184801e-05,1.313724897045176476e-05,3.270678280387073755e-04,2.096456446452066302e-04,9.994061589241027832e-01
3.643119634944014251e-05,1.278089530387660488e-05,3.039312141481786966e-04,2.181155141443014145e-04,9.994287490844726562e-01
3.218440906493924558e-05,9.591839443601202220e-06,2.180547890020534396e-04,2.542712027207016945e-04,9.994859099388122559e-01
2.744521407294087112e-05,5.587277883023489267e-06,1.549777080072090030e-04,2.643550687935203314e-04,9.995476603507995605e-01
2.223770570708438754e-05,3.717317895279848017e-06,1.178257516585290432e-04,3.152915742248296738e-04,9.995408654212951660e-01
3.379713598405942321e-05,4.659502792492276058e-06,1.262513396795839071e-04,6.952448748052120209e-04,9.991400837898254395e-01
6.006516923662275076e-05,7.846203516237437725e-06,1.386076182825490832e-04,1.874943496659398079e-03,9.979185461997985840e-01
9.562762716086581349e-05,1.622049785510171205e-05,1.513167953817173839e-04,5.011145956814289093e-03,9.947257637977600098e-01
2.801919763442128897e-04,4.213275315123610198e-05,1.887387625174596906e-04,1.790137588977813721e-02,9.815874099731445312e-01
5.417013308033347130e-04,1.087629425455816090e-04,2.255863073514774442e-04,4.657132178544998169e-02,9.525525569915771484e-01
3.414069651626050472e-04,2.098945114994421601e-04,2.352555020479485393e-04,5.615507438778877258e-02,9.430582523345947266e-01
1.405305374646559358e-04,2.919097896665334702e-04,2.358368656132370234e-04,4.061114415526390076e-02,9.587205052375793457e-01
1.320565206697210670e-04,3.781938867177814245e-04,2.851392782758921385e-04,3.901448100805282593e-02,9.601901173591613770e-01
2.277192979818210006e-04,3.899232251569628716e-04,3.596245660446584225e-04,4.599949344992637634e-02,9.530233740806579590e-01
3.874123503919690847e-04,3.118258318863809109e-04,3.873829846270382404e-04,4.969046637415885925e-02,9.492229223251342773e-01
4.743808531202375889e-04,1.934780593728646636e-04,3.183252702001482248e-04,3.592464327812194824e-02,9.630890488624572754e-01
4.143141559325158596e-04,1.114165279432199895e-04,2.472817432135343552e-04,1.988546736538410187e-02,9.793414473533630371e-01
3.569654654711484909e-04,8.398658974329009652e-05,2.282874629599973559e-04,1.164095662534236908e-02,9.876897335052490234e-01
5.288420943543314934e-04,9.538744052406400442e-05,2.517358225304633379e-04,1.126729790121316910e-02,9.878566861152648926e-01
9.822174906730651855e-04,1.251983921974897385e-04,3.024300385732203722e-04,1.432422176003456116e-02,9.842658638954162598e-01
1.477431156672537327e-03,1.676308020250871778e-04,3.494675620459020138e-04,1.722209528088569641e-02,9.807834029197692871e-01
1.591134583577513695e-03,2.015729260165244341e-04,3.824300656560808420e-04,1.809153892099857330e-02,9.797333478927612305e-01
1.928913756273686886e-03,2.573163073975592852e-04,4.544899275060743093e-04,2.198926545679569244e-02,9.753699898719787598e-01
2.661077072843909264e-03,4.014887381345033646e-04,5.739182233810424805e-04,2.884396910667419434e-02,9.675195217132568359e-01
2.162832068279385567e-03,4.178504459559917450e-04,5.893062916584312916e-04,2.253597415983676910e-02,9.742940068244934082e-01
2.158766146749258041e-03,3.240580554120242596e-04,5.161570734344422817e-04,1.580409519374370575e-02,9.811969399452209473e-01
9.848175104707479477e-04,1.140388994826935232e-04,3.696046187542378902e-04,6.863453891128301620e-03,9.916679859161376953e-01
4.125507257413119078e-04,3.939109956263564527e-05,2.618404978420585394e-04,2.921695122495293617e-03,9.963645935058593750e-01
4.242602735757827759e-04,2.543001573940273374e-05,2.332198055228218436e-04,2.107853768393397331e-03,9.972092509269714355e-01
9.227211121469736099e-04,2.321795545867644250e-05,2.437744260532781482e-04,2.004851354286074638e-03,9.968055486679077148e-01
5.584409809671342373e-04,1.452773358323611319e-05,2.018930535996332765e-04,9.206059039570391178e-04,9.983046054840087891e-01
2.411566529190167785e-04,9.406325261807069182e-06,1.643181603867560625e-04,4.383725463412702084e-04,9.991466999053955078e-01
6.145563384052366018e-05,5.653737389366142452e-06,1.268498454010114074e-04,1.815290743252262473e-04,9.996244907379150391e-01
1.538923424959648401e-05,4.093563802598509938e-06,1.031019346555694938e-04,7.805949280736967921e-05,9.997994303703308105e-01
5.921122919971821830e-06,3.242178536311257631e-06,8.833168976707383990e-05,4.487061960389837623e-05,9.998576045036315918e-01
2.841833975253393874e-06,2.589837322375387885e-06,7.794002885930240154e-05,2.814915933413431048e-05,9.998884201049804688e-01
2.133536099790944718e-06,2.041196239588316530e-06,7.234326767502352595e-05,1.911963408929295838e-05,9.999042749404907227e-01
1.741922915243776515e-06,1.775450982677284628e-06,6.825320451753214002e-05,1.495889046054799110e-05,9.999132156372070312e-01
1.283017809328157455e-06,1.400236442350433208e-06,6.733783811796456575e-05,1.140285166911780834e-05,9.999185800552368164e-01
9.064779078471474349e-07,1.149010927292692941e-06,6.707620923407375813e-05,8.986190550785977393e-06,9.999217987060546875e-01
7.612314334437542129e-07,1.033255671245569829e-06,6.796987145207822323e-05,7.456317234755260870e-06,9.999228715896606445e-01
7.535016948168049566e-07,1.082785843209421728e-06,6.592497811652719975e-05,6.354200650093844160e-06,9.999260306358337402e-01
9.931748081726254895e-07,1.215433258039411157e-06,6.600739288842305541e-05,6.429040240618633106e-06,9.999253153800964355e-01
1.462195314161363058e-06,1.519414809081354178e-06,6.798737013014033437e-05,7.258288860612083226e-06,9.999217987060546875e-01
1.820906618377193809e-06,1.966726358659798279e-06,6.833338557044044137e-05,7.891430868767201900e-06,9.999199509620666504e-01
1.714812128739140462e-06,2.283508138134493493e-06,6.886401388328522444e-05,7.583059868920827284e-06,9.999195337295532227e-01
1.529104793007718399e-06,2.260421979372040369e-06,7.014004222583025694e-05,7.219126473501091823e-06,9.999188184738159180e-01
1.296275968343252316e-06,2.103702399836038239e-06,7.198162347776815295e-05,6.898261290189111605e-06,9.999176859855651855e-01
1.267542984351166524e-06,2.213528659922303632e-06,7.331249071285128593e-05,7.185367394413333386e-06,9.999158978462219238e-01
1.763512045727111399e-06,3.160737151119974442e-06,8.053360943449661136e-05,9.833332114794757217e-06,9.999045729637145996e-01
2.231985263279057108e-06,4.701025773101719096e-06,8.344147499883547425e-05,1.342476298304973170e-05,9.998961687088012695e-01
2.673577000678051263e-06,5.428731583378976211e-06,8.256323781097307801e-05,1.568116567796096206e-05,9.998936653137207031e-01
2.901672587540815584e-06,3.370001422808854841e-06,8.205379708670079708e-05,1.386634721711743623e-05,9.998978376388549805e-01
2.603191660455195233e-06,1.521990384389937390e-06,7.902001379989087582e-05,1.017103113554185256e-05,9.999066591262817383e-01
2.179865532525582239e-06,7.527023058173654135e-07,7.519718928961083293e-05,7.363336408161558211e-06,9.999145269393920898e-01
2.410115484963171184e-06,5.784254994978255127e-07,7.466346869478002191e-05,6.281933110585669056e-06,9.999160766601562500e-01
3.917517915397183970e-06,6.460185204559820704e-07,7.655910303583368659e-05,6.866599051136290655e-06,9.999120235443115234e-01
5.435414095700252801e-06,8.054680620261933655e-07,7.307877967832610011e-05,7.288136202987516299e-06,9.999133348464965820e-01
7.553122031822567806e-06,1.042465441969397943e-06,7.160526001825928688e-05,7.631668268004432321e-06,9.999121427536010742e-01
1.183087260869797319e-05,1.214062763210677076e-06,7.446564268320798874e-05,7.976195774972438812e-06,9.999045133590698242e-01
1.376208820147439837e-05,1.301499651162885129e-06,7.545688276877626777e-05,7.601922334288246930e-06,9.999018907546997070e-01
1.186368353955913335e-05,1.189303930004825816e-06,7.270569039974361658e-05,6.535092779813567176e-06,9.999075531959533691e-01
9.781618246051948518e-06,1.118935642807628028e-06,7.003376958891749382e-05,5.497865004144841805e-06,9.999134540557861328e-01
8.824390533845871687e-06,1.259592295355105307e-06,6.881982699269428849e-05,5.480359959619818255e-06,9.999155998229980469e-01
6.539606602018466219e-06,1.333397221969789825e-06,6.557045708177611232e-05,5.239079200691776350e-06,9.999213218688964844e-01
4.207194251648616046e-06,1.516762495157308877e-06,6.235993350856006145e-05,4.867281404585810378e-06,9.999271035194396973e-01
2.826325271598761901e-06,1.633612782825366594e-06,6.164793740026652813e-05,4.816520686290459707e-06,9.999290704727172852e-01
2.373309143877122551e-06,2.021648924710461870e-06,6.313365156529471278e-05,5.446232989925192669e-06,9.999269247055053711e-01
3.196394345650332980e-06,3.412920477785519324e-06,7.048234692774713039e-05,7.581968475278699771e-06,9.999153614044189453e-01
5.741368568124016747e-06,6.852847491245483980e-06,8.170615183189511299e-05,1.229182907991344109e-05,9.998934268951416016e-01
8.432160939264576882e-06,1.184847587865078822e-05,8.526453166268765926e-05,1.727110793581232429e-05,9.998772740364074707e-01
1.055329812515992671e-05,1.700563188933301717e-05,8.719292964087799191e-05,2.146543920389376581e-05,9.998636245727539062e-01
7.843876119295600802e-06,1.962921669473871589e-05,8.965590677689760923e-05,2.081607090076431632e-05,9.998620748519897461e-01
6.354770448524504900e-06,2.007850343943573534e-05,9.384073928231373429e-05,2.065274020424112678e-05,9.998590946197509766e-01
6.263746854529017583e-06,2.030940959230065346e-05,9.416310786036774516e-05,2.111927096848376095e-05,9.998580217361450195e-01
7.548218491137959063e-06,2.484626202203799039e-05,9.902798774419352412e-05,2.512119135644752532e-05,9.998434782028198242e-01
1.186237113870447502e-05,3.835118695860728621e-05,1.139525775215588510e-04,3.510259557515382767e-05,9.998007416725158691e-01
3.467782516963779926e-05,6.814055814174935222e-05,1.462574728066101670e-04,7.184240530477836728e-05,9.996790885925292969e-01
1.012114735203795135e-04,8.341601642314344645e-05,1.769679947756230831e-04,1.401201006956398487e-04,9.994983673095703125e-01
1.240400015376508236e-04,4.364049527794122696e-05,1.955820043804123998e-04,1.165070207207463682e-04,9.995203018188476562e-01
8.148547203745692968e-05,1.996500759560149163e-05,1.887684484245255589e-04,7.229127368191257119e-05,9.996375441551208496e-01
5.350975334295071661e-05,1.678034641372505575e-05,1.620042166905477643e-04,6.465363549068570137e-05,9.997031092643737793e-01
3.691371966851875186e-05,1.624972901481669396e-05,1.404797658324241638e-04,6.292098987614735961e-05,9.997434020042419434e-01
2.406327257631346583e-05,1.636835440876893699e-05,1.226020249305292964e-04,6.145862425910308957e-05,9.997754693031311035e-01
2.565599970694165677e-05,1.991271710721775889e-05,1.104252442019060254e-04,7.621961412951350212e-05,9.997677206993103027e-01
3.383035073056817055e-05,2.395784940745215863e-05,1.023440854623913765e-04,9.716495696920901537e-05,9.997426867485046387e-01
5.434619015431962907e-05,3.123709393548779190e-05,9.497036080574616790e-05,1.217336975969374180e-04,9.996976852416992188e-01
7.883688522269949317e-05,3.978111635660752654e-05,9.404679440194740891e-05,1.313468819716945291e-04,9.996559619903564453e-01
1.182857668027281761e-04,4.870859265793114901e-05,9.631663851905614138e-05,1.394195132888853550e-04,9.995971918106079102e-01
1.639029360376298428e-04,5.706511728931218386e-05,1.001035125227645040e-04,1.472491712775081396e-04,9.995316267013549805e-01
2.099517732858657837e-04,5.837872595293447375e-05,9.957820293493568897e-05,1.437417522538453341e-04,9.994883537292480469e-01
3.673820756375789642e-04,5.313213478075340390e-05,1.018051771097816527e-04,1.433175639249384403e-04,9.993342757225036621e-01
9.728252189233899117e-04,4.290224751457571983e-05,1.182793494081124663e-04,1.657437387621030211e-04,9.987003207206726074e-01
1.508557819761335850e-03,3.523625491652637720e-05,1.182365958811715245e-04,2.138806594302877784e-04,9.981240630149841309e-01
1.441559288650751114e-03,6.138072058092802763e-05,1.174241551780141890e-04,3.530796966515481472e-04,9.980264902114868164e-01
1.998558407649397850e-03,1.499639329267665744e-04,1.441757340217009187e-04,6.086946232244372368e-04,9.970985054969787598e-01
3.038345836102962494e-03,2.791429869830608368e-04,1.984887057915329933e-04,8.648968068882822990e-04,9.956191182136535645e-01
1.659617177210748196e-03,2.764141536317765713e-04,2.138170384569093585e-04,6.568070384673774242e-04,9.971933364868164062e-01
6.663119420409202576e-04,1.894131564768031240e-04,1.966825948329642415e-04,4.045660607516765594e-04,9.985430240631103516e-01
2.829262521117925644e-04,1.470309798605740070e-04,1.752523821778595448e-04,2.831456949934363365e-04,9.991117715835571289e-01
1.524657709524035454e-04,1.276051480090245605e-04,1.569346932228654623e-04,2.369374415138736367e-04,9.993261098861694336e-01
1.017861504806205630e-04,1.325962657574564219e-04,1.445663365302607417e-04,2.336659381398931146e-04,9.993875026702880859e-01
1.241308928001672029e-04,1.822206104407086968e-04,1.460926869185641408e-04,3.234701580367982388e-04,9.992241859436035156e-01
3.629027341958135366e-04,3.490865055937319994e-04,1.684638409642502666e-04,7.363351178355515003e-04,9.983832836151123047e-01
8.671871619299054146e-04,2.913329808507114649e-04,1.582787226652726531e-04,1.128238742239773273e-03,9.975550174713134766e-01
1.321984687820076942e-03,2.001090033445507288e-04,1.328720973106101155e-04,1.510989037342369556e-03,9.968340396881103516e-01
1.671605161391198635e-03,1.913020387291908264e-04,1.129370139096863568e-04,2.379236742854118347e-03,9.956448078155517578e-01
2.542533678933978081e-03,2.339272614335641265e-04,1.052087536663748324e-04,4.421357065439224243e-03,9.926968812942504883e-01
6.183296907693147659e-03,3.326530568301677704e-04,1.089916841010563076e-04,7.766494061797857285e-03,9.856083989143371582e-01
9.977027773857116699e-01,3.287201252533122897e-06,1.103993440665362868e-06,4.596580765792168677e-05,2.246974268928170204e-03
