1.341018360108137131e-02,9.113112688064575195e-01,2.931667119264602661e-02,2.570950798690319061e-02,2.025228366255760193e-02
1.907429395942017436e-04,9.974243044853210449e-01,9.516482823528349400e-04,8.702831692062318325e-04,5.630404339171946049e-04
8.871059435477945954e-06,9.997754693031311035e-01,6.397649121936410666e-05,1.053192827384918928e-04,4.635137884179130197e-05
1.458261181142006535e-06,9.999401569366455078e-01,1.038692062138579786e-05,3.683136310428380966e-05,1.112250629375921562e-05
4.981196752851246856e-07,9.999639987945556641e-01,3.635128223322681151e-06,2.609088369354140013e-05,5.793610398541204631e-06
3.276389577422378352e-07,9.999667406082153320e-01,2.492047997293411754e-06,2.542194124544039369e-05,5.010653239878593013e-06
3.132670940431125928e-07,9.999659061431884766e-01,2.346346036574686877e-06,2.611986383271869272e-05,5.363668606150895357e-06
3.652080238225607900e-07,9.999642372131347656e-01,2.477521775290369987e-06,2.688587301236111671e-05,5.992221758788218722e-06
3.670764954222249798e-07,9.999694824218750000e-01,2.324534762010443956e-06,2.223077171947807074e-05,5.689994395652320236e-06
3.742460705780104036e-07,9.999751448631286621e-01,2.083880417558248155e-06,1.714363497740123421e-05,5.194473033043323085e-06
7.018005021564022172e-07,9.999631643295288086e-01,3.242354978283401579e-06,2.314265839231666178e-05,9.719029549160040915e-06
3.932124741368170362e-07,9.999728202819824219e-01,2.519841700632241555e-06,1.659647932683583349e-05,7.649709914403501898e-06
4.902777845927630551e-07,9.999619722366333008e-01,3.450204758337349631e-06,2.154624598915688694e-05,1.255007646250305697e-05
1.809644487593686790e-07,9.999772310256958008e-01,2.002382188948104158e-06,1.316224188485648483e-05,7.441512479999801144e-06
6.808517838408079115e-08,9.999875426292419434e-01,9.983979225580696948e-07,7.622873908985638991e-06,3.748216840904206038e-06
3.521120461869031715e-08,9.999922513961791992e-01,5.183143230169662274e-07,5.113203769724350423e-06,2.073207951980293728e-06
5.464207220029493328e-08,9.999884366989135742e-01,7.089336122589884326e-07,7.448520591424312443e-06,3.420845587243093178e-06
3.958343341992076603e-08,9.999905824661254883e-01,5.214984639678732492e-07,6.141353424027329311e-06,2.647612518558162265e-06
2.821760070048640046e-08,9.999928474426269531e-01,3.490739857170410687e-07,4.837710548599716276e-06,1.840867412283841986e-06
2.180258462658457574e-08,9.999941587448120117e-01,2.450219369620754151e-07,4.131485638936283067e-06,1.347795432593557052e-06
3.602889009357568284e-08,9.999909400939941406e-01,3.836138944279809948e-07,6.225050583452684805e-06,2.437783678033156320e-06
2.500742191102744982e-08,9.999928474426269531e-01,2.928224773768306477e-07,4.977405296813230962e-06,1.873258725026971661e-06
1.625957857243065519e-08,9.999947547912597656e-01,1.993667666511100833e-07,3.682561782625271007e-06,1.282555331272305921e-06
1.157509288418623328e-08,9.999963045120239258e-01,1.487377971898240503e-07,2.662534143382799812e-06,9.525408017907466274e-07
1.054990050874948793e-08,9.999969005584716797e-01,1.339648463272169465e-07,2.131179144271300174e-06,8.444977197541447822e-07
9.845243731376740470e-09,9.999971985816955566e-01,1.198404930846663774e-07,1.783379389053152408e-06,7.727915090072201565e-07
9.446864623896544799e-09,9.999974966049194336e-01,1.081916138900851365e-07,1.637209265936689917e-06,7.225941658361989539e-07
8.733655576520504837e-09,9.999977350234985352e-01,9.664072564419257105e-08,1.558016492708702572e-06,6.622573778258811217e-07
7.733650164709615638e-09,9.999977350234985352e-01,8.526205164116618107e-08,1.511810523879830725e-06,5.911037987971212715e-07
7.361983911380320933e-09,9.999978542327880859e-01,7.826249515119343414e-08,1.510000743110140320e-06,5.484519078891025856e-07
7.200997131917574734e-09,9.999978542327880859e-01,7.581569860803938354e-08,1.499643531133187935e-06,5.281990524963475764e-07
6.881259118074467551e-09,9.999979734420776367e-01,7.466221774166115210e-08,1.423319531568267848e-06,5.180183393349580001e-07
7.471488316923569073e-09,9.999979734420776367e-01,8.076421664782174048e-08,1.391928435623412952e-06,5.616213343273557257e-07
9.344590878868075379e-09,9.999977350234985352e-01,1.040430959164950764e-07,1.468223331357876305e-06,6.821949796176340897e-07
1.178919362132546667e-08,9.999973773956298828e-01,1.426883642352549941e-07,1.563826458550465759e-06,8.883720852281840052e-07
1.749389255678579502e-08,9.999965429306030273e-01,2.306142761199225788e-07,1.861192686192225665e-06,1.311218397859192919e-06
2.636699392155605892e-08,9.999957084655761719e-01,3.692568668611784233e-07,2.070662958431057632e-06,1.876513010756752919e-06
3.822344041282121907e-08,9.999947547912597656e-01,5.219223453423182946e-07,2.156261871277820319e-06,2.501090648365789093e-06
4.859928992573259166e-08,9.999939799308776855e-01,6.430214511965459678e-07,2.215228505519917235e-06,2.975947836603154428e-06
5.195746055619565595e-08,9.999939799308776855e-01,6.730214181516203098e-07,2.180256615247344598e-06,3.112482318101683632e-06
4.761614036397077143e-08,9.999943971633911133e-01,6.170404844851873349e-07,2.019981820922112092e-06,2.892919383157277480e-06
4.038585998955568357e-08,9.999949932098388672e-01,5.176346462576475460e-07,1.871080598903063219e-06,2.524019237171160057e-06
3.569557094351694104e-08,9.999953508377075195e-01,4.418840262587764300e-07,1.882489073068427388e-06,2.227152208433835767e-06
3.131552261947945226e-08,9.999957084655761719e-01,3.989376011759304674e-07,1.883589902718085796e-06,1.974399310711305588e-06
2.899473372508509783e-08,9.999958276748657227e-01,3.791743381498235976e-07,1.862439148681005463e-06,1.799603182917053346e-06
2.898826423347600212e-08,9.999958872795104980e-01,3.813207456460077083e-07,1.893764761007332709e-06,1.780318825694848783e-06
2.851267311143601546e-08,9.999958872795104980e-01,3.660476579625537852e-07,1.910147375383530743e-06,1.776963699740008451e-06
2.876525684314401587e-08,9.999957084655761719e-01,3.530947765284508932e-07,2.008086767091299407e-06,1.828254880820168182e-06
2.600454784840167122e-08,9.999958872795104980e-01,3.089779454512608936e-07,2.027675236604409292e-06,1.666098228270129766e-06
2.088053818738444534e-08,9.999964237213134766e-01,2.574602433469408425e-07,1.965619958355091512e-06,1.429533540431293659e-06
1.884579781119555264e-08,9.999964237213134766e-01,2.232884810382529395e-07,2.069902848234050907e-06,1.279977027479617391e-06
1.937095461812532449e-08,9.999963045120239258e-01,2.000102483634691453e-07,2.365829232076066546e-06,1.134281319536967203e-06
2.120385822479420312e-08,9.999957084655761719e-01,1.883657176904307562e-07,2.975334837174159475e-06,1.045547946887381840e-06
2.524902775746795669e-08,9.999948143959045410e-01,1.954653612301626708e-07,3.818165623670211062e-06,1.115890995606605429e-06
2.703766455169898109e-08,9.999945163726806641e-01,1.987446722750974004e-07,4.147699200984789059e-06,1.129328097704274114e-06
2.648246244518759340e-08,9.999943971633911133e-01,2.174119941855678917e-07,4.172503395238891244e-06,1.138710899795114528e-06
2.372976304343410447e-08,9.999950528144836426e-01,2.270257226655303384e-07,3.580775000955327414e-06,1.092215256903728005e-06
3.035574991372413933e-08,9.999943971633911133e-01,3.163099506764410762e-07,3.784310820265091024e-06,1.388742248309426941e-06
4.130575348426646087e-08,9.999939203262329102e-01,4.372914759187551681e-07,3.935724635084625334e-06,1.693908075139916036e-06
5.807417124970015720e-08,9.999930858612060547e-01,5.780891001450072508e-07,4.271589659765595570e-06,1.927695393533213064e-06
8.801134754321537912e-08,9.999922513961791992e-01,7.261484142873086967e-07,4.826268195756711066e-06,2.127757397829554975e-06
1.457242717606277438e-07,9.999912977218627930e-01,9.147068453785323072e-07,5.210354629525681958e-06,2.390744157310109586e-06
2.223950588131629047e-07,9.999885559082031250e-01,1.212494908031658269e-06,6.973309155000606552e-06,3.121602276223711669e-06
2.334584365826231078e-07,9.999903440475463867e-01,1.329821088802418672e-06,5.163928562978981063e-06,2.993273483298253268e-06
2.776523331249336479e-07,9.999922513961791992e-01,1.279974640056025237e-06,3.356088427608483471e-06,2.901180323533480987e-06
2.714772051604086300e-07,9.999934434890747070e-01,1.144051111623411998e-06,2.457118853271822445e-06,2.615384801174513996e-06
1.965785827451327350e-07,9.999945163726806641e-01,9.570362635713536292e-07,2.044968368863919750e-06,2.246487611046177335e-06
1.175992565549677238e-07,9.999953508377075195e-01,7.905272241259808652e-07,1.777521333679032978e-06,1.921190914799808525e-06
7.682419322918576654e-08,9.999957084655761719e-01,7.047710255392303225e-07,1.685181359789567068e-06,1.822063495637848973e-06
6.077861769426817773e-08,9.999963045120239258e-01,5.242485485723591410e-07,1.570170184095331933e-06,1.556581878503493499e-06
5.236177358369786816e-08,9.999961256980895996e-01,4.914401756650477182e-07,1.619978775124764070e-06,1.571460074956121389e-06
4.500722283751201758e-08,9.999960660934448242e-01,5.189533567317994311e-07,1.703412522147118580e-06,1.747138639984768815e-06
4.193646319095023500e-08,9.999958276748657227e-01,5.258714281808352098e-07,1.739562208058487158e-06,1.870864707598229870e-06
4.529157138222217327e-08,9.999950528144836426e-01,6.457352128563798033e-07,2.020305601035943255e-06,2.227167215096415021e-06
4.192902380850682675e-08,9.999947547912597656e-01,6.980105240472767036e-07,2.102023699990240857e-06,2.325841023775865324e-06
3.703449991121487983e-08,9.999948143959045410e-01,6.856047889414185192e-07,2.194487706219661050e-06,2.244618144686683081e-06
3.312326057880454755e-08,9.999948143959045410e-01,6.846345286248833872e-07,2.205382543252198957e-06,2.187575319112511352e-06
3.071310672453364532e-08,9.999948143959045410e-01,7.062647000566357747e-07,2.184923232562141493e-06,2.232685801573097706e-06
2.789678354986335762e-08,9.999949932098388672e-01,6.828080927334667649e-07,2.060205588350072503e-06,2.216473149019293487e-06
2.912170948832226713e-08,9.999947547912597656e-01,7.431091262333211489e-07,2.105247631334350444e-06,2.365184172958834097e-06
3.661302017121670360e-08,9.999939203262329102e-01,8.751356972425128333e-07,2.537563887017313391e-06,2.630799599501187913e-06
4.065714520606888982e-08,9.999933242797851562e-01,9.328564374300185591e-07,3.009870397363556549e-06,2.710132775973761454e-06
4.718191704000673781e-08,9.999918341636657715e-01,1.156132498181250412e-06,3.767174348467960954e-06,3.073575726375565864e-06
4.889794524842727697e-08,9.999907016754150391e-01,1.371488679069443606e-06,4.564850314636714756e-06,3.385766831343062222e-06
4.897037442219698278e-08,9.999898672103881836e-01,1.451425191589805763e-06,5.523274012375622988e-06,3.159757625326164998e-06
9.233790621010484756e-08,9.999810457229614258e-01,2.273373866046313196e-06,1.076961598300840706e-05,5.805856289953226224e-06
8.164535358901048312e-08,9.999771714210510254e-01,2.636347744555678219e-06,1.405138482368784025e-05,6.096537163102766499e-06
1.400687068553452264e-07,9.999608397483825684e-01,3.835852112388238311e-06,2.443457015033345670e-05,1.067568064172519371e-05
1.021740487772149208e-07,9.999564886093139648e-01,3.281103317931410857e-06,3.063113399548456073e-05,9.474956641497556120e-06
7.735307150369408191e-08,9.999691843986511230e-01,2.192326746808248572e-06,2.199303162342403084e-05,6.520923761854646727e-06
6.201461388855022960e-08,9.999836683273315430e-01,1.249487354471057188e-06,1.149192303273594007e-05,3.560035111149773002e-06
5.635681432636374666e-08,9.999901056289672852e-01,7.235181556097813882e-07,6.982678314670920372e-06,2.033168584603117779e-06
6.177295830411821953e-08,9.999926090240478516e-01,5.276276056065398734e-07,5.319938736647600308e-06,1.462956788600422442e-06
6.415473308152286336e-08,9.999939203262329102e-01,4.278808205526729580e-07,4.409585471876198426e-06,1.192590957543870900e-06
7.324228334937288309e-08,9.999942183494567871e-01,4.097796022506372537e-07,4.088078640052117407e-06,1.169958068203413859e-06
8.145791952074432629e-08,9.999945163726806641e-01,4.486702209760551341e-07,3.702468802657676861e-06,1.297379185416502878e-06
8.552199659561665612e-08,9.999943971633911133e-01,5.268924496704130433e-07,3.428004220040747896e-06,1.520088744655367918e-06
8.781616855912943720e-08,9.999942183494567871e-01,6.526625497826898936e-07,3.219252448616316542e-06,1.809237915040284861e-06
9.227452579807504662e-08,9.999937415122985840e-01,8.269025215668079909e-07,3.061400548176607117e-06,2.166725380448042415e-06
9.755300567348967888e-08,9.999931454658508301e-01,1.046039642460527830e-06,2.924026375694666058e-06,2.632594032547785901e-06
1.127883066942558798e-07,9.999924898147583008e-01,1.366565356875071302e-06,2.789431164273992181e-06,3.335705059726024047e-06
1.246704925961239496e-07,9.999917149543762207e-01,1.648164470680058002e-06,2.685667141122394241e-06,3.802228320637368597e-06
1.458573422041808954e-07,9.999903440475463867e-01,2.117280246238806285e-06,3.011576154676731676e-06,4.402857939567184076e-06
1.658037120932931430e-07,9.999892711639404297e-01,2.467119429638842121e-06,3.315587719043833204e-06,4.750120751850772649e-06
1.718524345051264390e-07,9.999892711639404297e-01,2.548637894506100565e-06,3.366031478435616009e-06,4.704079856310272589e-06
1.858885667616050341e-07,9.999885559082031250e-01,2.777109784801723436e-06,3.576815970518509857e-06,4.931272542307851836e-06
1.978099959387691342e-07,9.999880194664001465e-01,2.990115035572671331e-06,3.712828856805572286e-06,5.050891559221781790e-06
2.096833213727222756e-07,9.999875426292419434e-01,3.170207037328509614e-06,3.909571660187793896e-06,5.111682639835635200e-06
2.327714838656902430e-07,9.999866485595703125e-01,3.443771902311709709e-06,4.315767455409513786e-06,5.340689767763251439e-06
2.538494641157740261e-07,9.999858736991882324e-01,3.541367050274857320e-06,4.723915026261238381e-06,5.450717253552284092e-06
2.491564146112068556e-07,9.999864101409912109e-01,3.379531335667707026e-06,4.849364358960883692e-06,5.105266609461978078e-06
2.390229951743094716e-07,9.999868869781494141e-01,3.255842784710694104e-06,4.842861471843207255e-06,4.734649337478913367e-06
2.372323706367751583e-07,9.999871253967285156e-01,3.197305886715184897e-06,4.858659849560353905e-06,4.525008989730849862e-06
2.566852685959020164e-07,9.999864697456359863e-01,3.319479219499044120e-06,5.267576398182427511e-06,4.625010660674888641e-06
2.812798527429549722e-07,9.999858140945434570e-01,3.480652821963303722e-06,5.774287274107336998e-06,4.730799446406308562e-06
2.947683697129832581e-07,9.999853968620300293e-01,3.509092721287743188e-06,6.011121513438411057e-06,4.808318863069871441e-06
3.303239566321281018e-07,9.999836683273315430e-01,3.833935807051602751e-06,6.600823326152749360e-06,5.556664746109163389e-06
3.924826899037725525e-07,9.999817609786987305e-01,4.289449407224310562e-06,7.205630936368834227e-06,6.393718194885877892e-06
4.216478544094570680e-07,9.999798536300659180e-01,4.957007604389218614e-06,7.504742370656458661e-06,7.219402050395729020e-06
4.001107356543798232e-07,9.999799728393554688e-01,4.986299245501868427e-06,7.468102467100834474e-06,7.128892775654094294e-06
4.032592357816611184e-07,9.999786019325256348e-01,5.621912805509055033e-06,7.389378879452124238e-06,7.870259651099331677e-06
3.516065589792560786e-07,9.999750852584838867e-01,7.210780040622921661e-06,7.509517672588117421e-06,9.816110832616686821e-06
2.201722821837392985e-07,9.999750256538391113e-01,7.470367108908249065e-06,7.661099516553804278e-06,9.746057912707328796e-06
1.350939839994680369e-07,9.999771714210510254e-01,6.248985755519242957e-06,8.808709935692604631e-06,7.726113835815340281e-06
8.327170775146441883e-08,9.999785423278808594e-01,4.354028533271048218e-06,1.145818441727897152e-05,5.569630957324989140e-06
6.964608445514386403e-08,9.999771714210510254e-01,3.417265361349564046e-06,1.527340646134689450e-05,4.172904937149723992e-06
7.279508196234019124e-08,9.999746084213256836e-01,3.048915459658019245e-06,1.880882155091967434e-05,3.396206011530011892e-06
9.518493016003048979e-08,9.999743103981018066e-01,2.751616875684703700e-06,1.986613096960354596e-05,2.818793745973380283e-06
1.622662324507473386e-07,9.999746084213256836e-01,2.004015641432488337e-06,2.115442475769668818e-05,2.167525053664576262e-06
2.085266999074519845e-07,9.999700188636779785e-01,1.429011604159313720e-06,2.662479710124898702e-05,1.723891159599588718e-06
1.631111814504038193e-07,9.999708533287048340e-01,8.999830924949492328e-07,2.672879782039672136e-05,1.262981868421775289e-06
8.678563290231977589e-08,9.999783039093017578e-01,4.769360657519428059e-07,2.031328403973020613e-05,8.134120434988290071e-07
5.399012792395296856e-08,9.999841451644897461e-01,2.894427382216235856e-07,1.491074999648844823e-05,5.788095904790679924e-07
4.679688814235305472e-08,9.999864101409912109e-01,2.333088531258908915e-07,1.281382265005959198e-05,5.025165137340081856e-07
4.731773373123360216e-08,9.999868869781494141e-01,2.273966828170159715e-07,1.226660515385447070e-05,5.154562927600636613e-07
5.032749683664405893e-08,9.999870061874389648e-01,2.518557380426500458e-07,1.215119755215710029e-05,5.865015282324748114e-07
6.108601269261271227e-08,9.999861717224121094e-01,3.269351225299033104e-07,1.273798898182576522e-05,7.316231744880496990e-07
7.494414688835604466e-08,9.999860525131225586e-01,4.268273130492161727e-07,1.247186628461349756e-05,8.877302093424077611e-07
1.050348572562143090e-07,9.999837279319763184e-01,6.044598421794944443e-07,1.433743545931065455e-05,1.162986450253811199e-06
1.573830417100907653e-07,9.999774694442749023e-01,9.557155635775416158e-07,1.963827889994718134e-05,1.711110371616086923e-06
1.826295346063488978e-07,9.999724626541137695e-01,1.292365482186141890e-06,2.382108505116775632e-05,2.211441824329085648e-06
2.687136202439432964e-07,9.999616146087646484e-01,1.974043470909236930e-06,3.314859350211918354e-05,2.997292767759063281e-06
3.616471531131537631e-07,9.999522566795349121e-01,2.644483629410387948e-06,4.100043952348642051e-05,3.653248995760804974e-06
4.545581475667859195e-07,9.999370574951171875e-01,3.270628212703741156e-06,5.492983109434135258e-05,4.236072982166660950e-06
9.599750683264574036e-07,9.998803138732910156e-01,6.438943728426238522e-06,1.053669984685257077e-04,6.932866654096869752e-06
1.904156079035601579e-06,9.998009204864501953e-01,1.550423803564626724e-05,1.688384363660588861e-04,1.273098223464330658e-05
3.080715487158158794e-06,9.996892213821411133e-01,4.256590545992366970e-05,2.415055641904473305e-04,2.364481588301714510e-05
3.462106860752101056e-06,9.995160102844238281e-01,1.066760596586391330e-04,3.338973911013454199e-04,3.995868246420286596e-05
3.854818714899010956e-06,9.993341565132141113e-01,2.276289742439985275e-04,3.790380724240094423e-04,5.525684537133201957e-05
3.910008217644644901e-06,9.992140531539916992e-01,3.284334670752286911e-04,3.965712094213813543e-04,5.705657531507313251e-05
4.049957169627305120e-06,9.992474913597106934e-01,3.345201548654586077e-04,3.655402688309550285e-04,4.835830986849032342e-05
3.126467618130845949e-06,9.996674060821533203e-01,1.218317192979156971e-04,1.857988245319575071e-04,2.187661993957590312e-05
2.064185991912381724e-06,9.998627305030822754e-01,3.561075936886481941e-05,9.060743468580767512e-05,9.023245183925610036e-06
1.627507685952878091e-06,9.999126195907592773e-01,1.854998663475271314e-05,6.123338243924081326e-05,5.982520178804406896e-06
1.480801756770233624e-06,9.999303221702575684e-01,1.457283178751822561e-05,4.833142884308472276e-05,5.421260993898613378e-06
1.514376208433532156e-06,9.999327659606933594e-01,1.625569711904972792e-05,4.297366467653773725e-05,6.444042810471728444e-06
1.686319706095673610e-06,9.999322891235351562e-01,1.942709604918491095e-05,3.867207487928681076e-05,7.990783160494174808e-06
1.769441951182670891e-06,9.999349117279052734e-01,2.228700213890988380e-05,3.150107295368798077e-05,9.521361789666116238e-06
1.693444573902525008e-06,9.999428391456604004e-01,2.155625588784459978e-05,2.317448524991050363e-05,1.066369441105052829e-05
1.461814576941833366e-06,9.999490380287170410e-01,2.098655750160105526e-05,1.701676046650391072e-05,1.136798618972534314e-05
1.372822225675918162e-06,9.999503493309020996e-01,2.102740836562588811e-05,1.415520455338992178e-05,1.305869227508082986e-05
1.420825469722331036e-06,9.999475479125976562e-01,2.256755033158697188e-05,1.249997967534000054e-05,1.595497269590850919e-05
1.432766907782934140e-06,9.999452829360961914e-01,2.388908433204051107e-05,1.147221337305381894e-05,1.799518213374540210e-05
1.405270495524746366e-06,9.999437928199768066e-01,2.414642221992835402e-05,1.123953279602574185e-05,1.947692544490564615e-05
1.574431735207326710e-06,9.999393224716186523e-01,2.615655648696701974e-05,1.158054237748729065e-05,2.141183176718186587e-05
2.122313844665768556e-06,9.999199509620666504e-01,3.518289668136276305e-05,1.416368559148395434e-05,2.849852535291574895e-05
2.416357119727763347e-06,9.999032020568847656e-01,4.319991057855077088e-05,1.537481330160517246e-05,3.578905671020038426e-05
2.347698227822547778e-06,9.999027252197265625e-01,4.340697341831400990e-05,1.305369914916809648e-05,3.838232441921718419e-05
2.192820147683960386e-06,9.999054074287414551e-01,4.115321644349023700e-05,1.198898735310649499e-05,3.916929563274607062e-05
2.013692210312001407e-06,9.998940825462341309e-01,4.567426003632135689e-05,1.118189447879558429e-05,4.698034172179177403e-05
1.843381369326380081e-06,9.998770952224731445e-01,5.151590085006318986e-05,1.148046521848300472e-05,5.813599273096770048e-05
1.551499963170499541e-06,9.998732805252075195e-01,4.943460953654721379e-05,1.432409771950915456e-05,6.141930498415604234e-05
1.177264493890106678e-06,9.998776912689208984e-01,4.599110980052500963e-05,1.840920958784408867e-05,5.672647967003285885e-05
9.197225949719722848e-07,9.998853802680969238e-01,4.400085526867769659e-05,2.133708221663255244e-05,4.846652882406488061e-05
8.584136708122969139e-07,9.998950362205505371e-01,4.094608448212966323e-05,2.266571027575992048e-05,4.054801320307888091e-05
9.099719591176835820e-07,9.999248981475830078e-01,2.504645999579224735e-05,2.331687392143066972e-05,2.572742232587188482e-05
9.376129241900343914e-07,9.999415874481201172e-01,1.108245123759843409e-05,3.353488864377140999e-05,1.294348385272314772e-05
6.881331842123472597e-07,9.999468326568603516e-01,4.430070475791580975e-06,4.166568760410882533e-05,6.357922757160849869e-06
4.657545389363804134e-07,9.999470710754394531e-01,1.948267481566290371e-06,4.734592585009522736e-05,3.200261744495946914e-06
3.308431928417121526e-07,9.999473094940185547e-01,1.160244664788478985e-06,4.920587525703012943e-05,2.000179847527761012e-06
3.290201391337177483e-07,9.999300241470336914e-01,9.927080100169405341e-07,6.686773849651217461e-05,1.720263412607891951e-06
2.907593739109870512e-07,9.999179840087890625e-01,8.003317475413496140e-07,7.954405737109482288e-05,1.467674564992194064e-06
2.582119407179561676e-07,9.999086260795593262e-01,7.096114131854847074e-07,8.894174243323504925e-05,1.397822757098765578e-06
2.283973117300774902e-07,9.999033808708190918e-01,6.674318342447804753e-07,9.443244925932958722e-05,1.392654780829616357e-06
2.213761689517923514e-07,9.998954534530639648e-01,6.984546985222550575e-07,1.021731295622885227e-04,1.480077457927109208e-06
2.460013206473377068e-07,9.998810291290283203e-01,7.737650093986303546e-07,1.162917760666459799e-04,1.605297939022420906e-06
2.624873616241529817e-07,9.998922348022460938e-01,7.881432111389585771e-07,1.052557199727743864e-04,1.505452814853924792e-06
3.434272173308272613e-07,9.998893737792968750e-01,8.994691143016098067e-07,1.078045243048109114e-04,1.582361505825247150e-06
5.103808007334009744e-07,9.998694658279418945e-01,1.098709162761224434e-06,1.270188367925584316e-04,1.817142219806555659e-06
1.137420554186974186e-06,9.997738003730773926e-01,1.552855792397167534e-06,2.211962855653837323e-04,2.331117229914525524e-06
3.802630772042903118e-06,9.994608759880065918e-01,3.134462758680456318e-06,5.282827769406139851e-04,3.858423042402137071e-06
9.894202776195015758e-06,9.988224506378173828e-01,7.868990905990358442e-06,1.152442069724202156e-03,7.361819825746351853e-06
1.743931716191582382e-05,9.977348446846008301e-01,2.392100032011512667e-05,2.210113685578107834e-03,1.370183417748194188e-05
4.198454553261399269e-05,9.959770441055297852e-01,8.197574061341583729e-05,3.854986513033509254e-03,4.388029628898948431e-05
2.807237979141063988e-05,9.951852560043334961e-01,1.625424629310145974e-04,4.556195344775915146e-03,6.788442988181486726e-05
1.288907515117898583e-05,9.971528053283691406e-01,1.526335108792409301e-04,2.633815864101052284e-03,4.790535240317694843e-05
8.268548299383837730e-06,9.990069866180419922e-01,6.593547732336446643e-05,8.987000910565257072e-04,2.009026502491906285e-05
8.885031093086581677e-06,9.995039701461791992e-01,3.769167233258485794e-05,4.384352650959044695e-04,1.102019450627267361e-05
1.013143628370016813e-05,9.996545910835266113e-01,3.204597305739298463e-05,2.939289261121302843e-04,9.209710697177797556e-06
9.718742148834280670e-06,9.997445940971374512e-01,3.316051152069121599e-05,2.029201568802818656e-04,9.593440154276322573e-06
6.821712304372340441e-06,9.998353123664855957e-01,3.244432082283310592e-05,1.154982019215822220e-04,9.900593795464374125e-06
4.718336185760563239e-06,9.998857378959655762e-01,3.537308293743990362e-05,6.217364716576412320e-05,1.183833319373661652e-05
4.159674062975682318e-06,9.998959302902221680e-01,4.505371543928049505e-05,3.771248884731903672e-05,1.712791345198638737e-05
3.854550413961987942e-06,9.998852014541625977e-01,5.891761975362896919e-05,2.555234459578059614e-05,2.649692942213732749e-05
3.547803089531953447e-06,9.998719096183776855e-01,7.040214404696598649e-05,1.933615749294403940e-05,3.483763066469691694e-05
3.196601255694986321e-06,9.998599290847778320e-01,7.912460569059476256e-05,1.585687277838587761e-05,4.187377999187447131e-05
2.537123691581655294e-06,9.998675584793090820e-01,7.576992356916889548e-05,1.247440013685263693e-05,4.158216688665561378e-05
2.250087618449470028e-06,9.998725652694702148e-01,7.229395851027220488e-05,1.076397802535211667e-05,4.220530172460712492e-05
2.394655439275084063e-06,9.998639822006225586e-01,7.536016346421092749e-05,1.068869005393935367e-05,4.746600461658090353e-05
2.393639533693203703e-06,9.998638033866882324e-01,7.401880429824814200e-05,1.064983098331140354e-05,4.917242767987772822e-05
2.092624981742119417e-06,9.998775124549865723e-01,6.492389366030693054e-05,1.002623503154609352e-05,4.545898264041170478e-05
1.906438455989700742e-06,9.998797178268432617e-01,6.290773308137431741e-05,1.028196766128530726e-05,4.514782267506234348e-05
2.080201284115901217e-06,9.998608827590942383e-01,7.304080645553767681e-05,1.220117610500892624e-05,5.180386142455972731e-05
2.222312787125702016e-06,9.998444318771362305e-01,7.899892079876735806e-05,1.301723750657401979e-05,6.127257802290841937e-05
2.425273123662918806e-06,9.998193383216857910e-01,8.453558984911069274e-05,1.459862050978699699e-05,7.920251664472743869e-05
1.749344392010243610e-06,9.998375177383422852e-01,6.719824887113645673e-05,1.542711470392532647e-05,7.814649143256247044e-05
1.144898192251275759e-06,9.998641014099121094e-01,5.229263479122892022e-05,1.609778337297029793e-05,6.639978528255596757e-05
8.066627401603909675e-07,9.998929500579833984e-01,4.032750439364463091e-05,1.598012750037014484e-05,4.998137228540144861e-05
6.831833161413669586e-07,9.999371767044067383e-01,2.174292239942587912e-05,1.324175082118017599e-05,2.714360743993893266e-05
8.807201652416551951e-07,9.999579191207885742e-01,1.111642995965667069e-05,1.588341910974122584e-05,1.417648127244319767e-05
1.077429487850167789e-06,9.999613761901855469e-01,7.046672180877067149e-06,2.126596154994331300e-05,9.307481377618387341e-06
1.280549668081221171e-06,9.999548196792602539e-01,5.271370355330873281e-06,3.174002267769537866e-05,6.940931143617490306e-06
1.111321125790709630e-06,9.999468326568603516e-01,3.981700047006597742e-06,4.274428283679299057e-05,5.324562607711413875e-06
7.496934131268062629e-07,9.999427199363708496e-01,2.785565811791457236e-06,4.987134161638095975e-05,3.951113285438623279e-06
4.718725392649503192e-07,9.999386668205261230e-01,2.095326863127411343e-06,5.565014726016670465e-05,3.138458851026371121e-06
3.781339614761236589e-07,9.999198317527770996e-01,1.887848384285462089e-06,7.500939682358875871e-05,2.930310301962890662e-06
3.049274539534962969e-07,9.999012947082519531e-01,1.667843775976507459e-06,9.401362331118434668e-05,2.659595111254020594e-06
3.160666040002979571e-07,9.998888969421386719e-01,1.699777499197807629e-06,1.063868112396448851e-04,2.594145826151361689e-06
3.960988976814405760e-07,9.998764395713806152e-01,1.609204900887561962e-06,1.192216877825558186e-04,2.349863962081144564e-06
5.531869078367890324e-07,9.998400807380676270e-01,1.807484181881591212e-06,1.550689194118604064e-04,2.512307219149079174e-06
8.900571515368937980e-07,9.997462630271911621e-01,2.619683300508768298e-06,2.468444581609219313e-04,3.409085366001818329e-06
1.078756781680567656e-06,9.997095465660095215e-01,2.601226242404663935e-06,2.836332423612475395e-04,3.098527258771355264e-06
1.371609073430590797e-06,9.996607899665832520e-01,2.434370571791077964e-06,3.326654259581118822e-04,2.686022980924462900e-06
2.463761575199896470e-06,9.994783401489257812e-01,3.135383622066001408e-06,5.128742195665836334e-04,3.088216544711031020e-06
5.226887424214510247e-06,9.991425275802612305e-01,4.647529294743435457e-06,8.435464114882051945e-04,4.105640982743352652e-06
8.889292985259089619e-06,9.987658262252807617e-01,7.325863407459110022e-06,1.212452887557446957e-03,5.531708666239865124e-06
1.314108340011443943e-05,9.978896975517272949e-01,1.619585782464127988e-05,2.071845345199108124e-03,9.133056664722971618e-06
1.542546851851511747e-05,9.971789121627807617e-01,3.667437340482138097e-05,2.755808411166071892e-03,1.319566126767313108e-05
1.116338626161450520e-05,9.980216026306152344e-01,5.887959196115843952e-05,1.893500331789255142e-03,1.486259407101897523e-05
6.128599125077016652e-06,9.993576407432556152e-01,3.783060310524888337e-05,5.885435966774821281e-04,9.869803761830553412e-06
5.841199708811473101e-06,9.996882677078247070e-01,2.539564957260154188e-05,2.738248149398714304e-04,6.669053163932403550e-06
7.015364644757937640e-06,9.997747540473937988e-01,2.802035851345863193e-05,1.834644062910228968e-04,6.823931016697315499e-06
1.032670024869730696e-05,9.997954368591308594e-01,4.452665234566666186e-05,1.398023014189675450e-04,9.853628398559521884e-06
1.601078838575631380e-05,9.997563958168029785e-01,9.635660535423085093e-05,1.133374171331524849e-04,1.795344360289163888e-05
2.180345109081827104e-05,9.996160268783569336e-01,2.362260420341044664e-04,8.983461884781718254e-05,3.605792517191730440e-05
2.679060708032920957e-05,9.992777705192565918e-01,5.463358247652649879e-04,7.420532347168773413e-05,7.490238931495696306e-05
3.296737850178033113e-05,9.986922740936279297e-01,1.066238270141184330e-03,7.935055327834561467e-05,1.290395157411694527e-04
4.375088246888481081e-05,9.978107810020446777e-01,1.833203015848994255e-03,1.179657265311107039e-04,1.943096140166744590e-04
5.856095594936050475e-05,9.966420531272888184e-01,2.867479342967271805e-03,1.782807958079501987e-04,2.535749808885157108e-04
7.109533180482685566e-05,9.954701662063598633e-01,4.001079592853784561e-03,1.801476610125973821e-04,2.775161410681903362e-04
7.813546108081936836e-05,9.952610135078430176e-01,4.243596456944942474e-03,1.514777832198888063e-04,2.657189616002142429e-04
7.567170541733503342e-05,9.959704875946044922e-01,3.532398492097854614e-03,1.538175711175426841e-04,2.676140866242349148e-04
8.580265421187505126e-05,9.959588646888732910e-01,3.411972429603338242e-03,2.185750927310436964e-04,3.248058783356100321e-04
9.590518311597406864e-05,9.959667921066284180e-01,3.220270620658993721e-03,3.522536717355251312e-04,3.647329285740852356e-04
8.076226367847993970e-05,9.969992041587829590e-01,2.196108223870396614e-03,4.344254848547279835e-04,2.895130310207605362e-04
7.421608461299911141e-05,9.973555803298950195e-01,1.723822206258773804e-03,5.965423770248889923e-04,2.498892717994749546e-04
7.403885683743283153e-05,9.973199963569641113e-01,1.479368307627737522e-03,8.868637378327548504e-04,2.396757481619715691e-04
7.463114889105781913e-05,9.971435666084289551e-01,1.263261423446238041e-03,1.293400768190622330e-03,2.251448604511097074e-04
7.754441321594640613e-05,9.968885779380798340e-01,1.308177132159471512e-03,1.490305294282734394e-03,2.354096941417083144e-04
6.972999835852533579e-05,9.971463084220886230e-01,1.280001597478985786e-03,1.280980999581515789e-03,2.230147219961509109e-04
5.102446084492839873e-05,9.970562458038330078e-01,1.524737803265452385e-03,1.100661582313477993e-03,2.673492999747395515e-04
4.675423042499460280e-05,9.953370094299316406e-01,2.659343183040618896e-03,1.515759737230837345e-03,4.411207046359777451e-04
5.129895725985988975e-05,9.902745485305786133e-01,5.754344630986452103e-03,3.154219593852758408e-03,7.656220695935189724e-04
4.776584682986140251e-05,9.864498376846313477e-01,8.199095726013183594e-03,4.422308411449193954e-03,8.808840066194534302e-04
3.740017200470902026e-05,9.918634295463562012e-01,4.641946405172348022e-03,3.017007838934659958e-03,4.402058257255703211e-04
2.530885285523254424e-05,9.961362481117248535e-01,1.847349340096116066e-03,1.808370579965412617e-03,1.826000079745426774e-04
1.299828181799966842e-05,9.983063936233520508e-01,7.388247759081423283e-04,8.573178783990442753e-04,8.450085442746058106e-05
7.788975381117779762e-06,9.991217255592346191e-01,3.829300694633275270e-04,4.367043147794902325e-04,5.084361328044906259e-05
7.575615200039464980e-06,9.993878006935119629e-01,2.568994823377579451e-04,3.081476897932589054e-04,3.952438419219106436e-05
8.677686309965793043e-06,9.994534850120544434e-01,1.836711599025875330e-04,3.208115231245756149e-04,3.329382161609828472e-05
8.789308594714384526e-06,9.994917511940002441e-01,1.231438800459727645e-04,3.500940511003136635e-04,2.633401345519814640e-05
9.386637429997790605e-06,9.994716644287109375e-01,8.950717165134847164e-05,4.077182966284453869e-04,2.162550117645878345e-05
1.050640094035770744e-05,9.993923306465148926e-01,7.927446131361648440e-05,4.977839998900890350e-04,2.015997415583115071e-05
1.232200520462356508e-05,9.992871284484863281e-01,7.818025915184989572e-05,6.018590065650641918e-04,2.047697853413410485e-05
1.117822739615803584e-05,9.993423819541931152e-01,6.785089499317109585e-05,5.598097341135144234e-04,1.872029315563850105e-05
9.017464435601141304e-06,9.994956254959106445e-01,5.066660378361120820e-05,4.296850529499351978e-04,1.503123712609522045e-05
7.929733328637667000e-06,9.995204210281372070e-01,5.092795981909148395e-05,4.045826790388673544e-04,1.607302510819863528e-05
9.210589269059710205e-06,9.994490742683410645e-01,8.353271550731733441e-05,4.345939669292420149e-04,2.348830275877844542e-05
1.126211827795486897e-05,9.993894100189208984e-01,1.529984438093379140e-04,4.118468787055462599e-04,3.450496296864002943e-05
1.253359459951752797e-05,9.994142651557922363e-01,1.990851014852523804e-04,3.366572491358965635e-04,3.742236367543227971e-05
1.354236974293598905e-05,9.994692206382751465e-01,1.876692113000899553e-04,2.972813672386109829e-04,3.226107946829870343e-05
1.604447606950998306e-05,9.993990659713745117e-01,1.892804284580051899e-04,3.659201029222458601e-04,2.977888470923062414e-05
1.517547389084938914e-05,9.993269443511962891e-01,1.568892184877768159e-04,4.773358232341706753e-04,2.371758273511659354e-05
1.123462425312027335e-05,9.991034269332885742e-01,1.335028646280989051e-04,7.311834488064050674e-04,2.075212796626146883e-05
9.104836863116361201e-06,9.983131885528564453e-01,1.063345771399326622e-04,1.549662672914564610e-03,2.180251613026484847e-05
8.439273187832441181e-06,9.978925585746765137e-01,9.781520930118858814e-05,1.983501948416233063e-03,1.773737676558084786e-05
7.449678378179669380e-06,9.986195564270019531e-01,6.299839151324704289e-05,1.299252617172896862e-03,1.077095112123060971e-05
8.110622729873284698e-06,9.991567730903625488e-01,4.707789412350393832e-05,7.800487219356000423e-04,8.094573786365799606e-06
9.707653589430265129e-06,9.994971752166748047e-01,3.390427809790708125e-05,4.529549041762948036e-04,6.199687959451694041e-06
1.233418515766970813e-05,9.996253848075866699e-01,2.872738514270167798e-05,3.276375937275588512e-04,5.957696430414216593e-06
1.321949366683838889e-05,9.996626973152160645e-01,3.230032962164841592e-05,2.846382849384099245e-04,7.068641480145743117e-06
1.116527164413128048e-05,9.996683597564697266e-01,4.158831507083959877e-05,2.704695216380059719e-04,8.383497515751514584e-06
1.282196353713516146e-05,9.995286464691162109e-01,7.992852624738588929e-05,3.642870869953185320e-04,1.440676260244799778e-05
1.833618080127052963e-05,9.991833567619323730e-01,1.859583571786060929e-04,5.816477350890636444e-04,3.068124351557344198e-05
1.844015423557721078e-05,9.990329146385192871e-01,2.884514397010207176e-04,6.162539357319474220e-04,4.381481267046183348e-05
1.185456767416326329e-05,9.993029832839965820e-01,2.834693877957761288e-04,3.574551665224134922e-04,4.424431972438469529e-05
8.172512934834230691e-06,9.994842410087585449e-01,2.608557115308940411e-04,2.037038648268207908e-04,4.304901449359022081e-05
6.905152986291795969e-06,9.995949864387512207e-01,2.030876203207299113e-04,1.548161089885979891e-04,4.030312629765830934e-05
5.247175067779608071e-06,9.997277855873107910e-01,1.211423514178022742e-04,1.150435346062295139e-04,3.080208989558741450e-05
3.480081886664265767e-06,9.998264312744140625e-01,6.464999751187860966e-05,8.447877189610153437e-05,2.086755193886347115e-05
2.226612878075684421e-06,9.998826384544372559e-01,4.096162956557236612e-05,5.881258766748942435e-05,1.550954766571521759e-05
1.718174530651594978e-06,9.999102354049682617e-01,3.246716369176283479e-05,4.203218122711405158e-05,1.347943907603621483e-05
1.539469963063311297e-06,9.999181032180786133e-01,3.179992563673295081e-05,3.447881317697465420e-05,1.415061524312477559e-05
1.332501028628030326e-06,9.999226331710815430e-01,3.285679849795997143e-05,2.768390368146356195e-05,1.550685556139796972e-05
1.260721887774707284e-06,9.999189972877502441e-01,3.709036900545470417e-05,2.455585672578308731e-05,1.812219488783739507e-05
1.512300855210924055e-06,9.999029636383056641e-01,4.430026456248015165e-05,2.862420296878553927e-05,2.255532854178454727e-05
2.032984411926008761e-06,9.998829364776611328e-01,5.074106957181356847e-05,3.728496449184603989e-05,2.700716868275776505e-05
1.949728357431013137e-06,9.998846650123596191e-01,4.561910463962703943e-05,4.032519427710212767e-05,2.742846663750242442e-05
1.893822400234057568e-06,9.998781085014343262e-01,4.679111953009851277e-05,4.265973984729498625e-05,3.057151116081513464e-05
2.088217343043652363e-06,9.998612403869628906e-01,5.335535388439893723e-05,4.808642552234232426e-05,3.523988198139704764e-05
2.081449338220409118e-06,9.998624324798583984e-01,5.374531610868871212e-05,4.648497997550293803e-05,3.520118843880482018e-05
2.135081103915581480e-06,9.998745918273925781e-01,4.681249629356898367e-05,4.638237442122772336e-05,3.011094850080553442e-05
1.766120703905471601e-06,9.998986721038818359e-01,3.719142478075809777e-05,3.793099676840938628e-05,2.440762364130932838e-05
2.086041604343336076e-06,9.998676776885986328e-01,4.534324398264288902e-05,4.812785482499748468e-05,3.673111496027559042e-05
2.720574002523790114e-06,9.998099207878112793e-01,5.543361112358979881e-05,7.707035547355189919e-05,5.489411341841332614e-05
2.659001893334789202e-06,9.997983574867248535e-01,5.434997001430019736e-05,8.885247370926663280e-05,5.588655403698794544e-05
2.029329152719583362e-06,9.998573660850524902e-01,4.019994230475276709e-05,6.545375799760222435e-05,3.502805338939651847e-05
1.570393351357779466e-06,9.998999834060668945e-01,2.661471989995334297e-05,4.959014768246561289e-05,2.223329283879138529e-05
1.393878505950851832e-06,9.998964071273803711e-01,2.549409691710025072e-05,5.401173257268965244e-05,2.273045538458973169e-05
2.114501512551214546e-06,9.998131990432739258e-01,3.310995452920906246e-05,1.141648026532493532e-04,3.738369559869170189e-05
3.548706672518164851e-06,9.995564222335815430e-01,4.286217154003679752e-05,3.358600370120257139e-04,6.135409057606011629e-05
5.126386895426549017e-06,9.991487264633178711e-01,5.124160452396608889e-05,7.181781693361699581e-04,7.665861630812287331e-05
3.803689878623117693e-06,9.994443655014038086e-01,4.401063415571115911e-05,4.606145084835588932e-04,4.731762601295486093e-05
2.235869033029302955e-06,9.997283816337585449e-01,3.529097011778503656e-05,2.048562164418399334e-04,2.922809471783693880e-05
1.765883212101471145e-06,9.998269677162170410e-01,2.951275746454484761e-05,1.207157620228827000e-04,2.103171937051229179e-05
1.629974235584086273e-06,9.998556971549987793e-01,2.568295349192339927e-05,9.966960351448506117e-05,1.735134355840273201e-05
1.744343421705707442e-06,9.998515844345092773e-01,2.298655454069375992e-05,1.079937501344829798e-04,1.565041748108342290e-05
2.253016418762854300e-06,9.998171925544738770e-01,2.417121322650928050e-05,1.405154034728184342e-04,1.593544584466144443e-05
3.307225370008382015e-06,9.997401833534240723e-01,2.721153941820375621e-05,2.112401562044396996e-04,1.810519643186125904e-05
4.077534413227112964e-06,9.996677637100219727e-01,2.676392250577919185e-05,2.836121420841664076e-04,1.778675323294010013e-05
4.378245648695155978e-06,9.996309280395507812e-01,2.423981823085341603e-05,3.245974658057093620e-04,1.583879748068284243e-05
6.196247795742237940e-06,9.994966387748718262e-01,2.482972922734916210e-05,4.572420439217239618e-04,1.513620372861623764e-05
9.835095625021494925e-06,9.992220401763916016e-01,2.641543505887966603e-05,7.267616456374526024e-04,1.492927640356356278e-05
1.467225956730544567e-05,9.987394809722900391e-01,3.006059523613657802e-05,1.200226484797894955e-03,1.550178421894088387e-05
2.049704380624461919e-05,9.981365799903869629e-01,3.579575059120543301e-05,1.790553214959800243e-03,1.663934745010919869e-05
2.522247268643695861e-05,9.976141452789306641e-01,3.982286943937651813e-05,2.303796354681253433e-03,1.699151107459329069e-05
3.774436845560558140e-05,9.962652921676635742e-01,4.285841350792907178e-05,3.636512206867337227e-03,1.755244375090114772e-05
9.747094736667349935e-05,9.899739623069763184e-01,8.076881204033270478e-05,9.818719699978828430e-03,2.897255581046920270e-05
2.950880443677306175e-04,9.636804461479187012e-01,3.323534037917852402e-04,3.561157733201980591e-02,8.054843056015670300e-05
5.581507575698196888e-04,9.115950465202331543e-01,1.975005026906728745e-03,8.560425788164138794e-02,2.675092255230993032e-04
8.518627146258950233e-04,8.393171429634094238e-01,1.246110815554857254e-02,1.464881449937820435e-01,8.817397174425423145e-04
1.000252203084528446e-03,8.297922015190124512e-01,4.065351933240890503e-02,1.270006150007247925e-01,1.553343958221375942e-03
1.135956030339002609e-03,7.929529547691345215e-01,1.226466223597526550e-01,8.044969290494918823e-02,2.814740408211946487e-03
1.131691969931125641e-03,6.075124740600585938e-01,3.477400839328765869e-01,3.856656700372695923e-02,5.049184896051883698e-03
9.473389945924282074e-04,3.175526261329650879e-01,6.623563170433044434e-01,1.289518084377050400e-02,6.248470861464738846e-03
5.978163680993020535e-04,1.422839909791946411e-01,8.490456342697143555e-01,3.300695447251200676e-03,4.771797452121973038e-03
3.487916837912052870e-04,6.632667779922485352e-02,9.288282394409179688e-01,1.000346615910530090e-03,3.495919285342097282e-03
2.352187148062512279e-04,2.748691663146018982e-02,9.690823554992675781e-01,4.874156438745558262e-04,2.708098385483026505e-03
1.396300067426636815e-04,1.638021692633628845e-02,9.809181094169616699e-01,3.143788198940455914e-04,2.247622469440102577e-03
8.808966231299564242e-05,1.143483072519302368e-02,9.864602088928222656e-01,2.038803359027951956e-04,1.812911126762628555e-03
7.175654172897338867e-05,9.069778956472873688e-03,9.890657067298889160e-01,1.809484965633600950e-04,1.611692365258932114e-03
6.352901982609182596e-05,9.093614295125007629e-03,9.892680048942565918e-01,1.631496998015791178e-04,1.411662204191088676e-03
5.935848093940876424e-05,8.537698537111282349e-03,9.899997711181640625e-01,1.462915097363293171e-04,1.256863703019917011e-03
6.532354746013879776e-05,8.793204091489315033e-03,9.897586703300476074e-01,1.821978366933763027e-04,1.200628932565450668e-03
8.547165634809061885e-05,8.977239951491355896e-03,9.892958998680114746e-01,3.286289575044065714e-04,1.312801381573081017e-03
1.136183564085513353e-04,1.053384318947792053e-02,9.867832064628601074e-01,9.471118100918829441e-04,1.622129348106682301e-03
1.913701125886291265e-04,1.574665494263172150e-02,9.775854349136352539e-01,4.208916332572698593e-03,2.267574425786733627e-03
2.537399705033749342e-04,2.408618852496147156e-02,9.566019177436828613e-01,1.651415228843688965e-02,2.544048475101590157e-03
3.312850603833794594e-04,3.846542164683341980e-02,8.909998536109924316e-01,6.766699999570846558e-02,2.536411164328455925e-03
5.095183732919394970e-04,6.363393366336822510e-02,6.656192541122436523e-01,2.680971622467041016e-01,2.140094060450792313e-03
4.766005440615117550e-04,5.341450124979019165e-02,2.438367158174514771e-01,7.011882662773132324e-01,1.083911047317087650e-03
2.114398957928642631e-04,1.898925006389617920e-02,3.959580883383750916e-02,9.409300684928894043e-01,2.733997534960508347e-04
7.514221215387806296e-05,6.077847909182310104e-03,7.695321924984455109e-03,9.860721826553344727e-01,7.947831181809306145e-05
3.066667704842984676e-05,2.229233039543032646e-03,1.787726883776485920e-03,9.959256052970886230e-01,2.673570816114079207e-05
1.961636007763445377e-05,1.036423724144697189e-03,4.870176780968904495e-04,9.984464049339294434e-01,1.053636333381291479e-05
1.608744059922173619e-05,5.606488557532429695e-04,1.405712973792105913e-04,9.992781281471252441e-01,4.692596121458336711e-06
1.180410617962479591e-05,3.901960444636642933e-04,4.568632721202448010e-05,9.995497465133666992e-01,2.605755071272142231e-06
7.272111815836979076e-06,3.081576724071055651e-04,1.780499951564706862e-05,9.996648430824279785e-01,1.860550241872260813e-06
4.552125119516858831e-06,2.728139807004481554e-04,8.448598237009719014e-06,9.997127056121826172e-01,1.550988031340239104e-06
2.647251676535233855e-06,2.548254269640892744e-04,5.152796347829280421e-06,9.997358918190002441e-01,1.523794139757228550e-06
1.813854169085971080e-06,2.508244651835411787e-04,4.229113983456045389e-06,9.997412562370300293e-01,1.789608290891919751e-06
1.799586016204557382e-06,2.959075500257313251e-04,4.464888206712203100e-06,9.996954202651977539e-01,2.394180455667083152e-06
2.124813136106240563e-06,3.714794875122606754e-04,5.657976544171106070e-06,9.996172189712524414e-01,3.581727696655434556e-06
2.926163233496481553e-06,4.804803465958684683e-04,7.951709449116606265e-06,9.995028376579284668e-01,5.810326001665089279e-06
5.490236162586370483e-06,5.672748666256666183e-04,1.180066192318918183e-05,9.994059205055236816e-01,9.554863027005922049e-06
1.387735483149299398e-05,6.426487816497683525e-04,1.905515819089487195e-05,9.993067383766174316e-01,1.763010186550673097e-05
3.146258313790895045e-05,9.556075674481689930e-04,4.454687223187647760e-05,9.989104866981506348e-01,5.788664566352963448e-05
6.120844773249700665e-05,1.178172067739069462e-03,9.899626456899568439e-05,9.984869956970214844e-01,1.746027701301500201e-04
7.677493704250082374e-05,1.298144692555069923e-03,1.921476941788569093e-04,9.980586171150207520e-01,3.743226989172399044e-04
7.856083539081737399e-05,8.423923864029347897e-04,1.862634526332840323e-04,9.986158609390258789e-01,2.769067650660872459e-04
6.426837353501468897e-05,4.576384089887142181e-04,1.188157839351333678e-04,9.992271661758422852e-01,1.321042655035853386e-04
3.444108369876630604e-05,2.785215328913182020e-04,6.143536302261054516e-05,9.995724558830261230e-01,5.315570524544455111e-05
1.361301838187500834e-05,1.829496759455651045e-04,2.783766649372410029e-05,9.997552633285522461e-01,2.040989056695252657e-05
5.790163413621485233e-06,1.093626560759730637e-04,9.104784112423658371e-06,9.998693466186523438e-01,6.320380180113716051e-06
2.111384219460887834e-06,6.325575668597593904e-05,4.245083346177125350e-06,9.999274015426635742e-01,2.891744316002586856e-06
6.166898174342350103e-07,4.357179568614810705e-05,2.499943320799502544e-06,9.999513626098632812e-01,1.928204483192530461e-06
2.063598429913326981e-07,3.332752748974598944e-05,1.563744604027306195e-06,9.999635219573974609e-01,1.384621555189369246e-06
9.284033097856081440e-08,2.857990330085158348e-05,1.096432583835849073e-06,9.999691247940063477e-01,1.077535330296086613e-06
5.355474996804332477e-08,2.879733074223622680e-05,7.853835199966852088e-07,9.999693632125854492e-01,9.145089734374778345e-07
3.596579389864018594e-08,3.700769229908473790e-05,7.556633931926626246e-07,9.999610185623168945e-01,1.198070663122052792e-06
2.446136981859581283e-08,3.000660399266052991e-05,7.443425147357629612e-07,9.999674558639526367e-01,1.676136889727786183e-06
1.604683852463040239e-08,1.824841638153884560e-05,5.126863129589764867e-07,9.999796152114868164e-01,1.567937715662992559e-06
9.114449639469057729e-09,9.631456123315729201e-06,2.662613951542880386e-07,9.999891519546508789e-01,9.519396257928747218e-07
4.012494336791405658e-09,3.837988970190053806e-06,8.942648577203726745e-08,9.999958276748657227e-01,3.103908454704651376e-07
1.527477255791609423e-09,1.170643372461199760e-06,1.988535913710620662e-08,9.999986886978149414e-01,5.542543846104308614e-08
6.212405589955949381e-10,5.633986006614577491e-07,7.275520186311723592e-09,9.999993443489074707e-01,1.562878182426175044e-08
3.792941793978599208e-10,5.048081561653816607e-07,4.972472655850879164e-09,9.999995231628417969e-01,9.732361583303372754e-09
3.540782111954854372e-10,5.686573558705276810e-07,5.106028044821186995e-09,9.999993443489074707e-01,9.492561403590116242e-09
4.482777760106415599e-10,5.832501983604743145e-07,4.843750289751369564e-09,9.999993443489074707e-01,8.578972199302370427e-09
7.278181946013262404e-10,7.646475523870321922e-07,5.528751234606943399e-09,9.999992847442626953e-01,1.047768893869260864e-08
1.461579524075773406e-09,1.038529035213286988e-06,8.049627631123712490e-09,9.999989271163940430e-01,1.628546186793755624e-08
3.105468326936033918e-09,1.230718908118433319e-06,1.275384509114019238e-08,9.999988079071044922e-01,2.659777997848777886e-08
5.708215233823921153e-09,1.351886567135807127e-06,2.020590450513282121e-08,9.999985694885253906e-01,4.171619849557828275e-08
9.252384636226906878e-09,1.360558712804049719e-06,2.848130975507956464e-08,9.999985694885253906e-01,5.785184242768082186e-08
1.324665621638132507e-08,1.238616164300765377e-06,3.319162544812570559e-08,9.999986886978149414e-01,6.432529886524207541e-08
1.808484206833327335e-08,1.223798335558967665e-06,3.560160166671266779e-08,9.999986886978149414e-01,6.676243202718978864e-08
2.171754331925512815e-08,1.374495127492991742e-06,4.004285258929485281e-08,9.999984502792358398e-01,7.614888630769200972e-08
2.494758355453541299e-08,1.670048163759929594e-06,4.891576210752646148e-08,9.999982118606567383e-01,9.531954958674759837e-08
2.525172249079332687e-08,2.016288590311887674e-06,5.731007135523213947e-08,9.999977350234985352e-01,1.166293515098004718e-07
2.157045386752542981e-08,2.402634208920062520e-06,6.431278620766534004e-08,9.999973773956298828e-01,1.457551377370691625e-07
1.806026261874649208e-08,2.657004415596020408e-06,7.332097595735831419e-08,9.999971389770507812e-01,1.847489983219929854e-07
1.748365185960665258e-08,2.983973445225274190e-06,8.604655477029155008e-08,9.999966621398925781e-01,2.317563314591097878e-07
1.898534840449883632e-08,3.433546680753352121e-06,1.003937128984944138e-07,9.999961256980895996e-01,2.884130196889600484e-07
1.885978662130582961e-08,3.681143653011531569e-06,1.152332060883054510e-07,9.999958276748657227e-01,3.638567136476922315e-07
1.857189069198739162e-08,3.616018148022703826e-06,1.192943983596705948e-07,9.999958276748657227e-01,4.168372811363951769e-07
1.787326020519230951e-08,3.700597744682454504e-06,1.167636725085685612e-07,9.999957084655761719e-01,4.490674712087638909e-07
1.861984344486700138e-08,3.786675051742349751e-06,1.147323018813040107e-07,9.999955892562866211e-01,4.734687308882712387e-07
2.231736218050173193e-08,4.034575340483570471e-06,1.222838790226887795e-07,9.999952316284179688e-01,5.516606620403763372e-07
3.207882315336973988e-08,4.990109573554946110e-06,1.541539376148648444e-07,9.999939799308776855e-01,7.526822400905075483e-07
4.895169780638752854e-08,5.969253379589645192e-06,1.968183198641781928e-07,9.999928474426269531e-01,9.691561899671796709e-07
9.405463430312011042e-08,6.979249974392587319e-06,2.790382040984695777e-07,9.999912977218627930e-01,1.328656139776285272e-06
2.343417691008653492e-07,8.700217222212813795e-06,4.617758406766370172e-07,9.999885559082031250e-01,2.020093688770430163e-06
7.974062441462592687e-07,1.004080786515260115e-05,6.540470280924637336e-07,9.999860525131225586e-01,2.466070100126671605e-06
2.409890385024482384e-06,1.127784162235911936e-05,9.315655233876896091e-07,9.999823570251464844e-01,2.955806394311366603e-06
3.549877874320372939e-06,1.447518116037826985e-05,1.420577518729260191e-06,9.999761581420898438e-01,4.422383426572196186e-06
2.564581109254504554e-06,2.214982487203087658e-05,2.296625098097138107e-06,9.999643564224243164e-01,8.609023097960744053e-06
1.558089252284844406e-06,3.708647636813111603e-05,3.780551878662663512e-06,9.999380111694335938e-01,1.954137405846267939e-05
9.436258210371306632e-07,5.787036207038909197e-05,5.725397386413533241e-06,9.998946189880371094e-01,4.081555744051001966e-05
8.310903467645402998e-07,8.658091246616095304e-05,7.962910785863641649e-06,9.998314976692199707e-01,7.319219002965837717e-05
1.061182842931884807e-06,1.145204005297273397e-04,1.023647291731322184e-05,9.997733831405639648e-01,1.007413447950966656e-04
1.377599915031169076e-06,1.072625309461727738e-04,8.508270184393040836e-06,9.998116493225097656e-01,7.118019857443869114e-05
1.740385300763591658e-06,9.406303433934226632e-05,5.425807103165425360e-06,9.998604059219360352e-01,3.841301077045500278e-05
1.428624614163709339e-06,8.721904305275529623e-05,3.831618414551485330e-06,9.998835325241088867e-01,2.393268368905410171e-05
8.934529773796384688e-07,9.546588989906013012e-05,2.673893277460592799e-06,9.998849630355834961e-01,1.603979580977465957e-05
5.808261676065740176e-07,9.013849921757355332e-05,1.976573457795893773e-06,9.998961687088012695e-01,1.120810611610068008e-05
3.883043007135711377e-07,9.507592767477035522e-05,2.157841663574799895e-06,9.998899698257446289e-01,1.236643402080517262e-05
3.457964226072363090e-07,1.157009464805014431e-04,2.552517571530188434e-06,9.998649358749389648e-01,1.644019357627257705e-05
4.127608406179206213e-07,1.652664504945278168e-04,3.697959073178935796e-06,9.998005032539367676e-01,3.006019323947839439e-05
6.528604785671632271e-07,2.670165267772972584e-04,6.598777872568462044e-06,9.996455907821655273e-01,8.008701115613803267e-05
1.077742808774928562e-06,3.330110921524465084e-04,1.027209873427636921e-05,9.994900226593017578e-01,1.656010717852041125e-04
2.291383452757145278e-06,4.741806769743561745e-04,2.109429078700486571e-05,9.989665150642395020e-01,5.358518101274967194e-04
6.015136023052036762e-06,7.899955962784588337e-04,4.166370126768015325e-05,9.976382851600646973e-01,1.523904735222458839e-03
1.461359443055698648e-05,1.252064481377601624e-03,1.263645681319758296e-04,9.919832944869995117e-01,6.623661145567893982e-03
1.846778286562766880e-05,1.647152705118060112e-03,2.455004141665995121e-04,9.835579395294189453e-01,1.453086081892251968e-02
1.441166841686936095e-05,1.672760467045009136e-03,2.184731856686994433e-04,9.862803816795349121e-01,1.181398425251245499e-02
9.195537131745368242e-06,1.717959181405603886e-03,1.403221685905009508e-04,9.918512701988220215e-01,6.281175650656223297e-03
6.755018603143980727e-06,2.010782482102513313e-03,1.169345705420710146e-04,9.932297468185424805e-01,4.635690711438655853e-03
6.275729447224875912e-06,2.537399763241410255e-03,1.064984753611497581e-04,9.936983585357666016e-01,3.651507664471864700e-03
6.980401394685031846e-06,3.449104726314544678e-03,1.255204551853239536e-04,9.924844503402709961e-01,3.933900035917758942e-03
8.601628906035330147e-06,4.752509761601686478e-03,1.791432005120441318e-04,9.894062280654907227e-01,5.653430707752704620e-03
1.157950464403256774e-05,6.315422244369983673e-03,3.025387995876371861e-04,9.827440381050109863e-01,1.062639709562063217e-02
1.594788227521348745e-05,9.086925536394119263e-03,4.680350248236209154e-04,9.712334871292114258e-01,1.919565536081790924e-02
2.097681499435566366e-05,1.200709678232669830e-02,5.738013423979282379e-04,9.629700183868408203e-01,2.442811615765094757e-02
2.607580972835421562e-05,1.578104309737682343e-02,6.978611345402896404e-04,9.542776942253112793e-01,2.921720221638679504e-02
3.044985533051658422e-05,1.982843317091464996e-02,9.171313722617924213e-04,9.398272037506103516e-01,3.939684107899665833e-02
3.523044142639264464e-05,1.953785866498947144e-02,1.327355625107884407e-03,9.174859523773193359e-01,6.161363050341606140e-02
3.665755502879619598e-05,1.746721565723419189e-02,1.647894154302775860e-03,9.013221263885498047e-01,7.952614873647689819e-02
3.444108369876630604e-05,1.446694415062665939e-02,1.523243612609803677e-03,9.167642593383789062e-01,6.721103936433792114e-02
3.569505133782513440e-05,1.239902153611183167e-02,1.397613668814301491e-03,9.338939189910888672e-01,5.227373167872428894e-02
4.159275704296305776e-05,9.370025247335433960e-03,1.144540729001164436e-03,9.524511098861694336e-01,3.699274733662605286e-02
5.082344796392135322e-05,6.462949793785810471e-03,9.306177380494773388e-04,9.662148952484130859e-01,2.634072303771972656e-02
7.211354386527091265e-05,4.722408484667539597e-03,9.844235610216856003e-04,9.661596417427062988e-01,2.806142345070838928e-02
1.248729677172377706e-04,4.100845661014318466e-03,1.375052961520850658e-03,9.474965333938598633e-01,4.690262302756309509e-02
1.937629858730360866e-04,3.322908189147710800e-03,1.341836410574615002e-03,9.323767423629760742e-01,6.276469677686691284e-02
2.324470697203651071e-04,2.294758800417184830e-03,1.238577882759273052e-03,9.092878103256225586e-01,8.694646507501602173e-02
3.084452264010906219e-02,2.520994283258914948e-03,1.131440629251301289e-03,8.656820654869079590e-01,9.982098639011383057e-02
