1.006814651191234589e-02,8.372882604598999023e-01,5.943509936332702637e-02,3.686439990997314453e-02,5.634411424398422241e-02
1.720811414998024702e-04,9.887577295303344727e-01,5.100174341350793839e-03,1.812565256841480732e-03,4.157442133873701096e-03
1.244717441295506433e-05,9.984520673751831055e-01,7.141348905861377716e-04,2.050905895885080099e-04,6.162321660667657852e-04
2.413073161733336747e-06,9.996196031570434570e-01,1.713909732643514872e-04,4.675007949117571115e-05,1.598289381945505738e-04
1.468957179895369336e-06,9.998101592063903809e-01,7.148196891648694873e-05,2.630793460411950946e-05,9.061910532182082534e-05
8.925894121603050735e-07,9.998790025711059570e-01,3.906491838279180229e-05,1.723159039102029055e-05,6.375339580699801445e-05
8.190641551664157305e-07,9.999002218246459961e-01,2.862862493202555925e-05,1.357621113129425794e-05,5.673281339113600552e-05
6.267358685363433324e-07,9.999307394027709961e-01,1.865490594354923815e-05,8.583886483393143862e-06,4.135338895139284432e-05
4.493257961257768329e-07,9.999564886093139648e-01,1.055006850947393104e-05,5.392601451603695750e-06,2.709131695155519992e-05
2.855674381407879991e-07,9.999740719795227051e-01,5.257217708276584744e-06,4.290758624847512692e-06,1.602924385224469006e-05
1.742859154774123454e-07,9.999824166297912598e-01,3.010424507010611705e-06,4.050744792039040476e-06,1.026263998937793076e-05
1.137873510970166535e-07,9.999874830245971680e-01,2.036304294961155392e-06,3.517401864883140661e-06,6.801639301556861028e-06
9.410469914428176708e-08,9.999901056289672852e-01,1.489770738771767356e-06,3.176862492182408459e-06,5.057446742284810171e-06
8.970221898607633193e-08,9.999921321868896484e-01,1.151711785496445373e-06,2.781265720841474831e-06,3.894036581186810508e-06
9.240221032769113663e-08,9.999926090240478516e-01,1.042513190441241022e-06,2.592765895315096714e-06,3.648885922302724794e-06
2.604615758627915056e-07,9.999809265136718750e-01,2.370309857724350877e-06,6.586643394257407635e-06,9.836849130806513131e-06
3.386650178072159179e-07,9.999703168869018555e-01,3.152362523906049319e-06,1.073622570402221754e-05,1.550741944811306894e-05
1.738221442337817280e-07,9.999769926071166992e-01,2.666335376488859765e-06,7.922446457087062299e-06,1.224541483679786325e-05
1.095876882573065814e-07,9.999845623970031738e-01,2.086121412503416650e-06,4.986351541447220370e-06,8.188389074348378927e-06
9.445446380595967639e-08,9.999887943267822266e-01,1.640394430069136433e-06,3.433399342611664906e-06,6.027309154887916520e-06
1.035823302686367242e-07,9.999896883964538574e-01,1.511310301793855615e-06,3.189536755598965101e-06,5.366426648834021762e-06
1.220010545921468292e-07,9.999899268150329590e-01,1.322768298450682778e-06,3.521436383380205370e-06,4.995356903236825019e-06
1.405261684794822941e-07,9.999899268150329590e-01,1.213069822370016482e-06,3.992061010649194941e-06,4.744041234516771510e-06
1.259453341617700062e-07,9.999917745590209961e-01,8.621260008112585638e-07,3.615407877077814192e-06,3.702398089444614016e-06
8.810356177946232492e-08,9.999935626983642578e-01,6.513101880045724101e-07,2.811783588185789995e-06,2.799109779516584240e-06
6.343925207374923048e-08,9.999945163726806641e-01,6.114958068792475387e-07,2.363903377045062371e-06,2.414401478745276108e-06
1.693343563147209352e-07,9.999864101409912109e-01,1.434072373740491457e-06,5.644244538416387513e-06,6.427514108509058133e-06
1.181685576057134313e-07,9.999873638153076172e-01,1.335430852122954093e-06,5.397833774622995406e-06,5.775433237431570888e-06
6.787215056647255551e-08,9.999911785125732422e-01,1.003017928269400727e-06,3.810522912317537703e-06,3.942542662116466090e-06
6.185147327641971060e-08,9.999914169311523438e-01,9.840625807555625215e-07,3.705704330059234053e-06,3.866840415867045522e-06
6.721627698880183743e-08,9.999909996986389160e-01,1.019883484332240187e-06,3.729675199792836793e-06,4.117796834179898724e-06
7.072423358067680965e-08,9.999898672103881836e-01,1.095683160201588180e-06,4.181824806437361985e-06,4.753184384753694758e-06
4.954620180797064677e-08,9.999905824661254883e-01,1.121891045841039158e-06,3.634254881035303697e-06,4.673200237448327243e-06
3.838021811475300638e-08,9.999915361404418945e-01,1.114368160415324382e-06,2.871569904527859762e-06,4.437241386767709628e-06
3.505954992988336016e-08,9.999915361404418945e-01,1.109210870708920993e-06,2.697045147215249017e-06,4.550280664261663333e-06
3.333392584181638085e-08,9.999914169311523438e-01,1.094583353733469266e-06,2.771276058410876431e-06,4.703093054558848962e-06
2.940261722983450454e-08,9.999917745590209961e-01,9.710398671813891269e-07,3.005066446348791942e-06,4.285009254090255126e-06
3.063412634674023138e-08,9.999917149543762207e-01,9.179560152006160934e-07,3.332341066197841428e-06,4.002929927082732320e-06
2.890186223680757394e-08,9.999924898147583008e-01,7.615807362526538782e-07,3.534851430231356062e-06,3.182077762176049873e-06
2.881654381781117991e-08,9.999924898147583008e-01,7.016097356427053455e-07,4.078075107827316970e-06,2.773782853182638064e-06
2.552916811282557319e-08,9.999929070472717285e-01,6.726562560288584791e-07,3.990622190030990168e-06,2.447002543704002164e-06
2.511962016171764844e-08,9.999935626983642578e-01,6.392069167304725852e-07,3.426203193157562055e-06,2.336031002414529212e-06
2.291673872889532504e-08,9.999942183494567871e-01,6.168928052829869557e-07,2.715224127314286307e-06,2.340520040888804942e-06
2.465021253783561406e-08,9.999943971633911133e-01,6.473852067756524775e-07,2.471336756570963189e-06,2.459120878484100103e-06
3.032230466715191142e-08,9.999936819076538086e-01,8.060013669819454663e-07,2.407721922281780280e-06,3.092502083745785058e-06
2.962237211079354893e-08,9.999935626983642578e-01,8.189853133444557898e-07,2.233840177723322995e-06,3.279830252722604200e-06
2.551650979398800700e-08,9.999933242797851562e-01,8.851973234413890168e-07,2.298138952028239146e-06,3.514819809424807318e-06
2.503090001937380293e-08,9.999926090240478516e-01,9.708992365631274879e-07,2.586243681435007602e-06,3.827765340247424319e-06
3.167777151702466654e-08,9.999907612800598145e-01,1.192548893413913902e-06,3.202227844667504542e-06,4.704932507593184710e-06
3.725057595715952630e-08,9.999887943267822266e-01,1.429125973118061665e-06,3.890439529641298577e-06,5.814117230329429731e-06
3.901466882894055743e-08,9.999871253967285156e-01,1.683517211858998053e-06,4.345101842773146927e-06,6.856462732685031369e-06
3.660219860535107728e-08,9.999880194664001465e-01,1.365909952255606186e-06,4.393621566123329103e-06,6.123142611613729969e-06
2.802434906357120781e-08,9.999902248382568359e-01,9.837726793193724006e-07,4.120389348827302456e-06,4.649941274692537263e-06
2.382972930092819297e-08,9.999907016754150391e-01,8.411676049036032055e-07,4.465471647563390434e-06,4.049497420055558905e-06
2.173698021579184569e-08,9.999901056289672852e-01,7.426210117955633905e-07,5.420976322056958452e-06,3.760046183742815629e-06
2.018298772554771858e-08,9.999892711639404297e-01,7.847456799936480820e-07,6.030431450199102983e-06,3.839607416011858732e-06
1.703748608861133107e-08,9.999907612800598145e-01,7.203703944469452836e-07,4.923824235447682440e-06,3.520855216265772469e-06
1.307513386450409598e-08,9.999926090240478516e-01,5.599121095656300895e-07,3.824003215413540602e-06,2.956483058369485661e-06
1.401390559152559945e-08,9.999928474426269531e-01,5.474240083458425943e-07,3.453819545029546134e-06,3.135733322778833099e-06
1.544537475695051398e-08,9.999928474426269531e-01,5.614157316813361831e-07,3.369895239302422851e-06,3.255901901866309345e-06
1.765455337476851128e-08,9.999922513961791992e-01,6.582570790669706184e-07,3.464564315436291508e-06,3.586133516364498064e-06
2.073310589878474275e-08,9.999917149543762207e-01,7.535016948168049566e-07,3.688734068418852985e-06,3.832133643300039694e-06
2.231450935141765513e-08,9.999912977218627930e-01,8.185909905478183646e-07,3.665505346361896954e-06,4.129598892177455127e-06
2.434105894622007327e-08,9.999909400939941406e-01,9.021330811265215743e-07,3.611361989896977320e-06,4.500048817135393620e-06
2.700947021594402031e-08,9.999907612800598145e-01,9.497334190200490411e-07,3.524749217831413262e-06,4.616500973497750238e-06
2.943965426993599976e-08,9.999912977218627930e-01,9.283683084504446015e-07,3.313434945084736682e-06,4.418914159032283351e-06
2.940194399059237185e-08,9.999914169311523438e-01,9.320560252490395214e-07,3.206796691301860847e-06,4.345495653979014605e-06
3.198235631884926988e-08,9.999917745590209961e-01,9.070728310689446516e-07,3.019933728864998557e-06,4.282407189748482779e-06
8.396035866553575033e-08,9.999822974205017090e-01,1.794687705114483833e-06,6.812987521698232740e-06,9.119401511270552874e-06
6.928529927563431556e-08,9.999825954437255859e-01,1.763449745340039954e-06,7.299675871763611212e-06,8.297642125398851931e-06
4.117721985608113755e-08,9.999871253967285156e-01,1.281316826862166636e-06,5.893208708585007116e-06,5.682559731212677434e-06
3.587877728250532527e-08,9.999884366989135742e-01,1.186562371913169045e-06,5.599172709480626509e-06,4.710432222054805607e-06
3.297260775525501231e-08,9.999896287918090820e-01,1.118341288020019419e-06,5.134166258358163759e-06,4.068558155267965049e-06
3.035824036601297848e-08,9.999905824661254883e-01,1.043350607687898446e-06,4.492052084970055148e-06,3.819567609752994031e-06
3.538031734251489979e-08,9.999904632568359375e-01,1.105674982682103291e-06,4.422337042342405766e-06,4.038347924506524578e-06
3.744197485389122448e-08,9.999914169311523438e-01,1.000782049231929705e-06,3.764524080906994641e-06,3.686507852762588300e-06
3.787047120340503170e-08,9.999922513961791992e-01,8.428515343439357821e-07,3.432397534197662026e-06,3.377011580596445128e-06
3.761943290214730951e-08,9.999922513961791992e-01,7.510000727961596567e-07,3.750494443011120893e-06,3.292720293757156469e-06
3.118926983347591886e-08,9.999928474426269531e-01,6.296228889368649106e-07,3.551753707142779604e-06,2.934493977591046132e-06
2.480713234831455338e-08,9.999930858612060547e-01,5.745046109950635582e-07,3.535019914124859497e-06,2.709236014197813347e-06
2.089328710042082093e-08,9.999930858612060547e-01,5.669392066920408979e-07,3.658681180240819231e-06,2.651248678375850432e-06
2.088715156389753247e-08,9.999923706054687500e-01,6.562688668054761365e-07,3.886386366502847522e-06,3.000175411216332577e-06
2.042693658665939438e-08,9.999926090240478516e-01,6.422909564207657240e-07,3.653269914138945751e-06,2.991897872561821714e-06
1.866475329848071851e-08,9.999929070472717285e-01,5.926740982431510929e-07,3.663737061287974939e-06,2.757027914412901737e-06
1.962779982989104610e-08,9.999930858612060547e-01,5.901844701838854235e-07,3.632290372479474172e-06,2.776373548840638250e-06
1.956993500584758294e-08,9.999930858612060547e-01,5.779264711236464791e-07,3.584253136068582535e-06,2.762452140814275481e-06
2.327447212735478388e-08,9.999922513961791992e-01,6.772056622139643878e-07,3.966907115682261065e-06,3.099576360909850337e-06
2.237037755037363240e-08,9.999921321868896484e-01,7.156531296459434088e-07,4.108821485715452582e-06,3.110055331490002573e-06
2.770715568090054148e-08,9.999901056289672852e-01,9.063854236046609003e-07,5.163421519682742655e-06,3.858533546008402482e-06
2.199438320360513899e-08,9.999909996986389160e-01,8.003004836609761696e-07,4.623886070476146415e-06,3.446820755925728008e-06
1.480437195056083510e-08,9.999929070472717285e-01,6.004335091347456910e-07,3.946108790842117742e-06,2.463407099639880471e-06
1.136977978433151293e-08,9.999942183494567871e-01,4.254443410900421441e-07,3.611465672292979434e-06,1.714279164843901526e-06
7.741753016432539880e-09,9.999952316284179688e-01,3.044761740511603421e-07,3.179675331921316683e-06,1.185648443424724974e-06
1.008613903508148724e-08,9.999947547912597656e-01,3.028344792710413458e-07,3.738528221219894476e-06,1.258311158380820416e-06
9.697155078924879490e-09,9.999948143959045410e-01,2.540502350711904000e-07,3.653628709798795171e-06,1.154527126345783472e-06
9.818538870831616805e-09,9.999949932098388672e-01,2.339710789556193049e-07,3.713363412316539325e-06,1.066920276571181603e-06
3.188648278751315956e-08,9.999871253967285156e-01,5.567121661442797631e-07,9.433212653675582260e-06,2.892880729632452130e-06
3.413763494108934538e-08,9.999856352806091309e-01,6.595433887923718430e-07,1.012047596304910257e-05,3.467016767899622209e-06
2.787029806938789989e-08,9.999872446060180664e-01,6.747823704245092813e-07,8.554818123229779303e-06,3.431611958149005659e-06
2.617333549892464362e-08,9.999872446060180664e-01,7.542766979895532131e-07,8.436633834207896143e-06,3.489067466944106854e-06
2.674479659958706179e-08,9.999864101409912109e-01,8.487268132739700377e-07,9.320548087998759001e-06,3.450928943493636325e-06
2.943746224559617986e-08,9.999853372573852539e-01,8.416378136644198094e-07,1.061196508089778945e-05,3.178359520461526699e-06
3.140063498108247586e-08,9.999845027923583984e-01,7.882018735472229309e-07,1.180468098027631640e-05,2.903430413425667211e-06
3.529094527721099439e-08,9.999824166297912598e-01,7.955035243867314421e-07,1.378202523483196273e-05,2.910785724452580325e-06
4.002154696536308620e-08,9.999804496765136719e-01,9.153404789685737342e-07,1.550005436001811177e-05,3.148898031213320792e-06
4.564236277815325593e-08,9.999785423278808594e-01,9.556927125231595710e-07,1.730728399707004428e-05,3.161168251608614810e-06
4.454510360574204242e-08,9.999793767929077148e-01,8.798160706646740437e-07,1.682269612501841038e-05,2.856956143659772351e-06
4.179623758204797923e-08,9.999802708625793457e-01,8.058898970375594217e-07,1.616367080714553595e-05,2.611867785162758082e-06
4.247355178677025833e-08,9.999802112579345703e-01,7.460538427039864473e-07,1.662537397351115942e-05,2.415573817415861413e-06
4.930825170390562562e-08,9.999769926071166992e-01,7.381387945315509569e-07,1.983514084713533521e-05,2.385833795415237546e-06
5.511192924245733593e-08,9.999743103981018066e-01,7.313713581424963195e-07,2.247864722448866814e-05,2.367524302826495841e-06
5.713674866569817823e-08,9.999737739562988281e-01,7.447046073139063083e-07,2.301825225003995001e-05,2.358026449655881152e-06
6.087595494363995385e-08,9.999755620956420898e-01,7.646351605217205361e-07,2.121368015650659800e-05,2.359239033467019908e-06
6.408588859585506725e-08,9.999771714210510254e-01,7.538934028161747847e-07,1.962910573638509959e-05,2.347185272810747847e-06
6.340477654021015042e-08,9.999802112579345703e-01,6.781919523746182676e-07,1.681023422861471772e-05,2.247636075480841100e-06
5.984762907473850646e-08,9.999819993972778320e-01,5.953149866400053725e-07,1.531515044916886836e-05,2.062432940874714404e-06
5.896958299445032026e-08,9.999824166297912598e-01,5.325154575075430330e-07,1.505891486885957420e-05,1.865966282821318600e-06
5.996063379143379279e-08,9.999815821647644043e-01,5.149629487277707085e-07,1.593059823790099472e-05,1.858950440691842232e-06
6.098798621678724885e-08,9.999808073043823242e-01,5.546290253732877318e-07,1.658687506278511137e-05,2.003453801080468111e-06
6.339159597246180056e-08,9.999812841415405273e-01,5.680026333720888942e-07,1.615205110283568501e-05,2.025058620347408578e-06
6.798551765996307950e-08,9.999815821647644043e-01,6.448066187658696435e-07,1.542864629300311208e-05,2.287228653585771099e-06
7.745035190964699723e-08,9.999806880950927734e-01,7.971530067152343690e-07,1.559924749017227441e-05,2.841709147105575539e-06
8.889793434718740173e-08,9.999793767929077148e-01,8.868805707606952637e-07,1.641077506064902991e-05,3.162467919537448324e-06
1.106162770270202600e-07,9.999774694442749023e-01,9.579064226272748783e-07,1.821781188482418656e-05,3.261355686845490709e-06
1.434668064348443295e-07,9.999751448631286621e-01,1.054749759532569442e-06,2.010717071243561804e-05,3.396490910745342262e-06
1.735365913191344589e-07,9.999734163284301758e-01,1.213206246575282421e-06,2.130908069375436753e-05,3.828320132015505806e-06
1.930094839508456062e-07,9.999721050262451172e-01,1.479877028032205999e-06,2.174893597839400172e-05,4.516493845585500821e-06
1.967809737379866419e-07,9.999718666076660156e-01,1.658400265114323702e-06,2.139321804861538112e-05,4.921007530356291682e-06
2.116102280069753760e-07,9.999710321426391602e-01,1.827665641940257046e-06,2.164120269299019128e-05,5.270430392556590959e-06
2.096699205367258401e-07,9.999704360961914062e-01,1.947145619851653464e-06,2.176852649427019060e-05,5.590960881818318740e-06
1.840513732531690039e-07,9.999710321426391602e-01,2.029519009738578461e-06,2.112464972015004605e-05,5.659288035531062633e-06
1.697864888683398021e-07,9.999700188636779785e-01,2.216841039626160637e-06,2.181276795454323292e-05,5.728362793888663873e-06
1.778897456006234279e-07,9.999680519104003906e-01,2.596742433524923399e-06,2.316635254828725010e-05,6.030609711160650477e-06
1.952054873299857718e-07,9.999691247940063477e-01,2.862296014427556656e-06,2.186639903811737895e-05,6.033951649442315102e-06
1.648382124130876036e-07,9.999747276306152344e-01,2.778606585707166232e-06,1.679475462879054248e-05,5.546229658648371696e-06
1.336550070618613972e-07,9.999799728393554688e-01,2.421695398879819550e-06,1.258668180526001379e-05,4.890895525022642687e-06
1.159442106768437952e-07,9.999824166297912598e-01,2.131939481841982342e-06,1.067490757122868672e-05,4.502821411733748391e-06
9.492512020869980915e-08,9.999848604202270508e-01,1.873687551778857596e-06,8.923795576265547425e-06,4.200923740427242592e-06
8.130068351874797372e-08,9.999860525131225586e-01,1.785113227015244775e-06,7.595306215080199763e-06,4.408483619045000523e-06
7.342355701211999985e-08,9.999852180480957031e-01,2.001761686187819578e-06,7.550118880317313597e-06,5.141128895047586411e-06
6.327272927819649340e-08,9.999845027923583984e-01,2.369654339418048039e-06,6.529592155857244506e-06,6.523224783450132236e-06
5.553591719831274531e-08,9.999837279319763184e-01,2.644029564180527814e-06,5.672397037415066734e-06,7.759556865494232625e-06
4.503976569480983017e-08,9.999839067459106445e-01,2.643610969244036824e-06,5.299314580042846501e-06,8.209946827264502645e-06
3.684960958594274416e-08,9.999839067459106445e-01,2.578695330157643184e-06,4.889804131380515173e-06,8.556735338061116636e-06
3.416532123878823768e-08,9.999839067459106445e-01,2.555572109486092813e-06,4.652402822102885693e-06,8.877204891177825630e-06
3.478226773268033867e-08,9.999837279319763184e-01,2.455945150359184481e-06,5.016458089812658727e-06,8.682421139383222908e-06
3.116001678904467553e-08,9.999850988388061523e-01,2.125368382621672936e-06,5.099709142086794600e-06,7.604272013850277290e-06
2.420503975031351729e-08,9.999881982803344727e-01,1.434662067367753480e-06,5.170576059754239395e-06,5.259459157969104126e-06
2.041602975566547684e-08,9.999893903732299805e-01,1.035032823892834131e-06,5.541022346733370796e-06,4.013985289930133149e-06
1.856324693960687000e-08,9.999890327453613281e-01,8.797799182502785698e-07,6.726309493387816474e-06,3.420023404032690451e-06
1.896265722223233752e-08,9.999867081642150879e-01,8.994940117190708406e-07,9.003337254398502409e-06,3.232564495192491449e-06
1.726174581051509449e-08,9.999862909317016602e-01,8.361129744116624352e-07,9.981042239814996719e-06,2.804207952067372389e-06
4.103029738189434283e-08,9.999661445617675781e-01,1.536853119432635140e-06,2.650873284437693655e-05,5.808292826259275898e-06
2.879665395028041530e-08,9.999697208404541016e-01,1.175220631921547465e-06,2.448560917400754988e-05,4.631194315152242780e-06
1.759408085888480855e-08,9.999748468399047852e-01,7.936553174658911303e-07,2.096491334668826312e-05,3.405569486858439632e-06
1.309904718027610215e-08,9.999747276306152344e-01,6.856871550553478301e-07,2.165016303479205817e-05,2.891586973419180140e-06
9.565169101222181780e-09,9.999802708625793457e-01,5.259511794974969234e-07,1.702598092379048467e-05,2.071271183012868278e-06
8.680313356990154716e-09,9.999819993972778320e-01,4.371476336473278934e-07,1.601517215021885931e-05,1.639750053072930314e-06
8.953516150711493538e-09,9.999842643737792969e-01,4.157268733706587227e-07,1.376433192490367219e-05,1.567392018841928802e-06
8.824343922242405824e-09,9.999868869781494141e-01,3.919227538062841631e-07,1.123750644183019176e-05,1.509191633886075579e-06
8.590876454661611206e-09,9.999896287918090820e-01,3.563987434063164983e-07,8.534560038242489100e-06,1.433008833373605739e-06
8.529176476201882906e-09,9.999907612800598145e-01,3.377892596745368792e-07,7.349494353547925130e-06,1.395704771312011871e-06
9.405781931093315507e-09,9.999903440475463867e-01,3.838459292637708131e-07,7.767967872496228665e-06,1.516907104814890772e-06
1.231410351465456188e-08,9.999883174896240234e-01,5.126046858094923664e-07,9.354939720651600510e-06,1.826870970944582950e-06
1.710948716038274142e-08,9.999856352806091309e-01,6.695949537061096635e-07,1.140091535489773378e-05,2.191218754887813702e-06
2.466836868109112402e-08,9.999828338623046875e-01,8.066149916885478888e-07,1.386470830766484141e-05,2.510230615371256135e-06
3.428517203474257258e-08,9.999799728393554688e-01,8.412084753217641264e-07,1.661304304434452206e-05,2.561103201514924876e-06
4.644653373020446452e-08,9.999766349792480469e-01,8.360165111298556440e-07,1.986980714718811214e-05,2.589580617495812476e-06
5.244022815986681962e-08,9.999740719795227051e-01,7.732397193649376277e-07,2.269733340654056519e-05,2.440000116621376947e-06
5.742989372947704396e-08,9.999710321426391602e-01,7.801148171893146355e-07,2.573193705757148564e-05,2.434939688100712374e-06
5.648713852224318543e-08,9.999708533287048340e-01,7.632763754372717813e-07,2.603637403808534145e-05,2.320005705769290216e-06
6.444847855391344638e-08,9.999694824218750000e-01,7.982012562024465296e-07,2.724272417253814638e-05,2.339638513149111532e-06
7.768189647094914108e-08,9.999670386314392090e-01,8.429262834397377446e-07,2.957522156066261232e-05,2.371607706663780846e-06
1.004128620252231485e-07,9.999622106552124023e-01,9.559361160427215509e-07,3.412844307604245842e-05,2.579851297923596576e-06
1.105443558913066227e-07,9.999605417251586914e-01,9.593518370820675045e-07,3.577871757443062961e-05,2.597029606477008201e-06
1.327853738075646106e-07,9.999565482139587402e-01,9.310788300354033709e-07,3.966856093029491603e-05,2.601905862320563756e-06
1.576576522666073288e-07,9.999502897262573242e-01,8.550132406526245177e-07,4.616459773387759924e-05,2.595591013232478872e-06
1.606052109082156676e-07,9.999492168426513672e-01,8.558934609936841298e-07,4.700526551459915936e-05,2.759479684755206108e-06
1.445924482368354802e-07,9.999563097953796387e-01,8.752024882596742827e-07,3.968978853663429618e-05,2.903987024183152243e-06
1.232585873367497697e-07,9.999674558639526367e-01,9.178623372463334817e-07,2.840621345967520028e-05,3.155947979394113645e-06
9.634827335958107142e-08,9.999740719795227051e-01,9.446144417779578362e-07,2.153143759642262012e-05,3.287213985458947718e-06
7.704062454649829306e-08,9.999774694442749023e-01,9.903345699058263563e-07,1.806103136914316565e-05,3.399005436222068965e-06
6.627107040912960656e-08,9.999783635139465332e-01,1.017552790472109336e-06,1.719719693937804550e-05,3.360927848916617222e-06
6.991120216071067262e-08,9.999764561653137207e-01,1.152539198301383294e-06,1.868871913757175207e-05,3.526847422108403407e-06
7.679079061517768423e-08,9.999766349792480469e-01,1.311144615101511590e-06,1.820977013267111033e-05,3.734715164682711475e-06
8.583265298511832952e-08,9.999793767929077148e-01,1.444836243535974063e-06,1.530365989310666919e-05,3.871275566780241206e-06
1.024943472316408588e-07,9.999790787696838379e-01,1.875918997029657476e-06,1.429378880857257172e-05,4.689983143180143088e-06
1.108069582755888405e-07,9.999778270721435547e-01,2.487251776983612217e-06,1.396620245941448957e-05,5.663629053742624819e-06
1.061694447912486794e-07,9.999750852584838867e-01,3.323454620840493590e-06,1.472458734497195110e-05,6.699440746160689741e-06
8.961875863633395056e-08,9.999760389328002930e-01,3.630596665971097536e-06,1.335292745352489874e-05,6.920526629983214661e-06
7.536356605442051659e-08,9.999772906303405762e-01,3.502613026284961961e-06,1.234803767147241160e-05,6.652365755144273862e-06
6.690954990062891738e-08,9.999779462814331055e-01,3.422013605813845061e-06,1.188470105262240395e-05,6.674385076621547341e-06
6.627156778904463863e-08,9.999767541885375977e-01,3.959060904890066013e-06,1.105426690628519282e-05,8.091216841421555728e-06
6.733510105050299899e-08,9.999766349792480469e-01,4.194994289719033986e-06,1.015569705486996099e-05,9.000418685900513083e-06
5.259338564655990922e-08,9.999794363975524902e-01,3.574524271243717521e-06,9.076470632862765342e-06,7.762065251881722361e-06
5.291284921327132906e-08,9.999799728393554688e-01,3.522605084071983583e-06,8.800800060271285474e-06,7.644488505320623517e-06
7.475854602034814889e-08,9.999756813049316406e-01,4.492052084970055148e-06,1.016244095808360726e-05,9.665658581070601940e-06
1.120626720307882351e-07,9.999681115150451660e-01,6.271475285757333040e-06,1.200341375806601718e-05,1.337686353508615866e-05
1.377756859710643766e-07,9.999624490737915039e-01,7.987728167790919542e-06,1.323821561527438462e-05,1.622402487555518746e-05
1.467400778665250982e-07,9.999641180038452148e-01,7.303192433028016239e-06,1.382649497827515006e-05,1.455344317946583033e-05
1.366995974194651353e-07,9.999688267707824707e-01,5.767820766777731478e-06,1.410973072779597715e-05,1.125450580730102956e-05
1.249209020670605241e-07,9.999694824218750000e-01,5.282220172375673428e-06,1.515208987257210538e-05,9.941296411852817982e-06
1.595472696180877392e-07,9.999616146087646484e-01,6.410098649212159216e-06,2.039654282270930707e-05,1.145778060163138434e-05
2.470833351253531873e-07,9.999518394470214844e-01,7.860875484766438603e-06,2.663861232576891780e-05,1.341080223937751725e-05
3.002094217663398013e-07,9.999449849128723145e-01,9.041946213983464986e-06,3.059460868826135993e-05,1.499946120020467788e-05
2.576483950633701170e-07,9.999492168426513672e-01,7.863627615734003484e-06,2.941517232102341950e-05,1.325289304077159613e-05
2.082139332060251036e-07,9.999548196792602539e-01,6.422771548386663198e-06,2.731475979089736938e-05,1.123060610552784055e-05
1.959289477326819906e-07,9.999568462371826172e-01,5.737416813644813374e-06,2.710136686800979078e-05,1.018647617456736043e-05
2.223785173782744096e-07,9.999525547027587891e-01,6.306116574705811217e-06,2.980363206006586552e-05,1.110559969674795866e-05
2.759512369721051073e-07,9.999430179595947266e-01,9.032863090396858752e-06,3.295222632004879415e-05,1.481113122281385586e-05
2.871943820537126157e-07,9.999438524246215820e-01,1.096066171157872304e-05,2.890868927352130413e-05,1.588675149832852185e-05
2.907216583025729051e-07,9.999506473541259766e-01,1.040273127728141844e-05,2.432206929370295256e-05,1.437309947505127639e-05
2.796738840515899938e-07,9.999554157257080078e-01,9.682865311333443969e-06,2.130412212864030153e-05,1.328145026491256431e-05
2.917685151260229759e-07,9.999514222145080566e-01,1.174779754364863038e-05,2.194993066950701177e-05,1.452274682378629223e-05
2.881779437302611768e-07,9.999456405639648438e-01,1.362530474580125883e-05,2.469234277668874711e-05,1.577497096150182188e-05
2.728309880239976337e-07,9.999403953552246094e-01,1.470854567742208019e-05,2.836541716533247381e-05,1.623391472094226629e-05
3.160226071940996917e-07,9.999285340309143066e-01,1.730365147523116320e-05,3.586737511795945466e-05,1.787906694517005235e-05
4.235877213432104327e-07,9.999137520790100098e-01,2.095481977448798716e-05,4.562597678159363568e-05,1.911527760967146605e-05
4.814741032532765530e-07,9.999147057533264160e-01,1.888699262053705752e-05,4.978974538971669972e-05,1.619125760043971241e-05
4.255458065927086864e-07,9.999256134033203125e-01,1.430884640285512432e-05,4.691032154369167984e-05,1.266242361452896148e-05
3.284106924184015952e-07,9.999354481697082520e-01,1.068312576535390690e-05,4.323535176808945835e-05,1.037700894812587649e-05
2.611911327221605461e-07,9.999414682388305664e-01,9.515152669337112457e-06,3.876601476804353297e-05,1.001220789476064965e-05
3.438526050558721181e-07,9.999254941940307617e-01,1.271141354663996026e-05,4.886832539341412485e-05,1.256221912626642734e-05
6.373326755237940233e-07,9.998676776885986328e-01,2.469036371621768922e-05,8.618046558694913983e-05,2.079724072245880961e-05
9.430438012714148499e-07,9.997997879981994629e-01,4.216499291942454875e-05,1.269703934667631984e-04,3.017367271240800619e-05
1.034109345710021444e-06,9.997507929801940918e-01,6.468329956987872720e-05,1.440608175471425056e-04,3.936372377211228013e-05
1.033706098496622872e-06,9.997326135635375977e-01,9.035641414811834693e-05,1.286835031351074576e-04,4.739173164125531912e-05
9.768990594238857739e-07,9.997788071632385254e-01,8.445010462310165167e-05,9.442695591133087873e-05,4.138708027312532067e-05
1.219067826241371222e-06,9.997795224189758301e-01,8.742932550376281142e-05,9.285516716772690415e-05,3.898319118889048696e-05
1.596138417880865745e-06,9.998016357421875000e-01,7.592724432470276952e-05,8.980969141703099012e-05,3.099285459029488266e-05
2.103062570313340984e-06,9.998124241828918457e-01,6.643861706834286451e-05,9.308321023127064109e-05,2.603212851681746542e-05
2.782671799650415778e-06,9.997984170913696289e-01,7.303502206923440099e-05,9.847338515101000667e-05,2.730335290834773332e-05
3.816676326096057892e-06,9.997394680976867676e-01,1.019484843709506094e-04,1.207239401992410421e-04,3.403025766601786017e-05
5.917188445891952142e-06,9.995802640914916992e-01,1.921775547089055181e-04,1.679870474617928267e-04,5.360219802241772413e-05
8.862900358508341014e-06,9.992948174476623535e-01,3.907669452019035816e-04,2.123206795658916235e-04,9.329792374046519399e-05
2.248486453026998788e-05,9.980535507202148438e-01,1.293917070142924786e-03,4.049208073411136866e-04,2.251446421723812819e-04
8.867394353728741407e-05,9.900407791137695312e-01,7.838669233024120331e-03,1.143406727351248264e-03,8.884044364094734192e-04
2.203875192208215594e-04,9.587708115577697754e-01,3.647868707776069641e-02,1.854064874351024628e-03,2.675998024642467499e-03
3.370184858795255423e-04,9.129995107650756836e-01,8.092088252305984497e-02,2.016834914684295654e-03,3.725629998371005058e-03
3.524441854096949100e-04,8.970659375190734863e-01,9.763976186513900757e-02,1.943704206496477127e-03,2.998156240209937096e-03
3.533399139996618032e-04,8.785572052001953125e-01,1.157512590289115906e-01,2.473294036462903023e-03,2.864927519112825394e-03
3.409739001654088497e-04,8.913026452064514160e-01,1.021714806556701660e-01,3.895864589139819145e-03,2.289114054292440414e-03
2.870513417292386293e-04,9.125358462333679199e-01,7.911031693220138550e-02,6.377924233675003052e-03,1.688833814114332199e-03
2.706746745388954878e-04,9.327567219734191895e-01,5.433384701609611511e-02,1.147091202437877655e-02,1.167767215520143509e-03
2.537600521463900805e-04,9.409583806991577148e-01,3.616629168391227722e-02,2.174020558595657349e-02,8.813744061626493931e-04
2.260105393361300230e-04,9.357600212097167969e-01,2.388123422861099243e-02,3.940994665026664734e-02,7.227634778246283531e-04
2.066748857032507658e-04,9.062698483467102051e-01,1.710772886872291565e-02,7.575266063213348389e-02,6.630948046222329140e-04
1.864680380094796419e-04,8.363662362098693848e-01,1.323904376477003098e-02,1.495356410741806030e-01,6.726916180923581123e-04
1.590393512742593884e-04,7.198392748832702637e-01,9.776359423995018005e-03,2.696029245853424072e-01,6.223436794243752956e-04
1.128054791479371488e-04,6.414567232131958008e-01,6.617388688027858734e-03,3.512956500053405762e-01,5.173975951038300991e-04
8.101273124339058995e-05,5.793913006782531738e-01,4.960265941917896271e-03,4.151005148887634277e-01,4.668893234338611364e-04
7.140177331166341901e-05,5.181254148483276367e-01,4.250502213835716248e-03,4.771233797073364258e-01,4.292697412893176079e-04
7.061489304760470986e-05,4.718427658081054688e-01,3.597701666876673698e-03,5.241045355796813965e-01,3.843723679892718792e-04
6.519142334582284093e-05,4.079457223415374756e-01,2.761837327852845192e-03,5.888833999633789062e-01,3.438299754634499550e-04
5.304581281961873174e-05,3.410400152206420898e-01,2.198287285864353180e-03,6.563763618469238281e-01,3.322424890939146280e-04
4.626901136361993849e-05,2.908670008182525635e-01,1.861263066530227661e-03,7.069143056869506836e-01,3.110921534243971109e-04
4.638887912733480334e-05,2.779470682144165039e-01,1.797025557607412338e-03,7.199030518531799316e-01,3.064566990360617638e-04
4.373061165097169578e-05,2.214008718729019165e-01,1.646870747208595276e-03,7.765926718711853027e-01,3.158344770781695843e-04
4.363533662399277091e-05,1.715829372406005859e-01,1.410904456861317158e-03,8.266583085060119629e-01,3.041980089619755745e-04
4.253214137861505151e-05,1.542007625102996826e-01,1.392138306982815266e-03,8.440224528312683105e-01,3.421868605073541403e-04
4.614184217643924057e-05,1.961741745471954346e-01,1.684109214693307877e-03,8.016422986984252930e-01,4.532655584625899792e-04
5.544397208723239601e-05,2.686134278774261475e-01,2.222138224169611931e-03,7.284721136093139648e-01,6.369031616486608982e-04
1.152705299318768084e-04,3.708145022392272949e-01,2.709612250328063965e-03,6.256598830223083496e-01,7.007461972534656525e-04
1.772624091245234013e-04,4.105482399463653564e-01,3.075584536418318748e-03,5.854026079177856445e-01,7.962128729559481144e-04
1.805280917324125767e-04,4.828742146492004395e-01,4.217345733195543289e-03,5.115765929222106934e-01,1.151293632574379444e-03
1.227538887178525329e-04,6.438492536544799805e-01,4.974480252712965012e-03,3.498851954936981201e-01,1.168360933661460876e-03
8.478838572045788169e-05,7.214570641517639160e-01,4.670255817472934723e-03,2.728452682495117188e-01,9.426073520444333553e-04
4.926151450490579009e-05,7.863128185272216797e-01,3.391525940969586372e-03,2.094613611698150635e-01,7.849729154258966446e-04
3.817475953837856650e-05,8.173229098320007324e-01,2.378226025030016899e-03,1.796474605798721313e-01,6.132095004431903362e-04
2.595339901745319366e-05,8.513315320014953613e-01,1.553780981339514256e-03,1.465525478124618530e-01,5.361447110772132874e-04
2.073329596896655858e-05,8.755939006805419922e-01,1.100406632758677006e-03,1.227451413869857788e-01,5.398830398917198181e-04
1.860918564489111304e-05,8.884280920028686523e-01,8.557609980925917625e-04,1.101552844047546387e-01,5.422605900093913078e-04
1.857680763350799680e-05,8.879178762435913086e-01,7.352646207436919212e-04,1.107680201530456543e-01,5.602567689493298531e-04
2.266637966386042535e-05,8.718166351318359375e-01,6.245974800549447536e-04,1.270320564508438110e-01,5.040851538069546223e-04
2.127003608620725572e-05,8.688884377479553223e-01,4.856684245169162750e-04,1.301491856575012207e-01,4.554229672066867352e-04
1.996416904148645699e-05,8.572086691856384277e-01,4.029422998428344727e-04,1.419468373060226440e-01,4.215713415760546923e-04
2.760915594990365207e-05,7.531303167343139648e-01,3.653986204881221056e-04,2.460878193378448486e-01,3.888703940901905298e-04
3.807694884017109871e-05,5.225518941879272461e-01,2.634849806781858206e-04,4.768327474594116211e-01,3.138019237667322159e-04
3.731235483428463340e-05,2.396376878023147583e-01,1.285208709305152297e-04,7.600089311599731445e-01,1.875649031717330217e-04
2.394709008513018489e-05,9.108809381723403931e-02,5.287504973239265382e-05,9.087460041046142578e-01,8.899765816750004888e-05
1.211444941873196512e-05,2.805169671773910522e-02,1.926395088958088309e-05,9.718809127807617188e-01,3.597082468331791461e-05
5.989988039800664410e-06,8.132256567478179932e-03,6.589873464690754190e-06,9.918425679206848145e-01,1.265029368369141594e-05
4.572465968522010371e-06,3.061042865738272667e-03,2.849418933692504652e-06,9.969267845153808594e-01,4.653476480598328635e-06
7.836301847419235855e-06,3.210606751963496208e-03,2.619520955704501830e-06,9.967755675315856934e-01,3.344203150845714845e-06
1.669037919782567769e-05,4.485643934458494186e-03,4.011034889117581770e-06,9.954894185066223145e-01,4.222851202939637005e-06
1.551883906358852983e-05,4.480338189750909805e-03,7.033022939140209928e-06,9.954901337623596191e-01,7.056422873574774712e-06
7.580211331514874473e-06,3.915718290954828262e-03,1.194002561533125117e-05,9.960513710975646973e-01,1.332743249804480001e-05
3.674570507428143173e-06,3.095035208389163017e-03,1.531211273686494678e-05,9.968673586845397949e-01,1.852963578130584210e-05
2.110393779730657116e-06,2.239478053525090218e-03,1.547040119476150721e-05,9.977227449417114258e-01,2.028623930527828634e-05
1.239081711901235394e-06,1.901718089357018471e-03,1.415247788827400655e-05,9.980613589286804199e-01,2.144992868124973029e-05
8.072306059148104396e-07,1.525088213384151459e-03,1.101060479413717985e-05,9.984437823295593262e-01,1.936738226504530758e-05
5.997953280711953994e-07,9.520663297735154629e-04,7.194644695118768141e-06,9.990261197090148926e-01,1.396800053043989465e-05
4.298227054277958814e-07,5.049764877185225487e-04,4.206969606457278132e-06,9.994818568229675293e-01,8.597372470831032842e-06
2.407291219697071938e-07,2.585154143162071705e-04,2.265361899844720028e-06,9.997343420982360840e-01,4.594338861352298409e-06
1.384661771908213268e-07,1.576016802573576570e-04,1.305039404542185366e-06,9.998383522033691406e-01,2.648888084877398796e-06
1.016228523553763807e-07,1.299085415666922927e-04,9.247780781151959673e-07,9.998670816421508789e-01,1.912622565214405768e-06
6.740962987805687590e-08,1.115290069719776511e-04,6.841593744866258930e-07,9.998861551284790039e-01,1.518426870461553335e-06
4.256527219581585086e-08,8.836353663355112076e-05,5.005788352718809620e-07,9.999098777770996094e-01,1.196538391923240852e-06
2.926001307912429183e-08,6.965721695451065898e-05,3.973333946305501740e-07,9.999289512634277344e-01,1.013754967971181031e-06
2.572674695500154485e-08,6.261611997615545988e-05,3.746471008980734041e-07,9.999359846115112305e-01,9.904714488584431820e-07
2.702931034548328171e-08,4.716732291853986681e-05,3.246700543968472630e-07,9.999516010284423828e-01,8.352490681318158749e-07
3.142267956945943297e-08,3.350576662342064083e-05,2.651153465649258578e-07,9.999655485153198242e-01,6.532603151754301507e-07
3.837699935616001312e-08,2.716139715630561113e-05,2.393060754002362955e-07,9.999719262123107910e-01,5.688320356966869440e-07
3.830408701332999044e-08,2.458200651744846255e-05,2.385996253906341735e-07,9.999746084213256836e-01,5.804269562759145629e-07
3.808342796673969133e-08,2.272876372444443405e-05,2.477648024523659842e-07,9.999763965606689453e-01,6.016922498019994237e-07
3.971380735379170801e-08,1.938438254001084715e-05,2.443282198782981141e-07,9.999797344207763672e-01,5.911471703257120680e-07
4.148925469849018555e-08,1.982937101274728775e-05,2.682944284515542677e-07,9.999791979789733887e-01,6.843987989668676164e-07
4.556720512027823133e-08,1.944083123817108572e-05,2.934534393261856167e-07,9.999794363975524902e-01,7.513310151807672810e-07
5.169008332472913025e-08,1.866545790107920766e-05,3.239469492655189242e-07,9.999800920486450195e-01,8.139793408190598711e-07
7.778553623438710929e-08,1.904899909277446568e-05,3.578755638500297209e-07,9.999796152114868164e-01,8.861180162966775242e-07
9.482631213586500962e-08,2.101533755194395781e-05,4.143233809372759424e-07,9.999774694442749023e-01,1.014917643260559998e-06
1.125857380657180329e-07,2.035313445958308876e-05,4.520977370248147054e-07,9.999779462814331055e-01,1.048502554112928919e-06
1.299928555908991257e-07,1.900583083624951541e-05,4.356526801529980730e-07,9.999794363975524902e-01,9.652710559748811647e-07
1.299246861208303017e-07,1.896359208330977708e-05,4.037490839436941314e-07,9.999796152114868164e-01,9.111929557548137382e-07
1.200862271844016504e-07,1.854335278039798141e-05,3.928698788513429463e-07,9.999799728393554688e-01,9.297212386627506930e-07
9.596422501090273727e-08,2.063476676994469017e-05,4.302377476506080711e-07,9.999777078628540039e-01,1.106035711018193979e-06
8.845800181234153570e-08,2.707083331188187003e-05,5.375382556849217508e-07,9.999706745147705078e-01,1.601595613465178758e-06
7.544094415834479150e-08,2.843540642061270773e-05,5.652375421050237492e-07,9.999691247940063477e-01,1.786664824976469390e-06
6.464397728223048034e-08,2.650132591952569783e-05,5.132949354447191581e-07,9.999712705612182617e-01,1.630247993489319924e-06
6.056291113054612651e-08,2.371197479078546166e-05,4.574400236379005946e-07,9.999742507934570312e-01,1.469230369366414379e-06
6.515719519484264310e-08,2.396036143181845546e-05,4.572062550778355217e-07,9.999740123748779297e-01,1.503380985923286062e-06
8.562825115632222150e-08,2.814024992403574288e-05,6.247153123695170507e-07,9.999689459800720215e-01,2.193452019128017128e-06
2.279420954209854244e-07,4.701427315012551844e-05,1.299905648011190351e-06,9.999470710754394531e-01,4.484159035200718790e-06
6.100174800849345047e-07,7.352498505497351289e-05,2.767483465504483320e-06,9.999136924743652344e-01,9.433771083422470838e-06
6.126211360424349550e-07,7.991222082637250423e-05,4.558585260383551940e-06,9.998989105224609375e-01,1.603846612852066755e-05
3.824701764187921071e-07,8.284203795483335853e-05,6.388311703631188720e-06,9.998856186866760254e-01,2.485844379407353699e-05
2.113165891159951570e-07,7.133214967325329781e-05,6.764927547919796780e-06,9.998943805694580078e-01,2.731392669375054538e-05
1.198527144197214511e-07,6.228605343494564295e-05,5.932636668148916215e-06,9.999075531959533691e-01,2.396817944827489555e-05
7.616065289539619698e-08,5.401693852036260068e-05,4.591776360030053183e-06,9.999235868453979492e-01,1.773286021489184350e-05
6.813519348725094460e-08,5.350602805265225470e-05,3.612726231949636713e-06,9.999300241470336914e-01,1.278838135476689786e-05
8.122210459760026424e-08,5.596708797384053469e-05,3.795678139795199968e-06,9.999268054962158203e-01,1.334287117060739547e-05
1.367569666399504058e-07,6.446732004405930638e-05,5.219067588768666610e-06,9.999096989631652832e-01,2.040957770077511668e-05
2.635250382354570320e-07,7.274758536368608475e-05,8.499203431711066514e-06,9.998788833618164062e-01,3.966337681049481034e-05
6.530822247441392392e-07,8.759298361837863922e-05,1.466315461584599689e-05,9.998124837875366211e-01,8.450319000985473394e-05
1.418782289874798153e-06,1.038760892697609961e-04,2.568349009379744530e-05,9.996872544288635254e-01,1.816884032450616360e-04
2.675632913451408967e-06,1.173872078652493656e-04,4.862491186941042542e-05,9.994152784347534180e-01,4.160456010140478611e-04
4.827925749850692227e-06,1.441381900804117322e-04,1.065476462827064097e-04,9.985660314559936523e-01,1.178383245132863522e-03
9.932085049513261765e-06,1.878615439636632800e-04,2.598097780719399452e-04,9.956481456756591797e-01,3.894115099683403969e-03
1.688567135715857148e-05,2.325450768694281578e-04,5.300720804370939732e-04,9.882047176361083984e-01,1.101582031697034836e-02
2.538105036364868283e-05,3.354366926942020655e-04,8.484728168696165085e-04,9.728227257728576660e-01,2.596800215542316437e-02
3.503590778564102948e-05,4.645852313842624426e-04,1.150734955444931984e-03,9.480336904525756836e-01,5.031592026352882385e-02
5.009772212360985577e-05,4.767162317875772715e-04,1.385276205837726593e-03,9.223418831825256348e-01,7.574605196714401245e-02
6.375777593348175287e-05,4.921151557937264442e-04,1.309570739977061749e-03,9.103555679321289062e-01,8.777890354394912720e-02
5.839197910972870886e-05,4.421372141223400831e-04,1.309399725869297981e-03,8.995568752288818359e-01,9.863317757844924927e-02
4.724029713543131948e-05,2.841072564478963614e-04,9.145752992480993271e-04,9.366955161094665527e-01,6.205852329730987549e-02
3.666989869088865817e-05,1.956639171112328768e-04,5.640430026687681675e-04,9.662686586380004883e-01,3.293498978018760681e-02
2.414658229099586606e-05,1.705519098322838545e-04,4.056888283230364323e-04,9.774277210235595703e-01,2.197191864252090454e-02
1.245510702574392781e-05,1.482528605265542865e-04,2.663601189851760864e-04,9.863848686218261719e-01,1.318803895264863968e-02
6.211772870301501825e-06,1.293569221161305904e-04,1.944614341482520103e-04,9.910655021667480469e-01,8.604436181485652924e-03
3.330895424369373359e-06,1.192381678265519440e-04,1.730394142214208841e-04,9.930414557456970215e-01,6.662874482572078705e-03
1.927360699482960626e-06,1.137098442995920777e-04,1.656697859289124608e-04,9.940215945243835449e-01,5.697029177099466324e-03
1.366699621030420531e-06,1.280363067053258419e-04,1.768240908859297633e-04,9.936848282814025879e-01,6.008872762322425842e-03
1.068786900759732816e-06,1.037185065797530115e-04,1.376633445033803582e-04,9.955498576164245605e-01,4.207696299999952316e-03
9.058660452865296975e-07,8.654277189634740353e-05,9.676574700279161334e-05,9.969991445541381836e-01,2.816637512296438217e-03
6.882736443003523163e-07,7.408787496387958527e-05,6.138130993349477649e-05,9.981806874275207520e-01,1.683081733062863350e-03
5.432095235846645664e-07,7.350900705205276608e-05,5.632127431454136968e-05,9.982743859291076660e-01,1.595129724591970444e-03
4.843745955440681428e-07,8.585619070800021291e-05,7.381409523077309132e-05,9.974604845046997070e-01,2.379388548433780670e-03
4.913417228635807987e-07,7.700394053244963288e-05,8.668691589264199138e-05,9.968736171722412109e-01,2.962225116789340973e-03
5.362857677937427070e-07,6.545912037836387753e-05,9.109904931392520666e-05,9.967454075813293457e-01,3.097358858212828636e-03
6.230910116755694617e-07,6.044736801413819194e-05,8.389445429202169180e-05,9.968116283416748047e-01,3.043255303055047989e-03
6.418763405235949904e-07,6.388577457983046770e-05,6.827501783845946193e-05,9.972183704376220703e-01,2.648889552801847458e-03
6.572196298293420114e-07,7.096635818015784025e-05,5.724346556235104799e-05,9.974888563156127930e-01,2.382241655141115189e-03
8.464804182040097658e-07,9.044470061780884862e-05,7.495397585444152355e-05,9.962466359138488770e-01,3.587047103792428970e-03
1.322908360634755809e-06,1.126704300986602902e-04,1.150705284089781344e-04,9.931697249412536621e-01,6.601111032068729401e-03
2.258849008285324089e-06,1.452071883250027895e-04,1.958511566044762731e-04,9.844251871109008789e-01,1.523153576999902725e-02
4.863522917730733752e-06,1.924936223076656461e-04,4.119364311918616295e-04,9.511080980300903320e-01,4.828262329101562500e-02
9.594016773917246610e-06,2.435666683595627546e-04,9.927952196449041367e-04,8.222780227661132812e-01,1.764759868383407593e-01
1.495757805969333276e-05,2.784968528430908918e-04,1.886984566226601601e-03,4.549074172973632812e-01,5.429121851921081543e-01
1.537877324153669178e-05,1.831062400015071034e-04,1.809806097298860550e-03,1.520785987377166748e-01,8.459130525588989258e-01
1.385044834023574367e-05,1.001410419121384621e-04,1.241894322447478771e-03,4.694576561450958252e-02,9.516984224319458008e-01
1.380305820930516347e-05,5.619509101961739361e-05,8.447346626780927181e-04,1.812809146940708160e-02,9.809570908546447754e-01
1.499258269177516922e-05,3.770637340494431555e-05,5.423016846179962158e-04,8.424574509263038635e-03,9.909803271293640137e-01
1.651778256928082556e-05,3.496627687127329409e-05,3.639655478764325380e-04,5.076805595308542252e-03,9.945077896118164062e-01
1.558027724968269467e-05,3.787406967603601515e-05,2.805419790092855692e-04,3.687403397634625435e-03,9.959785938262939453e-01
1.616465669940225780e-05,4.508130223257467151e-05,2.211581013398244977e-04,3.215721109881997108e-03,9.965017437934875488e-01
1.905205135699361563e-05,4.950802394887432456e-05,2.067385648842900991e-04,3.413122845813632011e-03,9.963115453720092773e-01
2.264509748783893883e-05,5.470352334668859839e-05,2.090917696477845311e-04,3.908014390617609024e-03,9.958055019378662109e-01
2.700840377656277269e-05,5.788454654975794256e-05,2.110959612764418125e-04,4.277552012354135513e-03,9.954264163970947266e-01
4.276654362911358476e-05,7.653114880667999387e-05,2.177711139665916562e-04,5.866268649697303772e-03,9.937966465950012207e-01
2.798547036945819855e-02,1.862190692918375134e-04,4.059326311107724905e-04,1.540263928472995758e-02,9.560196399688720703e-01
