2.292126789689064026e-02,9.094565510749816895e-01,3.170439600944519043e-02,1.268514245748519897e-02,2.323264814913272858e-02
5.986689939163625240e-04,9.967656731605529785e-01,1.429364667274057865e-03,3.390534548088908195e-04,8.672611438669264317e-04
5.311192217050120234e-05,9.994007945060729980e-01,2.852524339687079191e-04,7.251886563608422875e-05,1.882837386801838875e-04
8.697014891367871314e-06,9.997087121009826660e-01,1.332288957200944424e-04,4.764787081512622535e-05,1.016132155200466514e-04
2.653092224136344157e-06,9.998753666877746582e-01,5.729639087803661823e-05,2.044889515673276037e-05,4.423448990564793348e-05
1.510762672296550591e-06,9.999421834945678711e-01,2.495576154615264386e-05,1.078471359505783767e-05,2.064949148916639388e-05
1.769767663972743321e-06,9.999489784240722656e-01,1.988884105230681598e-05,1.279817843169439584e-05,1.658247856539674103e-05
1.620944772184884641e-06,9.999648332595825195e-01,1.216402142745209858e-05,9.969816346711013466e-06,1.136864739237353206e-05
1.415604856447316706e-06,9.999751448631286621e-01,7.221336545626400039e-06,8.097546015051193535e-06,8.041652108659036458e-06
1.154840902017895132e-06,9.999802112579345703e-01,5.096364475321024656e-06,7.139880835893563926e-06,6.392151590262074023e-06
8.061189760155684780e-07,9.999831914901733398e-01,3.447057451921864413e-06,7.395018201350467280e-06,5.151872301212279126e-06
6.745635801053140312e-07,9.999834895133972168e-01,2.680728357518091798e-06,8.479789357807021588e-06,4.671182068705093116e-06
7.565546980004000943e-07,9.999802708625793457e-01,2.472949290677206591e-06,1.162371700047515333e-05,4.804134277947014198e-06
1.043373572429118212e-06,9.999743103981018066e-01,2.553452532083611004e-06,1.679341039562132210e-05,5.222119398240465671e-06
1.049526986207638402e-06,9.999721050262451172e-01,2.219819862148142420e-06,1.974136830540373921e-05,4.777064987138146535e-06
6.909675107635848690e-07,9.999791383743286133e-01,1.555486619508883450e-06,1.528437860542908311e-05,3.375205324118724093e-06
4.825414521292259451e-07,9.999834895133972168e-01,1.184798293252242729e-06,1.219490604853490368e-05,2.652105649758595973e-06
3.456486865616170689e-07,9.999868869781494141e-01,9.541009831082192250e-07,9.594044058758299798e-06,2.229602614534087479e-06
2.187845495882356772e-07,9.999899268150329590e-01,7.499845082747924607e-07,7.254890988406259567e-06,1.793879960132471751e-06
1.723892069094290491e-07,9.999922513961791992e-01,6.515835480058740359e-07,5.385791155276820064e-06,1.517244186288735364e-06
1.316731328415698954e-07,9.999939799308776855e-01,6.198691266945388634e-07,3.846240815619239584e-06,1.376122781948652118e-06
5.911483071940892842e-07,9.999867081642150879e-01,1.516529664513655007e-06,7.167744115577079356e-06,4.009394160675583407e-06
4.627456746675306931e-07,9.999864697456359863e-01,1.729181576592964120e-06,6.606082479265751317e-06,4.672759587265318260e-06
3.909555346126580844e-07,9.999866485595703125e-01,1.793168507902009878e-06,6.366167781379772350e-06,4.881669156020507216e-06
3.887730315454973606e-07,9.999858736991882324e-01,1.825959998313919641e-06,6.815359029133105651e-06,5.037744358560303226e-06
4.232364005929412087e-07,9.999850988388061523e-01,1.787273163245117757e-06,7.653672582819126546e-06,5.062986474513309076e-06
3.824545160568959545e-07,9.999867081642150879e-01,1.452444394089980051e-06,7.177566203608876094e-06,4.280529083189321682e-06
1.405589500791393220e-06,9.999719262123107910e-01,2.994538363054743968e-06,1.325301946053514257e-05,1.034751039696857333e-05
9.679869208412128501e-07,9.999775290489196777e-01,2.832715153999743052e-06,1.046314628183608875e-05,8.129572961479425430e-06
8.611613679931906518e-07,9.999706745147705078e-01,4.030790933029493317e-06,1.393709044350543991e-05,1.045165663526859134e-05
9.725478093969286419e-07,9.999439120292663574e-01,7.795812962285708636e-06,2.909122122218832374e-05,1.813116796256508678e-05
6.187250960465462413e-07,9.999558925628662109e-01,6.384213065757649019e-06,2.308413604623638093e-05,1.402844827680382878e-05
3.836380528809968382e-07,9.999743103981018066e-01,3.452272039794479497e-06,1.347450415778439492e-05,8.333677214977797121e-06
2.889578638587408932e-07,9.999853372573852539e-01,1.980849447136279196e-06,7.441725301760016009e-06,5.036509719502646476e-06
4.043722015012463089e-07,9.999877810478210449e-01,1.683201048763294239e-06,5.833011073264060542e-06,4.185299985692836344e-06
4.158569595347216818e-07,9.999898672103881836e-01,1.628086693017394282e-06,4.517161414696602151e-06,3.519529172990587540e-06
4.192840776795492275e-07,9.999881982803344727e-01,1.969966433534864336e-06,5.470746600622078404e-06,3.925558758055558428e-06
3.023067449703376042e-07,9.999901056289672852e-01,1.854284846558584832e-06,4.402450485940789804e-06,3.386128582860692404e-06
2.232356735021312488e-07,9.999909996986389160e-01,1.738243781801429577e-06,3.903045126207871363e-06,3.091428425250342116e-06
8.840086707095906604e-07,9.999799728393554688e-01,3.485332854324951768e-06,7.887015271990094334e-06,7.779354746162425727e-06
1.374135990772629157e-06,9.999744892120361328e-01,4.049454673804575577e-06,1.050616083375643939e-05,9.543844498693943024e-06
9.253144526155665517e-07,9.999812841415405273e-01,2.873698804251034744e-06,8.509073268214706331e-06,6.498778475361177698e-06
2.573960728113888763e-06,9.999654293060302734e-01,4.475520654523279518e-06,1.513011284259846434e-05,1.240653728018514812e-05
1.780381694516108837e-06,9.999762177467346191e-01,3.022936425622901879e-06,1.160415649792412296e-05,7.300810466404072940e-06
5.261114893073681742e-06,9.999541044235229492e-01,4.932711817673407495e-06,2.127965308318380266e-05,1.434956993762170896e-05
4.457145223568659276e-06,9.999653100967407227e-01,3.978117092628963292e-06,1.687364601821172982e-05,9.376133675687015057e-06
1.358247936877887696e-05,9.999314546585083008e-01,6.602762823604280129e-06,2.979587225127033889e-05,1.859580879681743681e-05
7.770086995151359588e-06,9.999554753303527832e-01,4.485878434934420511e-06,2.088096880470402539e-05,1.130832151829963550e-05
5.394555500970454887e-06,9.999723434448242188e-01,3.302312052255729213e-06,1.248681473953183740e-05,6.446679435612168163e-06
1.686832001723814756e-05,9.999427795410156250e-01,5.706209776690229774e-06,2.075189149763900787e-05,1.384997267450671643e-05
1.049595630320254713e-05,9.999443292617797852e-01,5.861411864316323772e-06,2.515931191737763584e-05,1.421589331584982574e-05
4.717913270724238828e-06,9.999682903289794922e-01,4.180373707640683278e-06,1.496612549090059474e-05,7.848253517295233905e-06
1.498380515840835869e-05,9.999364614486694336e-01,7.130266567401122302e-06,2.477849193383008242e-05,1.658148175920359790e-05
7.787126378389075398e-06,9.999663829803466797e-01,4.723045549326343462e-06,1.206843899126397446e-05,9.093199878407176584e-06
8.843835530569776893e-06,9.999768733978271484e-01,3.440767841311753727e-06,5.120020887261489406e-06,5.661463546857703477e-06
1.002294629870448261e-05,9.999760389328002930e-01,3.418344249439542182e-06,4.999889370083110407e-06,5.548118224396603182e-06
1.129062638938194141e-05,9.999643564224243164e-01,4.814568910660455003e-06,1.036273897625505924e-05,9.164667972072493285e-06
1.324903951172018424e-05,9.999665021896362305e-01,4.274108050594804808e-06,8.015389539650641382e-06,7.979238944244571030e-06
2.761868927336763591e-05,9.999558925628662109e-01,3.999976343038724735e-06,5.293092272040667012e-06,7.260864549607504159e-06
7.288633059943094850e-05,9.999115467071533203e-01,4.010117208963492885e-06,4.028931016364367679e-06,7.476624887203797698e-06
3.530842368490993977e-04,9.996095299720764160e-01,7.810256647644564509e-06,1.013453766063321382e-05,1.952831371454522014e-05
9.101030882447957993e-04,9.990015625953674316e-01,1.368443827232113108e-05,2.822622991516254842e-05,4.640963379642926157e-05
1.045571989379823208e-04,9.998599290847778320e-01,6.032830242475029081e-06,1.196961238747462630e-05,1.758714643074199557e-05
1.005981903290376067e-04,9.998565912246704102e-01,6.129464054538402706e-06,1.707551200524903834e-05,1.960308145498856902e-05
2.435830356262158602e-05,9.999581575393676758e-01,2.944995912912418135e-06,7.015545634203590453e-06,7.536435987276490778e-06
1.114170026994543150e-05,9.999802708625793457e-01,1.654118136684701312e-06,3.437520945226424374e-06,3.428860964049817994e-06
9.821120329434052110e-06,9.999806880950927734e-01,1.695100763754453510e-06,4.460083346202736720e-06,3.417809466554899700e-06
8.074920515355188400e-06,9.999796152114868164e-01,1.828017616389843170e-06,6.628852133871987462e-06,3.860620381601620466e-06
1.104280363506404683e-05,9.999790787696838379e-01,1.763658360687259119e-06,4.779817572853062302e-06,3.421096607780782506e-06
1.330624945694580674e-05,9.999780654907226562e-01,1.776596036506816745e-06,3.430217930144863203e-06,3.447468543527065776e-06
1.243680435436544940e-05,9.999785423278808594e-01,1.809079321901663207e-06,3.556536285032052547e-06,3.590236474337871186e-06
3.526971795508870855e-06,9.999886155128479004e-01,1.221934667228197213e-06,3.602106289690709673e-06,3.006000724781188183e-06
1.077591718967596535e-06,9.999923706054687500e-01,7.340938168454158586e-07,3.530562707965145819e-06,2.280811713717412204e-06
4.744007071622036165e-07,9.999935626983642578e-01,5.187010287954763044e-07,3.540333636919967830e-06,1.915179836942115799e-06
1.971081644569494529e-07,9.999950528144836426e-01,3.510068324885651236e-07,2.874957090170937590e-06,1.510680590399715584e-06
1.065664889665640658e-07,9.999958872795104980e-01,2.674011909675755305e-07,2.358539404667681083e-06,1.302050918638997246e-06
7.310843130881039542e-08,9.999964237213134766e-01,2.332232185153770843e-07,2.008864385061315261e-06,1.276586885978758801e-06
5.900389510316017549e-08,9.999965429306030273e-01,2.264086447212321218e-07,1.841736661845061462e-06,1.344751353826723062e-06
5.521777879380351806e-08,9.999965429306030273e-01,2.310197402266567224e-07,1.775066607478947844e-06,1.439159404981182888e-06
5.325639307329765870e-08,9.999965429306030273e-01,2.380218973030423513e-07,1.721786475172848441e-06,1.522012212262779940e-06
5.798108659860190528e-08,9.999963045120239258e-01,2.506179725969559513e-07,1.839433821260172408e-06,1.599826532583392691e-06
5.425459903563023545e-08,9.999964237213134766e-01,2.410895945104130078e-07,1.833680130403081421e-06,1.516675638413289562e-06
6.498740390270540956e-08,9.999958276748657227e-01,2.730327253175346414e-07,2.104876330122351646e-06,1.649049522711720783e-06
6.298807875282363966e-08,9.999961256980895996e-01,2.580558486897643888e-07,2.018595296249259263e-06,1.495118226557679009e-06
5.525138746520497079e-08,9.999964237213134766e-01,2.332946280603209743e-07,1.864406272034102585e-06,1.321635977546975482e-06
5.413087578176600800e-08,9.999966621398925781e-01,2.350380725602008170e-07,1.825803337851539254e-06,1.283790084016800392e-06
6.258080276211330784e-08,9.999966621398925781e-01,2.519487054541968973e-07,1.844074290602293331e-06,1.279640287066285964e-06
8.020253261520338128e-08,9.999964237213134766e-01,2.730829748998075956e-07,1.900141683108813595e-06,1.297234348385245539e-06
9.745109252889960771e-08,9.999963045120239258e-01,2.866501347398298094e-07,1.976402018044609576e-06,1.301644942941493355e-06
1.037325887409679126e-07,9.999963045120239258e-01,2.919552741786901606e-07,1.989141082958667539e-06,1.306786771237966605e-06
1.069664321562413534e-07,9.999963045120239258e-01,2.918617383329547010e-07,2.015888412643107586e-06,1.295132960876799189e-06
1.003035592361811723e-07,9.999964237213134766e-01,2.706745192426751601e-07,1.969639470189576969e-06,1.205368675982754212e-06
9.508893583642930025e-08,9.999964237213134766e-01,2.595097328139672754e-07,1.969419599845423363e-06,1.165943785963463597e-06
9.836745107349997852e-08,9.999964237213134766e-01,2.627643596042616991e-07,2.013813173107337207e-06,1.166139554698020220e-06
1.051603391033495427e-07,9.999964237213134766e-01,2.697087211345206015e-07,2.058489144474151544e-06,1.183802282866963651e-06
1.035868706367182313e-07,9.999965429306030273e-01,2.794371312120347284e-07,1.956095957211800851e-06,1.204533305099175777e-06
1.009139793950453168e-07,9.999964237213134766e-01,2.830045957580296090e-07,1.889691020551254041e-06,1.228492124027980026e-06
1.091737686920168926e-07,9.999964237213134766e-01,2.872316144930664450e-07,1.891468855319544673e-06,1.244286067958455533e-06
1.166148848597003962e-07,9.999963045120239258e-01,2.930951552571059437e-07,1.980809884116752073e-06,1.312489416704920586e-06
1.252684143082660739e-07,9.999961256980895996e-01,3.012444835803762544e-07,2.003663894356577657e-06,1.324996674156864174e-06
1.309089867618240532e-07,9.999961256980895996e-01,3.161073038882022956e-07,2.017646465901634656e-06,1.350165234725864138e-06
1.369110975701914867e-07,9.999960660934448242e-01,3.474800394087651512e-07,2.069500169454840943e-06,1.478658077758154832e-06
1.435828664853033843e-07,9.999958276748657227e-01,3.762784785976691637e-07,2.132767122020595707e-06,1.540940274935564958e-06
1.457490270695416257e-07,9.999957084655761719e-01,4.018204151634563459e-07,2.194102535213460214e-06,1.596278480064938776e-06
1.369890583191590849e-07,9.999955892562866211e-01,4.057334592744155088e-07,2.296057800776907243e-06,1.640471168684598524e-06
1.336650825578544755e-07,9.999954700469970703e-01,4.017732635475113057e-07,2.382363845754298382e-06,1.664691012592811603e-06
1.410335244145244360e-07,9.999952316284179688e-01,4.342792294664832298e-07,2.434913994875387289e-06,1.808370370781631209e-06
1.474167277137894416e-07,9.999950528144836426e-01,4.638794735001283698e-07,2.415709786873776466e-06,1.908060767163988203e-06
1.624194965188507922e-07,9.999948143959045410e-01,5.095161554891092237e-07,2.519819872759399004e-06,2.005554733841563575e-06
1.672571983135640039e-07,9.999947547912597656e-01,5.400271447797422297e-07,2.445754489599494264e-06,2.005388523684814572e-06
1.722513189861274441e-07,9.999947547912597656e-01,5.932338922320923302e-07,2.400371386102051474e-06,2.057955043710535392e-06
1.751620573031686945e-07,9.999946355819702148e-01,6.330535597953712568e-07,2.325705736438976601e-06,2.117780923072132282e-06
2.020695717419584980e-07,9.999943971633911133e-01,7.076333190525474492e-07,2.389488372500636615e-06,2.363641897318302654e-06
2.181894700470365933e-07,9.999941587448120117e-01,7.114660434126562905e-07,2.495665285096038133e-06,2.357756784476805478e-06
2.803663221584429266e-07,9.999930858612060547e-01,8.445541084256547038e-07,3.055660044992691837e-06,2.732274651862098835e-06
4.749072388676722767e-07,9.999903440475463867e-01,1.085223516383848619e-06,4.675937816500663757e-06,3.478449343674583361e-06
7.414328706545347814e-07,9.999847412109375000e-01,1.340757307843887247e-06,8.798357157502323389e-06,4.410750534589169547e-06
9.866909067568485625e-07,9.999731779098510742e-01,1.864881141955265775e-06,1.807442095014266670e-05,5.876153863937361166e-06
1.201081772705947515e-06,9.999572038650512695e-01,2.578763997007627040e-06,3.193187512806616724e-05,7.030635515548055992e-06
1.069831228051043581e-06,9.999470710754394531e-01,3.099541117990156636e-06,4.168723171460442245e-05,6.986462267377646640e-06
8.811738325675833039e-07,9.999499917030334473e-01,3.628637387009803206e-06,3.908425787813030183e-05,6.424211278499569744e-06
7.049034138617571443e-07,9.999576210975646973e-01,4.328323029767489061e-06,3.116404695902019739e-05,6.175688213261310011e-06
5.536439289244299289e-07,9.999678730964660645e-01,4.136611096328124404e-06,2.154854882974177599e-05,5.808231890114257112e-06
3.845963760795712005e-07,9.999756813049316406e-01,3.550287601683521643e-06,1.535898627480491996e-05,5.023030553275020793e-06
2.804939356337854406e-07,9.999798536300659180e-01,2.950506086563109420e-06,1.292528850171947852e-05,4.017811079393140972e-06
2.160801955142233055e-07,9.999826550483703613e-01,2.582054321464966051e-06,1.105169576476328075e-05,3.447777544351993129e-06
1.738271180329320487e-07,9.999849796295166016e-01,2.299250354553805664e-06,9.586654414306394756e-06,3.046043957510846667e-06
1.526478428104383056e-07,9.999860525131225586e-01,2.086057520500617102e-06,8.975885975814890116e-06,2.770895434878184460e-06
1.601471240064711310e-07,9.999847412109375000e-01,2.611297531984746456e-06,9.196300197800155729e-06,3.287966592324664816e-06
1.710272812260882347e-07,9.999824166297912598e-01,3.727232297023874708e-06,9.546774890623055398e-06,4.109542715013958514e-06
1.602522274879447650e-07,9.999824166297912598e-01,4.299537067709024996e-06,8.778652954788412899e-06,4.284874648874392733e-06
1.409654828421480488e-07,9.999831914901733398e-01,4.482940767047693953e-06,7.974537766131106764e-06,4.150619588472181931e-06
1.401464686523468117e-07,9.999823570251464844e-01,4.789317699760431424e-06,8.441921636404003948e-06,4.225687007419764996e-06
1.598672696445646579e-07,9.999798536300659180e-01,5.759812211181269959e-06,9.442194823350291699e-06,4.782129508384969085e-06
1.649264191883048625e-07,9.999780654907226562e-01,6.349197064992040396e-06,1.045460794557584450e-05,4.934410299028968439e-06
1.635866198057556176e-07,9.999766349792480469e-01,6.493859473266638815e-06,1.177120248030405492e-05,4.856218311033444479e-06
2.254074757956914254e-07,9.999696016311645508e-01,7.297448973986320198e-06,1.742944186844397336e-05,5.496103767654858530e-06
3.372632875198178226e-07,9.999517202377319336e-01,9.532346666674129665e-06,3.128064781776629388e-05,7.172256573539925739e-06
5.704351337953994516e-07,9.999147057533264160e-01,1.478018748457543552e-05,5.997152766212821007e-05,9.985412361857015640e-06
7.495432896575948689e-07,9.998950362205505371e-01,1.775782220647670329e-05,7.575865311082452536e-05,1.067930588760646060e-05
1.588353256920527201e-06,9.998776912689208984e-01,2.514156221877783537e-05,8.300638000946491957e-05,1.260557746718404815e-05
6.650343038927530870e-06,9.998137354850769043e-01,4.897853068541735411e-05,1.109832155634649098e-04,1.969482764252461493e-05
2.376089105382561684e-05,9.994220733642578125e-01,1.663235889282077551e-04,3.355949302203953266e-04,5.228231384535320103e-05
6.304412818280979991e-05,9.975545406341552734e-01,5.758916959166526794e-04,1.654122257605195045e-03,1.523136161267757416e-04
3.182610817020758986e-05,9.978380799293518066e-01,2.991538494825363159e-04,1.751335221342742443e-03,7.966416160343214869e-05
1.042490930558415130e-05,9.989786744117736816e-01,8.945315494202077389e-05,8.956998353824019432e-04,2.575970574980601668e-05
3.892662789439782500e-06,9.995999336242675781e-01,3.877791823470033705e-05,3.461643063928931952e-04,1.123898528021527454e-05
1.525304810456873383e-06,9.998691678047180176e-01,1.751692616380751133e-05,1.056694964063353837e-04,6.086191206122748554e-06
7.507809414164512418e-07,9.999482035636901855e-01,9.081526513909921050e-06,3.745367575902491808e-05,4.511628958425717428e-06
4.728608757886831881e-07,9.999708533287048340e-01,6.887297331559238955e-06,1.714695281407330185e-05,4.569214070215821266e-06
3.763936717859905912e-07,9.999762177467346191e-01,6.754832156730117276e-06,1.113767393690068275e-05,5.487854650709778070e-06
3.034152484815422213e-07,9.999800920486450195e-01,6.180820491863414645e-06,7.502531389036448672e-06,5.949282694928115234e-06
2.696565104542969493e-07,9.999811649322509766e-01,6.021960416546789929e-06,5.754321136919315904e-06,6.767069407942472026e-06
2.461322594626835780e-07,9.999815225601196289e-01,5.987486019876087084e-06,4.561351033771643415e-06,7.655307854292914271e-06
2.611956233522505499e-07,9.999799728393554688e-01,6.511533229058841243e-06,4.267346866981824860e-06,9.006695108837448061e-06
2.617591690068366006e-07,9.999791979789733887e-01,6.635790668951813132e-06,3.914597527909791097e-06,9.896524716168642044e-06
2.501859910353232408e-07,9.999798536300659180e-01,6.256433607632061467e-06,3.539239969541085884e-06,1.007407172437524423e-05
2.689181997084233444e-07,9.999786019325256348e-01,6.567744549101917073e-06,3.437570057940320112e-06,1.102175065170740709e-05
2.903395852626999840e-07,9.999786019325256348e-01,6.579323326150188223e-06,3.302097866253461689e-06,1.110025368689093739e-05
2.774087874968245160e-07,9.999802112579345703e-01,6.027947165421210229e-06,3.077834890063968487e-06,1.037869242281885818e-05
2.382383428312095930e-07,9.999824166297912598e-01,5.089069418318103999e-06,2.833993221429409459e-06,9.314620911027304828e-06
2.338918818622914841e-07,9.999836683273315430e-01,4.606509264704072848e-06,2.692483576538506895e-06,8.752914254728239030e-06
2.038860600350744789e-07,9.999853968620300293e-01,3.958381512347841635e-06,2.447452970955055207e-06,7.851899681554641575e-06
1.867223886620195117e-07,9.999864697456359863e-01,3.628883177952957340e-06,2.298408617207314819e-06,7.384214768535457551e-06
1.835168035313472501e-07,9.999867081642150879e-01,3.479583938315045089e-06,2.318256292710429989e-06,7.248092970257857814e-06
1.602236636699672090e-07,9.999880194664001465e-01,3.024871375600923784e-06,2.241152969872928225e-06,6.445603503379970789e-06
1.570192011968174484e-07,9.999888539314270020e-01,2.746232212302857079e-06,2.205382543252198957e-06,5.953215804765932262e-06
1.666143418788124109e-07,9.999893903732299805e-01,2.574721747805597261e-06,2.263342594233108684e-06,5.652583695336943492e-06
1.972947245576506248e-07,9.999891519546508789e-01,2.584473577371682040e-06,2.443637640681117773e-06,5.651224910252494738e-06
2.170773996112984605e-07,9.999888539314270020e-01,2.631175902934046462e-06,2.534098484829883091e-06,5.715212409995729104e-06
2.263779776967567159e-07,9.999887943267822266e-01,2.628026322781806812e-06,2.582992465249844827e-06,5.688637884304625914e-06
2.415302731151314219e-07,9.999887943267822266e-01,2.594531906652264297e-06,2.723273610172327608e-06,5.677126409864285961e-06
2.411383377420861507e-07,9.999892711639404297e-01,2.400749281150638126e-06,2.768367721728282049e-06,5.390333626564824954e-06
2.480501848367566708e-07,9.999893903732299805e-01,2.286166363774100319e-06,2.841273044396075420e-06,5.271073860058095306e-06
2.946048027752112830e-07,9.999891519546508789e-01,2.212304707427392714e-06,2.999425987582071684e-06,5.304558271745918319e-06
3.599484159622079460e-07,9.999883174896240234e-01,2.353055151615990326e-06,3.222794475732371211e-06,5.771832093159900978e-06
3.290806773748045089e-07,9.999887943267822266e-01,2.256807647427194752e-06,3.111657179033500142e-06,5.520709237316623330e-06
2.783283434837358072e-07,9.999893903732299805e-01,2.147994564438704401e-06,2.972090669572935440e-06,5.240663540462264791e-06
2.934937413101579295e-07,9.999891519546508789e-01,2.143310894098249264e-06,3.112179683739668690e-06,5.336366939445724711e-06
3.082309945057204459e-07,9.999890327453613281e-01,2.094413957820506766e-06,3.168218427163083106e-06,5.340347797755384818e-06
3.583164414067141479e-07,9.999895691871643066e-01,1.910927267090301029e-06,3.286555738668539561e-06,4.907388301944592968e-06
5.748964895246899687e-07,9.999885559082031250e-01,1.861808755165839102e-06,4.226775217830436304e-06,4.828515102417441085e-06
9.382981716044014320e-07,9.999852180480957031e-01,1.858005816757213324e-06,6.805623343097977340e-06,5.138976575835840777e-06
1.744576138662523590e-06,9.999781250953674316e-01,1.925635615407372825e-06,1.247999261977383867e-05,5.668951871484750882e-06
2.635538294271100312e-06,9.999688267707824707e-01,1.775583200469554868e-06,2.142020639439579099e-05,5.398904704634333029e-06
2.514953621357562952e-06,9.999643564224243164e-01,1.455857272958382964e-06,2.726871753111481667e-05,4.334833192842779681e-06
2.481986712155048735e-06,9.999604821205139160e-01,1.456880909245228395e-06,3.175286110490560532e-05,3.972547801822656766e-06
2.477694351910031401e-06,9.999600648880004883e-01,1.588325972079474013e-06,3.212194496882148087e-05,3.801350885623833165e-06
2.889919187509804033e-06,9.999544024467468262e-01,1.960696181413368322e-06,3.653467138065025210e-05,4.186921159998746589e-06
2.274150119774276391e-06,9.999594092369079590e-01,1.970475295820506290e-06,3.229358480894006789e-05,4.105245807295432314e-06
1.490814042881538626e-06,9.999657273292541504e-01,2.140461219823919237e-06,2.638889600348193198e-05,4.230937520333100110e-06
8.584865440752764698e-07,9.999688267707824707e-01,2.356812501602689736e-06,2.358306483074557036e-05,4.377849109005182981e-06
3.861697450702195056e-07,9.999753236770629883e-01,1.897899551295267884e-06,1.898497976071666926e-05,3.411332727409899235e-06
2.184255549764202442e-07,9.999763965606689453e-01,1.671793143032118678e-06,1.868161052698269486e-05,2.940085323643870652e-06
1.678890839684754610e-07,9.999761581420898438e-01,1.633134502299071755e-06,1.934036299644503742e-05,2.758563823590520769e-06
2.015864453142057755e-07,9.999698996543884277e-01,2.168846322092576884e-06,2.425968341412954032e-05,3.452077862675650977e-06
2.045349702939347480e-07,9.999635815620422363e-01,2.640945012899464928e-06,2.950369707832578570e-05,3.909527094947407022e-06
2.091303201723349048e-07,9.999554157257080078e-01,3.237173586967401206e-06,3.688117067213170230e-05,4.268364591553108767e-06
2.686613527203007834e-07,9.999427795410156250e-01,4.575960247166221961e-06,4.716399416793137789e-05,5.154880454938393086e-06
3.764249356663640356e-07,9.999322891235351562e-01,6.111702077760128304e-06,5.505895387614145875e-05,6.106615728640463203e-06
4.790032335222349502e-07,9.999220371246337891e-01,7.021261353656882420e-06,6.346488225972279906e-05,7.056153663143049926e-06
4.493035135055833962e-07,9.999260902404785156e-01,6.325994490907760337e-06,6.072395262890495360e-05,6.488603503385093063e-06
4.494200709359574830e-07,9.999253153800964355e-01,6.027602012181887403e-06,6.202783697517588735e-05,6.134469458629610017e-06
4.890608238383720163e-07,9.999179244041442871e-01,6.228102392924483865e-06,6.932638643775135279e-05,6.080888397264061496e-06
5.546485795093758497e-07,9.999071359634399414e-01,7.009747150732437149e-06,7.891270797699689865e-05,6.418479188141645864e-06
6.274182737797673326e-07,9.998956918716430664e-01,7.758090760034974664e-06,8.961001003626734018e-05,6.331160420813830569e-06
8.074777611000172328e-07,9.998794198036193848e-01,8.524700206180568784e-06,1.047089754138141870e-04,6.615563961531734094e-06
9.308932362728228327e-07,9.998813867568969727e-01,8.243722732004243881e-06,1.029076302074827254e-04,6.507280886580701917e-06
1.170162363450799603e-06,9.998846650123596191e-01,7.929400453576818109e-06,1.002327626338228583e-04,5.862239049747586250e-06
1.333893237642769236e-06,9.998724460601806641e-01,7.680250746489036828e-06,1.126501301769167185e-04,5.899737516301684082e-06
1.893688818199734669e-06,9.998095035552978516e-01,1.165187404694734141e-05,1.688960910541936755e-04,8.028188858588691801e-06
1.882891183413448744e-06,9.997094869613647461e-01,1.173036616819445044e-05,2.685936051420867443e-04,8.308228643727488816e-06
1.968307969946181402e-06,9.995616078376770020e-01,1.207826062454842031e-05,4.154552298132330179e-04,8.774041816650424153e-06
1.934937245096080005e-06,9.994069933891296387e-01,8.814617103780619800e-06,5.751263233833014965e-04,7.123476279957685620e-06
1.367046252198633738e-06,9.995397329330444336e-01,4.981632173439720646e-06,4.498349735513329506e-04,4.096961674804333597e-06
9.835962373472284526e-07,9.996772408485412598e-01,3.517328195812297054e-06,3.155397425871342421e-04,2.680587840586667880e-06
7.888132245170709211e-07,9.997744560241699219e-01,3.211521971024922095e-06,2.193533582612872124e-04,2.234374960607965477e-06
8.495090924043324776e-07,9.998287558555603027e-01,4.280365374143002555e-06,1.636712986510246992e-04,2.519195277272956446e-06
1.192828676721546799e-06,9.998687505722045898e-01,7.926701073301956058e-06,1.183012354886159301e-04,3.734708116098772734e-06
1.526119604022824205e-06,9.998911619186401367e-01,1.473014981456799433e-05,8.626360067864879966e-05,6.325336926238378510e-06
1.517508962933789007e-06,9.999054074287414551e-01,2.225711796199902892e-05,6.082480831537395716e-05,9.987146768253296614e-06
1.369018946206779219e-06,9.999166131019592285e-01,2.743840923358220607e-05,4.206141238682903349e-05,1.251972480531549081e-05
1.437916466784372460e-06,9.999164342880249023e-01,3.279509837739169598e-05,3.370594640728086233e-05,1.562485704198479652e-05
1.447360091333393939e-06,9.999095797538757324e-01,3.849130371236242354e-05,2.903678250731900334e-05,2.147590203094296157e-05
1.524888830317649990e-06,9.999104142189025879e-01,3.838836710201576352e-05,2.486439552740193903e-05,2.476157897035591304e-05
1.375374949930119328e-06,9.999196529388427734e-01,3.351759005454368889e-05,2.062915882561355829e-05,2.479279100953135639e-05
1.003817942546447739e-06,9.999425411224365234e-01,2.211523133155424148e-05,1.531533962406683713e-05,1.905595854623243213e-05
8.959974593381048180e-07,9.999542832374572754e-01,1.565959973959252238e-05,1.357442488369997591e-05,1.565246202517300844e-05
7.349750603680149652e-07,9.999623298645019531e-01,1.185658038593828678e-05,1.169386450783349574e-05,1.341394909104565158e-05
5.677362082678882871e-07,9.999717473983764648e-01,8.350192729267291725e-06,9.331602996098808944e-06,1.007065202429657802e-05
4.623553024885040941e-07,9.999774694442749023e-01,6.302305337158031762e-06,7.680331691517494619e-06,8.114716365525964648e-06
3.965618873280618573e-07,9.999797344207763672e-01,5.772591975983232260e-06,6.601497261726763099e-06,7.573043603770202026e-06
3.543453033216792392e-07,9.999802708625793457e-01,5.543157385545782745e-06,6.217598638613708317e-06,7.628357252542627975e-06
3.253476279496680945e-07,9.999785423278808594e-01,5.918447186559205875e-06,6.581814886885695159e-06,8.669208000355865806e-06
3.185166974617459346e-07,9.999774694442749023e-01,6.176430360937956721e-06,6.708660293952561915e-06,9.301553291152231395e-06
3.231385221624805126e-07,9.999779462814331055e-01,5.868073003512108698e-06,6.889116775710135698e-06,8.968501788331195712e-06
3.599841420509619638e-07,9.999759197235107422e-01,6.475399459304753691e-06,7.724698662059381604e-06,9.479991604166571051e-06
4.055125941704318393e-07,9.999743103981018066e-01,6.942314485058886930e-06,8.372288903046865016e-06,9.988489182433113456e-06
4.229547698741953354e-07,9.999705553054809570e-01,7.776232450851239264e-06,9.174689694191329181e-06,1.210906611959217116e-05
5.564461957874300424e-07,9.999554753303527832e-01,1.168229391623754054e-05,1.265329774469137192e-05,1.962032729352358729e-05
6.528934477501024958e-07,9.999386668205261230e-01,1.662884642428252846e-05,1.546025305287912488e-05,2.857232902897521853e-05
5.407625849329633638e-07,9.999370574951171875e-01,1.711214099486824125e-05,1.610063918633386493e-05,2.920694714703131467e-05
4.560648960705293575e-07,9.999440908432006836e-01,1.442884422431234270e-05,1.661047645029611886e-05,2.439938543830066919e-05
4.435826213011750951e-07,9.999502897262573242e-01,1.165055164165096357e-05,1.831096597015857697e-05,1.924797470564953983e-05
4.544112073290307308e-07,9.999543428421020508e-01,1.019819774228380993e-05,1.908558624563738704e-05,1.588149643794167787e-05
4.926616270495287608e-07,9.999541044235229492e-01,1.046552097250241786e-05,1.934980900841765106e-05,1.568112020322587341e-05
6.927984941285103559e-07,9.999377131462097168e-01,1.475051885790890083e-05,2.537134423619136214e-05,2.142698758689220995e-05
8.823367920740565751e-07,9.999338388442993164e-01,1.638648791413288563e-05,2.673853850865270942e-05,2.214923370047472417e-05
1.297694666391180363e-06,9.999282360076904297e-01,1.720964974083472043e-05,3.000760625582188368e-05,2.315661186003126204e-05
2.504453505025594495e-06,9.998912811279296875e-01,2.798572131723631173e-05,4.568502117763273418e-05,3.261758683947846293e-05
2.991792371176416054e-06,9.998818635940551758e-01,3.460540756350383162e-05,4.684473969973623753e-05,3.364784788573160768e-05
3.681764837892842479e-06,9.998781085014343262e-01,3.939902671845629811e-05,4.585993519867770374e-05,3.293143163318745792e-05
8.880151654011569917e-06,9.997457861900329590e-01,7.662820280529558659e-05,1.061898656189441681e-04,6.248166755540296435e-05
2.668506931513547897e-05,9.992912411689758301e-01,1.405184739269316196e-04,4.300763248465955257e-04,1.115417690016329288e-04
5.711035919375717640e-05,9.977678656578063965e-01,1.981244713533669710e-04,1.826668973080813885e-03,1.502232917118817568e-04
7.267990440595895052e-05,9.955537915229797363e-01,1.718920393614098430e-04,4.081238992512226105e-03,1.203607826028019190e-04
1.277920819120481610e-04,9.882831573486328125e-01,1.830227847676724195e-04,1.128377020359039307e-02,1.222982828039675951e-04
1.690533681539818645e-04,9.781879186630249023e-01,2.036491059698164463e-04,2.131106331944465637e-02,1.283384917769581079e-04
1.088561257347464561e-04,9.758806228637695312e-01,1.189794129459187388e-04,2.381306514143943787e-02,7.851162081351503730e-05
7.012739661149680614e-05,9.766764640808105469e-01,7.192377961473539472e-05,2.313016727566719055e-02,5.138773121871054173e-05
5.354114546207711101e-05,9.745004773139953613e-01,6.582301284652203321e-05,2.533129975199699402e-02,4.876083403360098600e-05
5.081172275822609663e-05,9.768824577331542969e-01,6.427333573810756207e-05,2.295857854187488556e-02,4.392626578919589520e-05
5.668468293151818216e-05,9.732432961463928223e-01,7.019886834314092994e-05,2.658058330416679382e-02,4.922695006825961173e-05
5.288503598421812057e-05,9.736199975013732910e-01,7.805949280736967921e-05,2.619656920433044434e-02,5.237948062131181359e-05
3.557481613825075328e-05,9.815178513526916504e-01,5.832864189869724214e-05,1.834949851036071777e-02,3.882376768160611391e-05
2.660758582351263613e-05,9.866768717765808105e-01,4.922225343761965632e-05,1.321479957550764084e-02,3.240968726458959281e-05
2.226582182629499584e-05,9.901482462882995605e-01,4.710138455266132951e-05,9.750901721417903900e-03,3.137948806397616863e-05
1.675618295848835260e-05,9.939067959785461426e-01,4.266181349521502852e-05,6.003960501402616501e-03,2.983232297992799431e-05
1.290873206016840413e-05,9.949466586112976074e-01,3.671630111057311296e-05,4.974944982677698135e-03,2.873752237064763904e-05
1.166623951576184481e-05,9.955626130104064941e-01,4.801017712452448905e-05,4.340294282883405685e-03,3.736163489520549774e-05
1.962120586540549994e-05,9.950721263885498047e-01,1.110647426685318351e-04,4.725368227809667587e-03,7.186069706222042441e-05
4.208572863717563450e-05,9.943907260894775391e-01,2.937232493422925472e-04,5.123232491314411163e-03,1.501701626693829894e-04
8.214893023250624537e-05,9.935420751571655273e-01,7.252325303852558136e-04,5.355511326342821121e-03,2.950314956251531839e-04
1.556663482915610075e-04,9.922246932983398438e-01,1.816733391024172306e-03,5.268227774649858475e-03,5.346940015442669392e-04
2.005463175009936094e-04,9.911403656005859375e-01,3.315711393952369690e-03,4.592249635607004166e-03,7.510771974921226501e-04
3.036226844415068626e-04,9.885601401329040527e-01,6.495876237750053406e-03,3.605221631005406380e-03,1.035125809721648693e-03
2.870915923267602921e-04,9.897165298461914062e-01,6.476406939327716827e-03,2.606730908155441284e-03,9.131986880674958229e-04
2.305194066138938069e-04,9.893240332603454590e-01,6.890165153890848160e-03,2.643162617459893227e-03,9.121493785642087460e-04
1.607088488526642323e-04,9.921503663063049316e-01,4.591965116560459137e-03,2.412404865026473999e-03,6.844788440503180027e-04
5.226167559158056974e-05,9.972662329673767090e-01,1.166249741800129414e-03,1.290481304749846458e-03,2.247713564429432154e-04
1.620379953237716109e-05,9.989216923713684082e-01,2.656566502992063761e-04,7.284189341589808464e-04,6.800443225074559450e-05
6.315548034763196483e-06,9.994602799415588379e-01,7.928375998744741082e-05,4.295090911909937859e-04,2.465725629008375108e-05
4.099670604773564264e-06,9.995782971382141113e-01,4.182628981652669609e-05,3.617713809944689274e-04,1.402086490998044610e-05
4.290549895813455805e-06,9.995297193527221680e-01,4.120057565160095692e-05,4.115259216632694006e-04,1.324233107879990712e-05
4.653818450606195256e-06,9.994654059410095215e-01,4.628436727216467261e-05,4.695804091170430183e-04,1.408813750458648428e-05
7.779844054311979562e-06,9.993184804916381836e-01,8.377316407859325409e-05,5.689018289558589458e-04,2.097209289786405861e-05
1.535541377961635590e-05,9.991295933723449707e-01,1.844193902797996998e-04,6.336047081276774406e-04,3.705882772919721901e-05
2.929741822299547493e-05,9.987871050834655762e-01,4.105794068891555071e-04,7.027110550552606583e-04,7.032007124507799745e-05
4.066426481585949659e-05,9.982958436012268066e-01,8.275747532024979591e-04,7.097139605320990086e-04,1.261478464584797621e-04
4.803857518709264696e-05,9.974701404571533203e-01,1.492105657234787941e-03,7.803835906088352203e-04,2.092938666464760900e-04
5.688798046321608126e-05,9.961938261985778809e-01,2.448882209137082100e-03,9.829128393903374672e-04,3.174397279508411884e-04
4.765587073052302003e-05,9.959156513214111328e-01,2.896801102906465530e-03,7.986269774846732616e-04,3.412085934542119503e-04
4.567199721350334585e-05,9.956274032592773438e-01,3.321141935884952545e-03,6.234899046830832958e-04,3.822873404715210199e-04
4.229761543683707714e-05,9.958688616752624512e-01,3.106889314949512482e-03,5.769730196334421635e-04,4.049009294249117374e-04
5.540745041798800230e-05,9.957209825515747070e-01,2.994310110807418823e-03,7.975370972417294979e-04,4.317729617469012737e-04
5.351010622689500451e-05,9.969921112060546875e-01,1.773201627656817436e-03,8.319463813677430153e-04,3.491626121103763580e-04
4.760190859087742865e-05,9.979624748229980469e-01,9.692488238215446472e-04,7.553118630312383175e-04,2.654267009347677231e-04
4.443867146619595587e-05,9.985572695732116699e-01,5.171445081941783428e-04,6.829285994172096252e-04,1.982344547286629677e-04
3.078361987718380988e-05,9.990586638450622559e-01,2.823625982273370028e-04,4.923200467601418495e-04,1.358494773739948869e-04
2.007536386372521520e-05,9.993263483047485352e-01,1.883387012640014291e-04,3.634780296124517918e-04,1.017860486172139645e-04
1.499512745795072988e-05,9.994863867759704590e-01,1.483910455135628581e-04,2.593505487311631441e-04,9.092043183045461774e-05
1.379687182634370402e-05,9.995602369308471680e-01,1.346466015093028545e-04,2.085226296912878752e-04,8.281163172796368599e-05
1.139245978265535086e-05,9.996065497398376465e-01,1.242328580701723695e-04,1.820469042286276817e-04,7.571827154606580734e-05
1.458997849113075063e-05,9.995339512825012207e-01,1.546315179439261556e-04,2.153274108422920108e-04,8.152580994646996260e-05
2.364664214837830514e-05,9.993578791618347168e-01,2.324718952877447009e-04,2.850049932021647692e-04,1.010116757242940366e-04
3.087732329731807113e-05,9.991832375526428223e-01,3.342366835568100214e-04,3.249735163990408182e-04,1.267046318389475346e-04
4.622336200554855168e-05,9.988762736320495605e-01,5.287136882543563843e-04,3.816780517809092999e-04,1.671275094849988818e-04
5.933963620918802917e-05,9.986875653266906738e-01,7.020609336905181408e-04,3.687591233756393194e-04,1.823374332161620259e-04
4.847989112022332847e-05,9.989045262336730957e-01,6.215900648385286331e-04,2.697158488444983959e-04,1.556342904223129153e-04
3.584234218578785658e-05,9.991161227226257324e-01,5.146510666236281395e-04,2.008378069149330258e-04,1.325367193203419447e-04
3.063160329475067556e-05,9.991684556007385254e-01,4.968087305314838886e-04,1.730351214064285159e-04,1.309531508013606071e-04
2.500228401913773268e-05,9.992474913597106934e-01,4.425719089340418577e-04,1.609608734725043178e-04,1.239947014255449176e-04
2.154643152607604861e-05,9.993047714233398438e-01,3.929289232473820448e-04,1.563288387842476368e-04,1.244528248207643628e-04
1.810364301491063088e-05,9.993678927421569824e-01,3.547258675098419189e-04,1.348648074781522155e-04,1.244515151483938098e-04
2.041777406702749431e-05,9.992899894714355469e-01,3.895333211403340101e-04,1.693313824944198132e-04,1.308009959757328033e-04
2.854500962712336332e-05,9.990699887275695801e-01,4.767212376464158297e-04,2.735293819569051266e-04,1.512424933025613427e-04
3.792875577346421778e-05,9.987871646881103516e-01,5.455272621475160122e-04,4.396855656523257494e-04,1.896436006063595414e-04
6.998889875831082463e-05,9.976234436035156250e-01,8.710724650882184505e-04,1.032530330121517181e-03,4.028787079732865095e-04
2.009822637774050236e-04,9.933783411979675293e-01,1.662867260165512562e-03,3.811003174632787704e-03,9.467262425459921360e-04
5.974062951281666756e-04,9.844626188278198242e-01,2.058271551504731178e-03,1.155938580632209778e-02,1.322206575423479080e-03
1.284182653762400150e-03,9.663782119750976562e-01,1.708913128823041916e-03,2.932553552091121674e-02,1.303267199546098709e-03
1.950141391716897488e-03,9.412823319435119629e-01,1.200590515509247780e-03,5.447107553482055664e-02,1.095969579182565212e-03
9.610317647457122803e-04,9.556381702423095703e-01,5.929486360400915146e-04,4.220047965645790100e-02,6.074020056985318661e-04
3.935479326173663139e-04,9.717391729354858398e-01,2.320818020962178707e-04,2.736624702811241150e-02,2.689232351258397102e-04
1.543458347441628575e-04,9.810304641723632812e-01,9.001590660773217678e-05,1.860643737018108368e-02,1.187721718451939523e-04
1.064793832483701408e-04,9.806541204452514648e-01,6.296265200944617391e-05,1.909142732620239258e-02,8.498202805640175939e-05
1.000304109766148031e-04,9.737969040870666504e-01,5.131241414346732199e-05,2.597807906568050385e-02,7.360489689745008945e-05
1.076286425814032555e-04,9.555873274803161621e-01,5.222341133048757911e-05,4.416546970605850220e-02,8.737447205930948257e-05
1.055769316735677421e-04,9.218266606330871582e-01,6.186354585224762559e-05,7.789075374603271484e-02,1.150397947640158236e-04
1.041833456838503480e-04,8.825113177299499512e-01,8.665154018672183156e-05,1.171316057443618774e-01,1.661736023379489779e-04
9.700616647023707628e-05,8.868334293365478516e-01,1.172143674921244383e-04,1.127476766705513000e-01,2.046262088697403669e-04
5.822865205118432641e-05,9.368347525596618652e-01,9.730961028253659606e-05,6.283723562955856323e-02,1.724728208500891924e-04
2.410273191344458610e-05,9.762786030769348145e-01,5.851640526088885963e-05,2.353524602949619293e-02,1.034562228596769273e-04
1.506340959167573601e-05,9.892103672027587891e-01,4.653789801523089409e-05,1.064700447022914886e-02,8.092624921118840575e-05
7.934294444567058235e-06,9.954559803009033203e-01,3.346929952385835350e-05,4.439531825482845306e-03,6.315707287285476923e-05
5.978556600894080475e-06,9.972953200340270996e-01,3.877533163176849484e-05,2.584462752565741539e-03,7.546473352704197168e-05
9.404325282957870513e-06,9.968611598014831543e-01,8.926464943215250969e-05,2.879849867895245552e-03,1.602645497769117355e-04
2.445464269840158522e-05,9.945511221885681152e-01,3.531276597641408443e-04,4.620261024683713913e-03,4.510420549195259809e-04
8.625011105323210359e-05,9.894683957099914551e-01,2.425517421215772629e-03,6.164835300296545029e-03,1.854997011832892895e-03
2.640114398673176765e-04,9.689785242080688477e-01,1.661072298884391785e-02,7.205167785286903381e-03,6.941663101315498352e-03
4.144251870457082987e-04,9.537400007247924805e-01,3.430231288075447083e-02,3.519448917359113693e-03,8.023838512599468231e-03
4.389596870169043541e-04,9.532725811004638672e-01,3.973775729537010193e-02,1.426951959729194641e-03,5.123723763972520828e-03
4.401172627694904804e-04,9.483708143234252930e-01,4.714659973978996277e-02,7.436877349391579628e-04,3.298686118796467781e-03
4.782305040862411261e-04,9.252266883850097656e-01,7.092745602130889893e-02,5.328767001628875732e-04,2.834714017808437347e-03
5.422768299467861652e-04,8.811315894126892090e-01,1.150204166769981384e-01,4.721890436485409737e-04,2.833446254953742027e-03
6.820759153924882412e-04,7.887887954711914062e-01,2.068647891283035278e-01,5.029547610320150852e-04,3.161400556564331055e-03
8.185462211258709431e-04,6.348536014556884766e-01,3.602228462696075439e-01,5.293980939313769341e-04,3.575665177777409554e-03
1.072823768481612206e-03,3.428243994712829590e-01,6.511406898498535156e-01,5.878637311980128288e-04,4.374147858470678329e-03
1.136250793933868408e-03,1.626705229282379150e-01,8.311026096343994141e-01,7.124030380509793758e-04,4.378233570605516434e-03
8.488459279760718346e-04,6.072330847382545471e-02,9.343209266662597656e-01,6.478151772171258926e-04,3.459150204434990883e-03
5.627089412882924080e-04,2.504177577793598175e-02,9.713724851608276367e-01,4.732455126941204071e-04,2.549811033532023430e-03
4.285994800738990307e-04,1.315189804881811142e-02,9.840160608291625977e-01,4.054594610352069139e-04,1.997998217120766640e-03
3.717459621839225292e-04,7.134140934795141220e-03,9.902556538581848145e-01,3.907494246959686279e-04,1.847685780376195908e-03
3.371482016518712044e-04,7.709131110459566116e-03,9.898160696029663086e-01,3.636059409473091364e-04,1.774072647094726562e-03
2.592620148789137602e-04,9.865589439868927002e-03,9.880607724189758301e-01,2.697855816222727299e-04,1.544664497487246990e-03
2.111426729243248701e-04,1.307022478431463242e-02,9.852434396743774414e-01,2.068069879896938801e-04,1.268379157409071922e-03
2.000662643695250154e-04,1.513396855443716049e-02,9.832875132560729980e-01,2.044334833044558764e-04,1.173922559246420860e-03
1.966593408724293113e-04,1.487292442470788956e-02,9.835474491119384766e-01,2.154864196199923754e-04,1.167432521469891071e-03
1.925441029015928507e-04,1.613655686378479004e-02,9.822757840156555176e-01,2.314894081791862845e-04,1.163564622402191162e-03
1.784636842785403132e-04,1.872639171779155731e-02,9.796570539474487305e-01,2.671948459465056658e-04,1.170885167084634304e-03
1.751243980834260583e-04,2.142700552940368652e-02,9.768427610397338867e-01,3.543485363479703665e-04,1.200695289298892021e-03
2.220169262727722526e-04,2.823215536773204803e-02,9.694479703903198242e-01,7.373449043370783329e-04,1.360597088932991028e-03
3.851442306768149137e-04,2.443485148251056671e-02,9.710366129875183105e-01,2.426778431981801987e-03,1.716544269584119320e-03
5.501442356035113335e-04,1.272504124790430069e-02,9.790770411491394043e-01,5.678979214280843735e-03,1.968803117051720619e-03
6.730820750817656517e-04,1.279066875576972961e-02,9.711810946464538574e-01,1.301686558872461319e-02,2.338257851079106331e-03
6.414630333893001080e-04,1.582166925072669983e-02,9.621949195861816406e-01,1.919043436646461487e-02,2.151385881006717682e-03
5.641657044179737568e-04,1.873736269772052765e-02,9.546573758125305176e-01,2.408324740827083588e-02,1.957884291186928749e-03
6.727695581503212452e-04,2.143412828445434570e-02,9.349868893623352051e-01,4.074937477707862854e-02,2.156804082915186882e-03
7.210904150269925594e-04,1.833797059953212738e-02,9.103479385375976562e-01,6.811472028493881226e-02,2.478233305737376213e-03
7.625542930327355862e-04,1.859915442764759064e-02,8.778066635131835938e-01,1.002246737480163574e-01,2.606968162581324577e-03
7.455098093487322330e-04,1.718431152403354645e-02,8.753849864006042480e-01,1.041271835565567017e-01,2.557934960350394249e-03
8.124093292281031609e-04,1.575816236436367035e-02,8.694875240325927734e-01,1.113378107547760010e-01,2.603983972221612930e-03
9.512504329904913902e-04,2.030680142343044281e-02,8.354685306549072266e-01,1.407183706760406494e-01,2.555048326030373573e-03
1.063372124917805195e-03,2.834074944257736206e-02,7.608532309532165527e-01,2.071681022644042969e-01,2.574522979557514191e-03
1.380795612931251526e-03,2.686273306608200073e-02,4.800580441951751709e-01,4.894078075885772705e-01,2.290587173774838448e-03
8.478431263938546181e-04,1.016483083367347717e-02,1.503071039915084839e-01,8.375339508056640625e-01,1.146328402683138847e-03
3.069928789045661688e-04,6.050882861018180847e-03,5.109482631087303162e-02,9.419301748275756836e-01,6.170231499709188938e-04
1.979612861759960651e-04,7.807144895195960999e-03,4.515782743692398071e-02,9.463297724723815918e-01,5.073362262919545174e-04
2.409003500360995531e-04,1.563373394310474396e-02,9.762735664844512939e-02,8.857554197311401367e-01,7.426224765367805958e-04
3.424893366172909737e-04,3.066039085388183594e-02,2.746013104915618896e-01,6.929693818092346191e-01,1.426422619260847569e-03
4.040594212710857391e-04,3.963691368699073792e-02,5.354411005973815918e-01,4.224654138088226318e-01,2.052548574283719063e-03
3.669083525892347097e-04,3.755271434783935547e-02,7.669724225997924805e-01,1.929627507925033569e-01,2.145254984498023987e-03
2.890920150093734264e-04,2.777195535600185394e-02,8.917551040649414062e-01,7.837019115686416626e-02,1.813741051591932774e-03
2.188088838011026382e-04,1.881700940430164337e-02,9.482671022415161133e-01,3.125342726707458496e-02,1.443643006496131420e-03
1.725030888337641954e-04,1.331300847232341766e-02,9.703297019004821777e-01,1.494310144335031509e-02,1.241702586412429810e-03
1.650887570576742291e-04,8.062732405960559845e-03,9.824239611625671387e-01,8.313702419400215149e-03,1.034512883052229881e-03
1.455128513043746352e-04,4.928036127239465714e-03,9.883317351341247559e-01,5.692100618034601212e-03,9.026284096762537956e-04
1.949700672412291169e-04,3.580486634746193886e-03,9.879699349403381348e-01,7.236521691083908081e-03,1.018045470118522644e-03
2.799756184685975313e-04,3.816245822235941887e-03,9.779146909713745117e-01,1.668900437653064728e-02,1.300122123211622238e-03
6.092689582146704197e-04,5.184374749660491943e-03,9.085362553596496582e-01,8.369278162717819214e-02,1.977341948077082634e-03
1.111465040594339371e-03,5.562696140259504318e-03,5.335435271263122559e-01,4.577340185642242432e-01,2.048355992883443832e-03
6.331894546747207642e-04,1.964553957805037498e-03,1.066071391105651855e-01,8.901566863059997559e-01,6.384134176187217236e-04
2.329070703126490116e-04,4.286062030587345362e-04,1.873304322361946106e-02,9.804461598396301270e-01,1.592772023286670446e-04
8.337489271070808172e-05,1.367784425383433700e-04,5.597478244453668594e-03,9.941101670265197754e-01,7.217877282528206706e-05
2.480388320691417903e-05,5.911150947213172913e-05,1.911928062327206135e-03,9.979652762413024902e-01,3.888353603542782366e-05
9.727690667205024511e-06,2.487464007572270930e-05,5.452497862279415131e-04,9.994034767150878906e-01,1.668407639954239130e-05
3.272540880061569624e-06,9.696181223262101412e-06,1.026036479743197560e-04,9.998791813850402832e-01,5.302367753756698221e-06
8.419236223744519521e-07,4.515261935011949390e-06,1.885959864011965692e-05,9.999740123748779297e-01,1.750375759002054110e-06
2.751691567937086802e-07,2.816995902321650647e-06,5.047694230597699061e-06,9.999909996986389160e-01,8.080432394308445510e-07
1.354302838763032923e-07,2.264642716909293085e-06,1.829720076784724370e-06,9.999953508377075195e-01,4.775272373080952093e-07
1.014284265465903445e-07,1.951231297425692901e-06,8.652552310195460450e-07,9.999967813491821289e-01,3.129744641228171531e-07
9.814200296887065633e-08,2.056214952972368337e-06,6.014054179104277864e-07,9.999969601631164551e-01,2.752418595264316536e-07
1.202292452262554434e-07,2.404273118372657336e-06,5.648345222653006203e-07,9.999966621398925781e-01,3.202754612630087649e-07
1.823336788220331073e-07,2.679248382264631800e-06,5.540226766242994927e-07,9.999963045120239258e-01,3.649681445949681802e-07
3.146743949855590472e-07,3.205512257409282029e-06,5.991356033518968616e-07,9.999954700469970703e-01,4.379061806503159460e-07
5.060271632828516886e-07,3.568025931599549949e-06,6.826147114225022960e-07,9.999947547912597656e-01,5.305147396938991733e-07
6.605228577427624259e-07,3.968591045122593641e-06,7.519711857639777008e-07,9.999939799308776855e-01,6.438726245505677070e-07
8.119224617075815331e-07,4.471608008316252381e-06,8.837305927045235876e-07,9.999929070472717285e-01,8.388412311433057766e-07
8.670683655509492382e-07,4.584443104249658063e-06,9.325495398115890566e-07,9.999926686286926270e-01,9.462978596275206655e-07
8.232491950366238598e-07,4.838633230974664912e-06,8.725522775421268307e-07,9.999924898147583008e-01,9.188467515741649549e-07
8.177030963452125434e-07,4.362832441984210163e-06,7.635901511093834415e-07,9.999931454658508301e-01,7.964835049278917722e-07
5.369669224819517694e-07,4.234635071043157950e-06,7.167993203438527416e-07,9.999936819076538086e-01,7.897579052951186895e-07
3.231927507840737235e-07,4.970119789504678920e-06,7.417999654535378795e-07,9.999929070472717285e-01,9.030041496771445964e-07
2.583942375622427789e-07,5.812043582409387454e-06,7.688975074415793642e-07,9.999921321868896484e-01,1.012139819067670032e-06
2.466134390033403179e-07,6.349960131046827883e-06,7.630339382558304351e-07,9.999915361404418945e-01,1.101176394513458945e-06
2.049631859790679300e-07,6.440878678404260427e-06,6.513586185974418186e-07,9.999917149543762207e-01,1.044722580445522908e-06
1.284367385778750759e-07,6.542008122778497636e-06,5.546459078686893918e-07,9.999917745590209961e-01,9.539953680359758437e-07
1.003270995170169044e-07,6.070863946661120281e-06,4.440346401679562405e-07,9.999926090240478516e-01,7.997877560228516813e-07
9.145922064135447727e-08,6.560789643117459491e-06,3.767215446259797318e-07,9.999922513961791992e-01,7.344614232351887040e-07
7.231736276480660308e-08,6.949348971829749644e-06,3.266281396463455167e-07,9.999920129776000977e-01,6.974076995902578346e-07
6.041384637001101510e-08,6.716290499753085896e-06,2.923258364262437681e-07,9.999923706054687500e-01,6.558214522556227166e-07
5.409660630562029837e-08,5.942404641245957464e-06,2.448054203796345973e-07,9.999931454658508301e-01,5.765662081103073433e-07
5.074002729088533670e-08,5.399610017775557935e-06,2.095549689329345711e-07,9.999939203262329102e-01,5.123065989209862892e-07
5.530526081543030159e-08,5.286040050123119727e-06,1.960697062486360664e-07,9.999939799308776855e-01,4.963542323821457103e-07
5.727248364451043017e-08,5.561849320656619966e-06,1.941033502816935652e-07,9.999936819076538086e-01,5.032430863138870336e-07
6.980447864179950557e-08,5.510115897777723148e-06,1.934167102035644348e-07,9.999937415122985840e-01,5.052122560300631449e-07
7.742200125449016923e-08,4.948382866132305935e-06,1.934905213829551940e-07,9.999942183494567871e-01,4.960523369845759589e-07
7.893681441828448442e-08,4.431151864991988987e-06,1.827741442639307934e-07,9.999948143959045410e-01,4.597514475790376309e-07
6.654414619333692826e-08,4.313525096222292632e-06,1.651505527888730285e-07,9.999950528144836426e-01,4.185549471458216431e-07
5.327742513827615767e-08,4.110420377401169389e-06,1.449681406029412756e-07,9.999953508377075195e-01,3.769860654756485019e-07
3.924776237340665830e-08,3.661662049125880003e-06,1.273793941436451860e-07,9.999958276748657227e-01,3.404012431929004379e-07
3.124881331473261525e-08,3.333371068947599269e-06,1.257359230066867894e-07,9.999961256980895996e-01,3.248943016842531506e-07
3.168623052829389053e-08,2.890379391828901134e-06,1.265169231601248612e-07,9.999966621398925781e-01,3.117771996130613843e-07
3.261731862380656821e-08,2.517612529118196107e-06,1.161124032478255685e-07,9.999969601631164551e-01,2.771031404336099513e-07
3.876669296687396127e-08,2.262788029838702641e-06,1.020462789824705396e-07,9.999973773956298828e-01,2.354295389750404865e-07
4.122295393926833640e-08,2.195105025748489425e-06,9.898818120746000204e-08,9.999974966049194336e-01,2.222975155063977581e-07
4.301866241007701319e-08,2.336195848329225555e-06,9.879710916038675350e-08,9.999971985816955566e-01,2.279614363942528144e-07
4.290239274951090920e-08,2.448896111673093401e-06,1.022333080413773132e-07,9.999971389770507812e-01,2.387084236943337601e-07
4.002330200592041365e-08,2.152590241166763008e-06,1.033739067679562140e-07,9.999974966049194336e-01,2.306941127017125837e-07
3.794392711142791086e-08,1.979370836124871857e-06,9.944348278168035904e-08,9.999976158142089844e-01,2.150047322402315331e-07
4.418766152980424522e-08,2.278628699059481733e-06,1.042069399659339979e-07,9.999973773956298828e-01,2.363956070894346340e-07
4.890876681429290329e-08,2.273957079523825087e-06,1.099389947967210901e-07,9.999973773956298828e-01,2.546525195157300914e-07
5.174996431378531270e-08,2.386564119660761207e-06,1.160020559609620250e-07,9.999971389770507812e-01,2.741938942563137971e-07
5.994301943701429991e-08,2.842728463292587548e-06,1.350072977857053047e-07,9.999966621398925781e-01,3.355750664013612550e-07
1.011508174997288734e-07,3.284844751760829240e-06,1.697981559800609830e-07,9.999958872795104980e-01,4.458703415366471745e-07
1.344272391179401893e-07,3.217524408682947978e-06,2.059200880921707721e-07,9.999958872795104980e-01,5.429748739516071510e-07
1.683123258544583223e-07,3.371688990227994509e-06,2.381654127248111763e-07,9.999955892562866211e-01,6.282594995354884304e-07
1.946182806022989098e-07,3.449260702836909331e-06,2.660847258084686473e-07,9.999953508377075195e-01,6.753913908141839784e-07
1.790880901353375521e-07,3.485824890958610922e-06,2.597102479739987757e-07,9.999954700469970703e-01,6.442884341595345177e-07
1.383582031166952220e-07,3.547688265825854614e-06,2.469627133905305527e-07,9.999954700469970703e-01,6.021997478455887176e-07
1.048833127015313949e-07,3.857539923046715558e-06,2.271660690666976734e-07,9.999953508377075195e-01,5.589502052316674963e-07
9.654216626131528756e-08,4.206580342724919319e-06,2.285524516310033505e-07,9.999948143959045410e-01,5.825953053317789454e-07
7.613799368755280739e-08,4.259280558471800759e-06,2.422548561753501417e-07,9.999947547912597656e-01,6.358489486046892125e-07
5.574859684998045850e-08,4.649280072044348344e-06,2.466461523908947129e-07,9.999943971633911133e-01,6.928098059688636567e-07
4.372578743527810730e-08,4.574193098960677162e-06,2.296952601454904652e-07,9.999945163726806641e-01,6.658798952230426949e-07
4.175886658686067676e-08,3.464309884293470532e-06,1.751620573031686945e-07,9.999958276748657227e-01,4.775117758981650695e-07
6.634846982933595427e-08,2.962508688142406754e-06,1.457686238381938892e-07,9.999964237213134766e-01,3.685395313368644565e-07
6.726335044504594407e-08,3.308095983811654150e-06,1.525619808262490551e-07,9.999960660934448242e-01,3.779256019242893672e-07
7.046892847029084805e-08,3.457105094639700837e-06,1.723668390241073212e-07,9.999958872795104980e-01,4.125743089389288798e-07
9.042783233326190384e-08,2.908579745053430088e-06,1.675134058132243808e-07,9.999965429306030273e-01,3.802030619226570707e-07
1.254393708904899540e-07,2.928134335888898931e-06,1.590563982745152316e-07,9.999964237213134766e-01,3.509927921641065041e-07
1.449822377708187560e-07,3.477172413113294169e-06,1.582141919698187849e-07,9.999958276748657227e-01,3.540936575063824421e-07
4.396909787374170264e-07,3.809563622780842707e-06,1.887228222585690673e-07,9.999950528144836426e-01,4.177350945155922091e-07
8.630736942905059550e-07,3.978526819992111996e-06,2.727833816607017070e-07,9.999942183494567871e-01,6.114817665547889192e-07
1.081582354345300701e-06,4.597016413754317909e-06,4.815002512259525247e-07,9.999926686286926270e-01,1.066253958015295211e-06
1.789350562830804847e-06,6.177985596877988428e-06,1.064957245944242459e-06,9.999885559082031250e-01,2.396046511421445757e-06
1.992096940739429556e-06,8.447728760074824095e-06,2.154802359655150212e-06,9.999821186065673828e-01,5.269771918392507359e-06
1.519398779237235431e-06,1.180477102025179192e-05,3.493175881885690615e-06,9.999740719795227051e-01,9.103326192416716367e-06
1.731432462293014396e-06,1.614321263332385570e-05,5.704016984964255244e-06,9.999618530273437500e-01,1.466307094233343378e-05
2.651976728884619661e-06,2.077684257528744638e-05,9.189558113575913012e-06,9.999446868896484375e-01,2.276377563248388469e-05
2.585558149803546257e-06,2.218210465798620135e-05,8.518564754922408611e-06,9.999464750289916992e-01,2.023578781518153846e-05
1.234305045727523975e-06,2.380509795329999179e-05,5.368095116864424199e-06,9.999569654464721680e-01,1.263734247913816944e-05
5.262627382762730122e-07,2.575317193986847997e-05,2.924366754086804576e-06,9.999635815620422363e-01,7.133919098123442382e-06
2.182142253559504752e-07,3.049900078622158617e-05,1.681684807408601046e-06,9.999629259109497070e-01,4.601828550221398473e-06
1.119426045192994934e-07,3.386366370250470936e-05,1.194159153783402871e-06,9.999611377716064453e-01,3.643395530161797069e-06
9.525466992954534362e-08,4.891107892035506666e-05,1.355483163933968171e-06,9.999445676803588867e-01,5.148100626684026793e-06
1.192360628010646906e-07,7.223021384561434388e-05,1.901626319522620179e-06,9.999168515205383301e-01,8.920579603000078350e-06
2.199357567178594763e-07,1.036371322697959840e-04,3.134549388050800189e-06,9.998754262924194336e-01,1.765554225130472332e-05
5.075800686427101027e-07,1.462609507143497467e-04,5.231405793892918155e-06,9.998120665550231934e-01,3.594641020754352212e-05
2.030093810390098952e-06,2.340189530514180660e-04,1.054013227985706180e-05,9.996578693389892578e-01,9.551497350912541151e-05
1.334731223323615268e-05,3.819629782810807228e-04,4.232117862557061017e-05,9.990547299385070801e-01,5.076767411082983017e-04
1.638280955376103520e-04,5.018865340389311314e-04,2.457198861520737410e-04,9.952607154846191406e-01,3.827854990959167480e-03
1.702408189885318279e-03,5.595807451754808426e-04,1.155731966719031334e-03,9.748804569244384766e-01,2.170180156826972961e-02
1.052454393357038498e-02,5.183996981941163540e-04,4.213540814816951752e-03,8.986757397651672363e-01,8.606777340173721313e-02
1.879298686981201172e-02,4.403437778819352388e-04,8.029303513467311859e-03,7.561826705932617188e-01,2.165547311305999756e-01
1.352172438055276871e-02,3.858686541207134724e-04,8.657514117658138275e-03,5.885491371154785156e-01,3.888857364654541016e-01
7.042581215500831604e-03,3.050788945984095335e-04,6.565136834979057312e-03,4.256950914859771729e-01,5.603920221328735352e-01
3.969966899603605270e-03,2.210107340943068266e-04,4.015092272311449051e-03,3.143133819103240967e-01,6.774805784225463867e-01
3.164916532114148140e-03,1.930276339408010244e-04,2.463212003931403160e-03,2.875835001468658447e-01,7.065953016281127930e-01
3.547258907929062843e-03,2.332362491870298982e-04,1.730032032355666161e-03,2.886325716972351074e-01,7.058568596839904785e-01
6.467852275818586349e-03,3.292544570285826921e-04,1.363623188808560371e-03,3.313837051391601562e-01,6.604554653167724609e-01
1.194167323410511017e-02,5.031555774621665478e-04,1.113196252845227718e-03,3.468916118144989014e-01,6.395503878593444824e-01
2.099690958857536316e-02,8.185356273315846920e-04,9.771400364115834236e-04,3.254392445087432861e-01,6.517681479454040527e-01
3.056681156158447266e-02,1.384302740916609764e-03,8.335657184943556786e-04,2.832458317279815674e-01,6.839695572853088379e-01
2.436755225062370300e-02,1.823088387027382851e-03,6.734390626661479473e-04,1.840051561594009399e-01,7.891307473182678223e-01
1.368228718638420105e-02,1.543211867101490498e-03,5.227802903391420841e-04,1.182924658060073853e-01,8.659592866897583008e-01
4.528044257313013077e-03,9.610794368200004101e-04,4.509908903855830431e-04,4.808989539742469788e-02,9.459699988365173340e-01
1.022670185193419456e-03,4.651369235944002867e-04,3.757307713385671377e-04,1.404920965433120728e-02,9.840872883796691895e-01
2.906364679802209139e-04,3.828765475191175938e-04,2.686312946025282145e-04,5.551016423851251602e-03,9.935069084167480469e-01
1.212767892866395414e-04,4.108383145648986101e-04,2.022061671596020460e-04,3.239406505599617958e-03,9.960262775421142578e-01
7.260598795255646110e-05,4.105461121071130037e-04,1.645154115976765752e-04,2.446169964969158173e-03,9.969062209129333496e-01
5.914173016208223999e-05,4.353624244686216116e-04,1.380363100906834006e-04,2.147034509107470512e-03,9.972205162048339844e-01
5.741442873841151595e-05,5.351108266040682793e-04,1.284751633647829294e-04,2.301513683050870895e-03,9.969775676727294922e-01
5.267302549327723682e-05,6.618195911869406700e-04,1.311407395405694842e-04,2.478310139849781990e-03,9.966760873794555664e-01
5.462912668008357286e-05,7.510599680244922638e-04,1.369080273434519768e-04,2.465857425704598427e-03,9.965915083885192871e-01
7.200826075859367847e-05,9.864097228273749352e-04,1.461244537495076656e-04,2.802780363708734512e-03,9.959927201271057129e-01
9.228882845491170883e-05,1.088035060092806816e-03,1.485163375036790967e-04,2.809115685522556305e-03,9.958620071411132812e-01
8.648122457088902593e-05,1.047532306984066963e-03,1.478349440731108189e-04,2.365269931033253670e-03,9.963529109954833984e-01
7.773826655466109514e-05,9.706960991024971008e-04,1.453665317967534065e-04,2.013044431805610657e-03,9.967932105064392090e-01
6.081622268538922071e-05,7.276107789948582649e-04,1.398097519995644689e-04,1.450351672247052193e-03,9.976214170455932617e-01
5.680584581568837166e-05,4.255870298948138952e-04,1.425867085345089436e-04,1.235289731994271278e-03,9.981398582458496094e-01
5.035743743064813316e-05,1.599103561602532864e-04,1.498825731687247753e-04,8.700109901838004589e-04,9.987698793411254883e-01
4.626631925930269063e-05,9.520513413008302450e-05,1.394515420543029904e-04,5.922693526372313499e-04,9.991268515586853027e-01
4.075347897014580667e-05,6.055376434233039618e-05,1.352184481220319867e-04,4.501886141952127218e-04,9.993133544921875000e-01
4.878515755990520120e-05,4.536076448857784271e-05,1.479439670220017433e-04,4.108753346372395754e-04,9.993469119071960449e-01
6.852655496913939714e-05,3.874598041875287890e-05,1.614186621736735106e-04,4.186114820186048746e-04,9.993126988410949707e-01
7.165731221903115511e-05,2.525229319871868938e-05,1.712398516247048974e-04,3.324269491713494062e-04,9.993996024131774902e-01
7.706102041993290186e-05,1.464540491724619642e-05,1.821486803237348795e-04,2.395751944277435541e-04,9.994864463806152344e-01
9.778163075679913163e-05,1.203428200824419037e-05,2.017361839534714818e-04,2.106238098349422216e-04,9.994778037071228027e-01
9.499699081061407924e-05,1.056503970175981522e-05,2.096170646836981177e-04,1.448616822017356753e-04,9.995400905609130859e-01
1.328798243775963783e-04,1.129370593844214454e-05,2.293007710250094533e-04,1.125874114222824574e-04,9.995139837265014648e-01
1.154771671281196177e-04,1.005906597129069269e-05,2.132923982571810484e-04,8.663361222716048360e-05,9.995746016502380371e-01
5.186090493225492537e-05,8.795379471848718822e-06,1.901592040667310357e-04,6.397734978236258030e-05,9.996851086616516113e-01
3.964012284995988011e-05,1.347896431980188936e-05,1.901011855807155371e-04,5.108006007503718138e-05,9.997056722640991211e-01
2.804979339998681098e-05,1.488987527409335598e-05,1.877227332442998886e-04,4.806405195267871022e-05,9.997213482856750488e-01
2.296437924087513238e-05,1.490907197876367718e-05,1.786259526852518320e-04,4.009966141893528402e-05,9.997432827949523926e-01
2.503881842130795121e-05,1.729956056806258857e-05,1.685739407548680902e-04,4.034585072076879442e-05,9.997487664222717285e-01
3.705875860759988427e-05,1.865928243205416948e-05,1.568449224578216672e-04,4.725561666418798268e-05,9.997401833534240723e-01
7.148769509512931108e-05,2.014121673710178584e-05,1.473095762776210904e-04,6.131998816272243857e-05,9.996996521949768066e-01
8.259733294835314155e-05,2.536948341003153473e-05,1.372420374536886811e-04,6.663671956630423665e-05,9.996881484985351562e-01
6.671511800959706306e-05,2.319206214451696724e-05,1.194098949781619012e-04,6.006322655593976378e-05,9.997305274009704590e-01
6.488322833320125937e-05,1.972221252799499780e-05,1.121534951380454004e-04,5.901130498386919498e-05,9.997442364692687988e-01
5.765426249126903713e-05,1.450179297535214573e-05,1.060459544532932341e-04,5.253381459624506533e-05,9.997692704200744629e-01
6.283824041020125151e-05,1.213320228998782113e-05,1.065431715687736869e-04,4.426580198924057186e-05,9.997742176055908203e-01
7.371701212832704186e-05,9.481411325396038592e-06,1.081061709555797279e-04,3.778596874326467514e-05,9.997708201408386230e-01
7.761565939290449023e-05,8.431325113633647561e-06,1.070841753971762955e-04,3.285172351752407849e-05,9.997741580009460449e-01
6.984154606470838189e-05,6.705519808747339994e-06,1.019868941511958838e-04,3.118069435004144907e-05,9.997902512550354004e-01
4.431864363141357899e-05,6.196933100000023842e-06,9.225407120538875461e-05,2.912192212534137070e-05,9.998281002044677734e-01
3.037963142560329288e-05,5.857952146470779553e-06,8.486159640597179532e-05,3.359468610142357647e-05,9.998452663421630859e-01
2.017855331359896809e-05,4.894987796433269978e-06,7.852870476199313998e-05,2.837854117387905717e-05,9.998680949211120605e-01
2.417699943180195987e-05,5.356706424208823591e-06,8.737164171179756522e-05,2.631270217534620315e-05,9.998567700386047363e-01
3.689918230520561337e-05,4.730708951683482155e-06,1.089696525014005601e-04,2.499522815924137831e-05,9.998244643211364746e-01
8.221437747124582529e-05,3.927296347683295608e-06,1.338888105237856507e-04,2.397865137027110904e-05,9.997560381889343262e-01
2.288568502990528941e-04,3.175087613271898590e-06,1.542020909255370498e-04,2.346302608202677220e-05,9.995902180671691895e-01
5.803802632726728916e-04,2.961960717584588565e-06,1.595248322701081634e-04,2.487333586032036692e-05,9.992322921752929688e-01
8.174918475560843945e-04,2.850908686014008708e-06,1.511556911282241344e-04,2.379992110945750028e-05,9.990047812461853027e-01
5.596965784206986427e-04,2.852929355867672712e-06,1.330086233792826533e-04,1.984708069358021021e-05,9.992845654487609863e-01
3.684770199470221996e-04,3.276891220593824983e-06,1.130958844441920519e-04,1.803115446818992496e-05,9.994970560073852539e-01
1.969868753803893924e-04,4.213650754536502063e-06,9.748656157171353698e-05,1.791747308743651956e-05,9.996833801269531250e-01
1.416659652022644877e-04,5.059202976553933695e-06,9.148124809144064784e-05,1.930588405230082572e-05,9.997424483299255371e-01
1.331386010861024261e-04,6.841485628683585674e-06,8.315596642205491662e-05,2.866359500330872834e-05,9.997481107711791992e-01
3.776375669986009598e-04,1.060980866895988584e-05,9.105223580263555050e-05,4.147535219090059400e-05,9.994791746139526367e-01
2.454561647027730942e-03,2.086490530928131193e-05,1.081339141819626093e-04,7.358349103014916182e-05,9.973428845405578613e-01
1.588525250554084778e-02,3.484198168735019863e-05,1.309151848545297980e-04,1.270963839488103986e-04,9.838218688964843750e-01
4.185095801949501038e-02,3.703028414747677743e-05,1.349766243947669864e-04,1.792561670299619436e-04,9.577978253364562988e-01
2.352165430784225464e-02,3.914625267498195171e-05,1.255256065633147955e-04,1.875815505627542734e-04,9.761260747909545898e-01
7.916061207652091980e-03,4.149691449129022658e-05,1.203125793836079538e-04,1.729823270579800010e-04,9.917491078376770020e-01
1.742028631269931793e-03,4.054766395711340010e-05,1.040863207890652120e-04,1.326219353359192610e-04,9.979806542396545410e-01
4.887210670858621597e-04,3.345978620927780867e-05,8.992701623355969787e-05,1.031720603350549936e-04,9.992846250534057617e-01
1.808791275834664702e-04,2.571145341789815575e-05,8.048646122915670276e-05,8.200787851819768548e-05,9.996309280395507812e-01
6.045088593964464962e-05,2.392419628449715674e-05,6.972972914809361100e-05,6.581673369510099292e-05,9.997801184654235840e-01
3.131843914161436260e-05,2.515209234843496233e-05,6.020211731083691120e-05,6.207654223544523120e-05,9.998212456703186035e-01
3.015719084942247719e-05,3.113279672106727958e-05,5.289915861794725060e-05,8.770256681600585580e-05,9.997981190681457520e-01
4.678580808104015887e-05,2.357447556278202683e-05,5.135143146617338061e-05,9.204122761730104685e-05,9.997861981391906738e-01
1.079376306734047830e-04,1.708293711999431252e-05,5.506788147613406181e-05,9.470345685258507729e-05,9.997251629829406738e-01
1.917524787131696939e-04,1.493408944952534512e-05,5.788603812106885016e-05,1.112511017709039152e-04,9.996241331100463867e-01
2.644461055751889944e-04,1.920475733641069382e-05,5.715645602322183549e-05,1.354930136585608125e-04,9.995236992835998535e-01
7.180233951658010483e-04,4.013899524579755962e-05,6.147415842860937119e-05,2.372913149883970618e-04,9.989430308341979980e-01
3.783865366131067276e-03,8.819389768177643418e-05,8.078398241195827723e-05,5.328025436028838158e-04,9.955143332481384277e-01
2.181447483599185944e-02,1.510018046246841550e-04,9.678632341092452407e-05,7.737369742244482040e-04,9.771638512611389160e-01
9.998599290847778320e-01,8.931585426807941985e-08,9.245862031548313098e-08,5.973686825200275052e-07,1.392684062011539936e-04
