1.198707427829504013e-02,8.558233380317687988e-01,7.086726278066635132e-02,2.256542257964611053e-02,3.875681385397911072e-02
1.672933431109413505e-04,9.915273189544677734e-01,5.578886717557907104e-03,6.663481472060084343e-04,2.060183323919773102e-03
7.509904207836370915e-06,9.991780519485473633e-01,5.673349369317293167e-04,4.817437366000376642e-05,1.990722084883600473e-04
1.374453063363034744e-06,9.997957944869995117e-01,1.359418820356950164e-04,1.162564603873761371e-05,5.514492659131065011e-05
6.238258833946019877e-07,9.999198913574218750e-01,4.858699321630410850e-05,5.577173396886792034e-06,2.529000812501180917e-05
5.026133180763281416e-07,9.999583363533020020e-01,2.097421202051918954e-05,4.050208190164994448e-06,1.621330738998949528e-05
5.336567596714303363e-07,9.999710917472839355e-01,1.149217587226303294e-05,3.972961167164612561e-06,1.289896135858725756e-05
1.347458692180225626e-06,9.999558925628662109e-01,1.504945339547703043e-05,6.466636023105820641e-06,2.129000677086878568e-05
9.910431799653451890e-07,9.999612569808959961e-01,1.113160033128224313e-05,6.683825176878599450e-06,1.992641227843705565e-05
4.667617190534656402e-07,9.999739527702331543e-01,6.233331987459678203e-06,5.144522674527252093e-06,1.422782861482119188e-05
2.768775573258608347e-07,9.999800920486450195e-01,4.065113898832350969e-06,4.269402779755182564e-06,1.125603012042120099e-05
1.915863947488105623e-07,9.999840259552001953e-01,2.936520786533947103e-06,3.679602741613052785e-06,9.123837116931099445e-06
4.159489890298573300e-07,9.999724626541137695e-01,4.960672413290012628e-06,5.874108410353073850e-06,1.634978980291634798e-05
3.351020723130204715e-07,9.999713897705078125e-01,5.014142971049295738e-06,6.147119165689218789e-06,1.711109689495060593e-05
6.145774023025296628e-07,9.999513626098632812e-01,8.663942935527302325e-06,9.985154974856413901e-06,2.931426934082992375e-05
3.247666597872012062e-07,9.999558925628662109e-01,7.701572940277401358e-06,1.064675416273530573e-05,2.552029764046892524e-05
4.613708313172537601e-07,9.999363422393798828e-01,1.108059132093330845e-05,1.653488106967415661e-05,3.559697506716474891e-05
2.586013181371527025e-07,9.999427795410156250e-01,1.103458180296001956e-05,1.432400131307076663e-05,3.163609653711318970e-05
1.442856785160984145e-07,9.999519586563110352e-01,1.023077311401721090e-05,1.213908217323478311e-05,2.547276017139665782e-05
8.622991032325444394e-08,9.999626278877258301e-01,8.141209946188610047e-06,1.064098887582076713e-05,1.857648931036237627e-05
5.911203260211550514e-08,9.999719262123107910e-01,5.790014256490394473e-06,9.266023880627471954e-06,1.289420197281287983e-05
5.002221215022473189e-08,9.999768733978271484e-01,4.402282229420961812e-06,8.921949302020948380e-06,9.752929145179223269e-06
4.553757548819703516e-08,9.999808073043823242e-01,3.217865014448761940e-06,8.585573596064932644e-06,7.323285899474285543e-06
1.199890391490043839e-07,9.999674558639526367e-01,5.092706032883143052e-06,1.538575634185690433e-05,1.191897899843752384e-05
1.196520571511427988e-07,9.999663829803466797e-01,5.331234206096269190e-06,1.680948116700164974e-05,1.135564434662228450e-05
2.899768105635303073e-07,9.999405741691589355e-01,9.444149327464401722e-06,2.978121119667775929e-05,1.990671626117546111e-05
2.477749774243420688e-07,9.999421834945678711e-01,8.815381988824810833e-06,3.121821646345779300e-05,1.746859743434470147e-05
5.494004540196328890e-07,9.999074339866638184e-01,1.425773825758369640e-05,4.943465683027170599e-05,2.837786450982093811e-05
3.737709732831717702e-07,9.999206066131591797e-01,1.326361507381079718e-05,4.282678492018021643e-05,2.291557029820978642e-05
2.087772230652262806e-07,9.999430179595947266e-01,9.781161679711658508e-06,3.207856570952571929e-05,1.494364823884097859e-05
1.432186849115169025e-07,9.999567270278930664e-01,7.155456842156127095e-06,2.623912951094098389e-05,9.716443855722900480e-06
3.972189688283833675e-07,9.999279975891113281e-01,1.177734429802512750e-05,4.327450005803257227e-05,1.650225749472156167e-05
3.423931502766208723e-07,9.999408125877380371e-01,1.098047778214095160e-05,3.453350655036047101e-05,1.330803843302419409e-05
2.024729184313400765e-07,9.999605417251586914e-01,8.204225196095649153e-06,2.212290928582660854e-05,8.825029908621218055e-06
1.984070223670642008e-07,9.999586939811706543e-01,8.408608664467465132e-06,2.406949352007359266e-05,8.590405741415452212e-06
4.789812919625546783e-07,9.999187588691711426e-01,1.398248878103913739e-05,5.235835487837903202e-05,1.444887948309769854e-05
7.370618391178140882e-07,9.999355077743530273e-01,1.019248156808316708e-05,4.324030305724591017e-05,1.028438055072911084e-05
1.226748850058356766e-06,9.999561309814453125e-01,7.675491360714659095e-06,2.761852920230012387e-05,7.324305443034972996e-06
2.092275963150314055e-06,9.999631643295288086e-01,7.613000889250542969e-06,1.987117138924077153e-05,7.187732080637943000e-06
2.908587930505746044e-06,9.999600648880004883e-01,9.711431630421429873e-06,1.862559111032169312e-05,8.734110451769083738e-06
3.770624743992812000e-06,9.999384880065917969e-01,2.049631984846200794e-05,2.270961158501449972e-05,1.441889980924315751e-05
6.186546670505777001e-06,9.998635649681091309e-01,6.171876157168298960e-05,3.511270551825873554e-05,3.342314084875397384e-05
5.078287358628585935e-06,9.998035430908203125e-01,1.214464646182022989e-04,2.472875348757952452e-05,4.519822323345579207e-05
5.760311523772543296e-06,9.996943473815917969e-01,2.249682147521525621e-04,1.409383457939838991e-05,6.085485802032053471e-05
1.183794938697246835e-05,9.993719458580017090e-01,4.957827623002231121e-04,1.223061553901061416e-05,1.081723821698687971e-04
1.122822959587210789e-05,9.993935823440551758e-01,4.825838259421288967e-04,9.094700544665101916e-06,1.036004687193781137e-04
7.705980351602192968e-06,9.994808435440063477e-01,4.099277721252292395e-04,8.307752977998461574e-06,9.318481170339509845e-05
5.726948074880056083e-06,9.994754195213317871e-01,4.130971792619675398e-04,9.142233466263860464e-06,9.663672972237691283e-05
3.151418695779284462e-06,9.997155070304870605e-01,2.120539866155013442e-04,9.458435670239850879e-06,5.981308640912175179e-05
2.129787390003912151e-06,9.998283386230468750e-01,1.183280910481698811e-04,9.102509466174524277e-06,4.212186831864528358e-05
1.973098733287770301e-06,9.998581409454345703e-01,9.148255776381120086e-05,9.736702850204892457e-06,3.861653749481774867e-05
1.670186748015112244e-06,9.998781681060791016e-01,7.363712938968092203e-05,1.031700412568170577e-05,3.618562550400383770e-05
1.186696977129031438e-06,9.999033808708190918e-01,5.454573329188860953e-05,1.047353816829854622e-05,3.042918433493468910e-05
7.932043217806494795e-07,9.999247789382934570e-01,3.894903784384950995e-05,1.061503189703216776e-05,2.487658457539509982e-05
5.847222155352937989e-07,9.999312162399291992e-01,3.099657624261453748e-05,1.386891472066054121e-05,2.337061596335843205e-05
4.125518842101882910e-07,9.999402761459350586e-01,2.338196281925775111e-05,1.627112942514941096e-05,1.956681080628186464e-05
2.807296937135106418e-07,9.999532699584960938e-01,1.524478193459799513e-05,1.698673077044077218e-05,1.421113483957014978e-05
1.700970244655763963e-07,9.999688863754272461e-01,7.202141205198131502e-06,1.560883174533955753e-05,8.077547136053908616e-06
1.578985546757394332e-07,9.999669790267944336e-01,5.439884262159466743e-06,2.076054079225286841e-05,6.669123195024440065e-06
2.210122858059548889e-07,9.999419450759887695e-01,6.227182439033640549e-06,4.337920836405828595e-05,8.163702659658156335e-06
1.826608695409959182e-07,9.999521970748901367e-01,3.350293809489812702e-06,3.871495573548600078e-05,5.517372756003169343e-06
1.331687258243618999e-07,9.999707937240600586e-01,1.566486389492638409e-06,2.438196315779350698e-05,3.067365014430833980e-06
8.818560104373318609e-08,9.999839067459106445e-01,7.672347805964818690e-07,1.352577146462863311e-05,1.803052668947202619e-06
6.495320548083327594e-08,9.999903440475463867e-01,4.814662588614737615e-07,7.784096851537469774e-06,1.302784994550165720e-06
4.549043808310671011e-08,9.999937415122985840e-01,3.627826004048984032e-07,4.689066372520755976e-06,1.138225570684880950e-06
3.766021094975258166e-08,9.999953508377075195e-01,3.397872774257848505e-07,3.121748250123346224e-06,1.169070287687645759e-06
3.777754997713600460e-08,9.999958276748657227e-01,3.639115391251834808e-07,2.466545311108347960e-06,1.312733616032346617e-06
4.251115370834668283e-08,9.999958276748657227e-01,4.421647759045299608e-07,2.175307372453971766e-06,1.555661697238974739e-06
4.633301031731207331e-08,9.999954700469970703e-01,5.657105361933645327e-07,2.021261479967506602e-06,1.934485226229298860e-06
4.475580084317698493e-08,9.999953508377075195e-01,6.384379958035424352e-07,1.786250777513487265e-06,2.122538489857106470e-06
4.082242455183404672e-08,9.999955892562866211e-01,6.644849008807796054e-07,1.588483428349718451e-06,2.207124680353445001e-06
3.722109909176651854e-08,9.999957084655761719e-01,6.468471269727160688e-07,1.439365405531134456e-06,2.170510015275795013e-06
1.240052824869053438e-07,9.999911785125732422e-01,1.543012331239879131e-06,2.312989408892462961e-06,4.839920620725024492e-06
1.297157012913885410e-07,9.999909400939941406e-01,1.741921323628048413e-06,2.264210706925950944e-06,4.946561602992005646e-06
1.321098466178227682e-07,9.999907612800598145e-01,1.824057676458323840e-06,2.228637413281830959e-06,4.902060936728958040e-06
1.285252011484772083e-07,9.999912977218627930e-01,1.760309373821655754e-06,2.151584567400277592e-06,4.658867510443087667e-06
1.360030097430353635e-07,9.999914169311523438e-01,1.736446165523375385e-06,2.101438667523325421e-06,4.621571406460134313e-06
1.442757735503619188e-07,9.999911785125732422e-01,1.796310925783473067e-06,2.116529003615141846e-06,4.703671947936527431e-06
1.723374225548468530e-07,9.999904632568359375e-01,2.039324499492067844e-06,2.239236437162617221e-06,5.073538432043278590e-06
2.482617560417565983e-07,9.999888539314270020e-01,2.398920514679048210e-06,2.658421180967707187e-06,5.850711204402614385e-06
3.413667570839606924e-07,9.999872446060180664e-01,2.676013082236750051e-06,3.261968686274485663e-06,6.465612841566326097e-06
5.297796406011912040e-07,9.999833703041076660e-01,3.381317128514638171e-06,4.629794148058863357e-06,8.076029189396649599e-06
1.550772140035405755e-06,9.999630451202392578e-01,7.948161510284990072e-06,9.030451110447756946e-06,1.833831447584088892e-05
1.548324917166610248e-06,9.999557733535766602e-01,1.001015516521874815e-05,1.171702751889824867e-05,2.093155126203782856e-05
1.166733454738277942e-06,9.999560117721557617e-01,1.007110313366865739e-05,1.288552266487386078e-05,1.982173307624179870e-05
9.403351555192784872e-07,9.999600648880004883e-01,8.830822480376809835e-06,1.361710928904358298e-05,1.652109131100587547e-05
8.559881621295062359e-07,9.999594092369079590e-01,8.386944500671233982e-06,1.653951949265319854e-05,1.480812352383509278e-05
6.145738780105602928e-07,9.999584555625915527e-01,8.543151125195436180e-06,1.914224048960022628e-05,1.313213851972250268e-05
4.002286573268065695e-07,9.999563097953796387e-01,1.026511654345085844e-05,2.079145087918732315e-05,1.225972846441436559e-05
3.095946681241912302e-07,9.999556541442871094e-01,1.249893102794885635e-05,2.032617157965432853e-05,1.117066040023928508e-05
8.908111794880824164e-07,9.999220371246337891e-01,2.283740104758180678e-05,3.370282865944318473e-05,2.043593121925368905e-05
1.028751398735039402e-06,9.998778104782104492e-01,3.685240881168283522e-05,5.780830542789772153e-05,2.653531555552035570e-05
1.015700036077760160e-06,9.998418092727661133e-01,5.240581594989635050e-05,7.586630090372636914e-05,2.884562309191096574e-05
9.414613373337488156e-07,9.998955726623535156e-01,3.814167939708568156e-05,4.796249413629993796e-05,1.746065208863001317e-05
8.395447252951271366e-07,9.999349117279052734e-01,2.343187770748045295e-05,3.056655259570106864e-05,1.028127189783845097e-05
6.693957743664213922e-07,9.999579191207885742e-01,1.347210127278231084e-05,2.159253017453011125e-05,6.336289061437128112e-06
6.046408884685661178e-07,9.999654293060302734e-01,1.085744770534802228e-05,1.759707629389595240e-05,5.413361577666364610e-06
5.809940262224699836e-07,9.999659061431884766e-01,1.139712094300193712e-05,1.617198176973033696e-05,5.846115527674555779e-06
5.382343033488723449e-07,9.999659061431884766e-01,1.200832593895029277e-05,1.520340265415143222e-05,6.340665095194708556e-06
4.863738354288216215e-07,9.999669790267944336e-01,1.229474855790613219e-05,1.351250466541387141e-05,6.794391538278432563e-06
4.469158909614634467e-07,9.999665021896362305e-01,1.188348869618494064e-05,1.380586127197602764e-05,7.387885034404462203e-06
3.607181611187115777e-07,9.999707937240600586e-01,9.576438060321379453e-06,1.259739383385749534e-05,6.585914889001287520e-06
3.899884291058697272e-07,9.999686479568481445e-01,9.835808668867684901e-06,1.404287741024745628e-05,7.089292012096848339e-06
4.791106107404630166e-07,9.999634027481079102e-01,1.203093052026815712e-05,1.525472907815128565e-05,8.785864338278770447e-06
5.320382570062065497e-07,9.999600648880004883e-01,1.405914645147277042e-05,1.508707373432116583e-05,1.021295338432537392e-05
5.400389682108652778e-07,9.999586939811706543e-01,1.518505814601667225e-05,1.436435741197783500e-05,1.113421149057103321e-05
6.577330964319116902e-07,9.999576210975646973e-01,1.561012686579488218e-05,1.465252989873988554e-05,1.133520618168404326e-05
9.412207759851298761e-07,9.999518394470214844e-01,1.785912718332838267e-05,1.712149605737067759e-05,1.224866264237789437e-05
1.633207830309402198e-06,9.999313950538635254e-01,2.351252805965486914e-05,2.815399238897953182e-05,1.532308306195773184e-05
2.799683898047078401e-06,9.998817443847656250e-01,3.208560519851744175e-05,6.281134119490161538e-05,2.050120747298933566e-05
5.125321422383422032e-06,9.997507929801940918e-01,6.466029299190267920e-05,1.454010489396750927e-04,3.402662332518957555e-05
5.725522441935027018e-06,9.996221661567687988e-01,7.829486276023089886e-05,2.567366173025220633e-04,3.712749457918107510e-05
4.532964339887257665e-06,9.995026588439941406e-01,6.405903695849701762e-05,3.984036447945982218e-04,3.027120874321553856e-05
3.275313474659924395e-06,9.993034601211547852e-01,3.596149690565653145e-05,6.363664288073778152e-04,2.097499236697331071e-05
1.647631734158494510e-06,9.995012283325195312e-01,1.033049193210899830e-05,4.785541968885809183e-04,8.288443495985120535e-06
8.378235634154407308e-07,9.997218847274780273e-01,3.991478479292709380e-06,2.695810981094837189e-04,3.717835397765156813e-06
5.666202582688129041e-07,9.998399019241333008e-01,2.342683728784322739e-06,1.546321145724505186e-04,2.530147867219056934e-06
4.611302415469253901e-07,9.998935461044311523e-01,1.970507355508743785e-06,1.015465677483007312e-04,2.405892473689164035e-06
3.660249774384283228e-07,9.999289512634277344e-01,1.830439032346475869e-06,6.624728848692029715e-05,2.532776989028207026e-06
2.560882137458975194e-07,9.999561309814453125e-01,1.650561671340255998e-06,3.937141809728927910e-05,2.615093080748920329e-06
1.959257787120805006e-07,9.999708533287048340e-01,1.524875756331312004e-06,2.462543670844752342e-05,2.720737484196433797e-06
1.634682575968327001e-07,9.999791979789733887e-01,1.438419872101803776e-06,1.633274041523691267e-05,2.806088332363287918e-06
1.475164452813260141e-07,9.999837279319763184e-01,1.425204800398205407e-06,1.170405084849335253e-05,2.936630153271835297e-06
1.578721935402427334e-07,9.999853968620300293e-01,1.535830392640491482e-06,9.507289178145583719e-06,3.296437398603302427e-06
1.804314422315655975e-07,9.999866485595703125e-01,1.685282654761977028e-06,7.811239811417181045e-06,3.629592811194015667e-06
1.785274008625492570e-07,9.999884366989135742e-01,1.661683768361399416e-06,6.017023224558215588e-06,3.720673021234688349e-06
1.889113576680756523e-07,9.999891519546508789e-01,1.828652443691680674e-06,4.810529844689881429e-06,4.087673460162477568e-06
1.608082698112411890e-07,9.999899268150329590e-01,1.814110305531357881e-06,3.827067757811164483e-06,4.244670435582520440e-06
1.342809241577924695e-07,9.999909400939941406e-01,1.755946641424088739e-06,2.929698439402272925e-06,4.139570592087693512e-06
1.250539298780495301e-07,9.999914169311523438e-01,1.803470468075829558e-06,2.401626261416822672e-06,4.279312179278349504e-06
1.215536968857122702e-07,9.999917745590209961e-01,1.869122343123308383e-06,1.944491714311880060e-06,4.340065970609430224e-06
1.489851086944327108e-07,9.999904632568359375e-01,2.370807123952545226e-06,1.902381086438253988e-06,5.050029358244501054e-06
1.655444492598689976e-07,9.999895691871643066e-01,2.722053295656223781e-06,1.882553647192253266e-06,5.636654805130092427e-06
2.230080013987389975e-07,9.999881982803344727e-01,3.055642764593358152e-06,2.168182618333958089e-06,6.432193004002328962e-06
5.290081617204123177e-07,9.999797344207763672e-01,5.127467829879606143e-06,3.794997610384598374e-06,1.081036498362664133e-05
9.282824748879647814e-07,9.999653100967407227e-01,8.909722055250313133e-06,6.751276941940886900e-06,1.804954627004917711e-05
1.350600541627500206e-06,9.999489784240722656e-01,1.356761731585720554e-05,1.067237190000014380e-05,2.542856236686930060e-05
1.664545038693177048e-06,9.999424219131469727e-01,1.548321233713068068e-05,1.243170572706731036e-05,2.799565118039026856e-05
1.944490122696151957e-06,9.999569654464721680e-01,1.066684671968687326e-05,1.127081031881971285e-05,1.914583663165103644e-05
1.756542815201100893e-06,9.999678730964660645e-01,7.150865712901577353e-06,1.032679847412509844e-05,1.274856185773387551e-05
1.207508717016025912e-06,9.999758005142211914e-01,5.016467639507027343e-06,9.461638910579495132e-06,8.577439075452275574e-06
8.735314054320042487e-07,9.999793767929077148e-01,3.818373443209566176e-06,9.585054613125976175e-06,6.401729024219093844e-06
7.251124429785704706e-07,9.999800920486450195e-01,3.245535253881826065e-06,1.066830191120970994e-05,5.291012712405063212e-06
6.638749141529842746e-07,9.999786019325256348e-01,3.015076117662829347e-06,1.287328905164031312e-05,4.781130428455071524e-06
6.062761030989349820e-07,9.999760389328002930e-01,2.807903456414351240e-06,1.604972567292861640e-05,4.465262918529333547e-06
6.073559006836148910e-07,9.999717473983764648e-01,2.751984311544219963e-06,2.075727388728410006e-05,4.183551936876028776e-06
6.386566724358999636e-07,9.999659061431884766e-01,2.879457042581634596e-06,2.656572542036883533e-05,4.014199930679751560e-06
8.134562676787027158e-07,9.999551773071289062e-01,3.405579263926483691e-06,3.671433660201728344e-05,3.902643129549687728e-06
1.052293214343080763e-06,9.999394416809082031e-01,4.134015853196615353e-06,5.145688191987574100e-05,3.930207640223670751e-06
1.355794893243000843e-06,9.999225139617919922e-01,5.409057393990224227e-06,6.640516949119046330e-05,4.325401732785394415e-06
2.037566900980891660e-06,9.998974800109863281e-01,7.988802281033713371e-06,8.717596938367933035e-05,5.309761036187410355e-06
3.209045416951994412e-06,9.998693466186523438e-01,1.089443503587972373e-05,1.096351043088361621e-04,6.817920620960649103e-06
5.482163487613433972e-06,9.998078346252441406e-01,1.708394847810268402e-05,1.603325654286891222e-04,9.289754416386131197e-06
1.514313407824374735e-05,9.995575547218322754e-01,4.044481829623691738e-05,3.677972999867051840e-04,1.895455170597415417e-05
5.255721771391108632e-05,9.984559416770935059e-01,8.637160499347373843e-05,1.367468154057860374e-03,3.759660830837674439e-05
1.218961042468436062e-04,9.928041696548461914e-01,1.392474223393946886e-04,6.871984805911779404e-03,6.268303695833310485e-05
1.338974980171769857e-04,9.731810092926025391e-01,1.428207760909572244e-04,2.647375687956809998e-02,6.855884566903114319e-05
1.188086462207138538e-04,9.197118282318115234e-01,1.622626004973426461e-04,7.992888242006301880e-02,7.826022920198738575e-05
7.280053978320211172e-05,8.991923332214355469e-01,1.345310738543048501e-04,1.005380228161811829e-01,6.227364065125584602e-05
2.805581243592314422e-05,9.637813568115234375e-01,4.440926932147704065e-05,3.612447157502174377e-02,2.177292662963736802e-05
8.880794666765723377e-06,9.926433563232421875e-01,1.348315527138765901e-05,7.327303290367126465e-03,6.991127520450390875e-06
3.008383828273508698e-06,9.985778927803039551e-01,5.479612354974960908e-06,1.410375814884901047e-03,3.221165798095171340e-06
1.340398057436686940e-06,9.996480941772460938e-01,3.105384166701696813e-06,3.452650853432714939e-04,2.210670118074631318e-06
8.848808192851720378e-07,9.998649358749389648e-01,2.514639618311775848e-06,1.295143010793253779e-04,2.131006340277963318e-06
8.356586249647079967e-07,9.999231100082397461e-01,2.859521146092447452e-06,7.032188295852392912e-05,2.882160288208979182e-06
7.044363314889778849e-07,9.999545812606811523e-01,2.852200168490526266e-06,3.869642387144267559e-05,3.149696794935152866e-06
5.260836246634426061e-07,9.999729990959167480e-01,2.565958538980339654e-06,2.069584115815814584e-05,3.087913228227989748e-06
4.263057746811682591e-07,9.999822974205017090e-01,2.496043862265651114e-06,1.169233655673451722e-05,3.161198264933773316e-06
3.949706410821818281e-07,9.999852180480957031e-01,2.737960812737583183e-06,7.823071427992545068e-06,3.797075578404474072e-06
4.596641929310862906e-07,9.999844431877136230e-01,3.821240170509554446e-06,5.938251888437662274e-06,5.392400453274603933e-06
5.730288421545992605e-07,9.999828338623046875e-01,5.125614734424743801e-06,4.781768893735716119e-06,6.734595899615669623e-06
7.593108080072852317e-07,9.999791383743286133e-01,7.310160526685649529e-06,4.319419986131833866e-06,8.533062100468669087e-06
1.226690301336930133e-06,9.999712705612182617e-01,1.134313242800999433e-05,4.452026132639730349e-06,1.169891766039654613e-05
1.737660454637079965e-06,9.999678730964660645e-01,1.298429469898110256e-05,4.647312380257062614e-06,1.268317464564461261e-05
4.041272404720075428e-06,9.999537467956542969e-01,1.842247002059593797e-05,6.904902875248808414e-06,1.684591006778646260e-05
1.865421108959708363e-05,9.998843073844909668e-01,4.283806265448220074e-05,1.911245271912775934e-05,3.515365096973255277e-05
7.209546311059966683e-05,9.996648430824279785e-01,1.214178555528633296e-04,6.093279444030486047e-05,8.070282638072967529e-05
1.130902819568291306e-04,9.995247125625610352e-01,1.727133058011531830e-04,9.188889089273288846e-05,9.766365110408514738e-05
1.096718115149997175e-04,9.995249509811401367e-01,1.760178565746173263e-04,1.064137104549445212e-04,8.302157948492094874e-05
6.858356209704652429e-05,9.996656179428100586e-01,1.241746940650045872e-04,8.883010741556063294e-05,5.290127592161297798e-05
2.913153184636030346e-05,9.997994303703308105e-01,8.204996993299573660e-05,5.717951717087998986e-05,3.224588363082148135e-05
1.593702836544252932e-05,9.998283386230468750e-01,8.178684947779402137e-05,4.709837230620905757e-05,2.678922828636132181e-05
1.228445853485027328e-05,9.998152852058410645e-01,9.965145000023767352e-05,4.625449582817964256e-05,2.655592288647312671e-05
1.167283971881261095e-05,9.997959733009338379e-01,1.180747931357473135e-04,4.666117456508800387e-05,2.759675771812908351e-05
1.088401859306031838e-05,9.997945427894592285e-01,1.228883629664778709e-04,4.592444383888505399e-05,2.583287096058484167e-05
1.295502988796215504e-05,9.997457861900329590e-01,1.565969723742455244e-04,5.741064887843094766e-05,2.724836303968913853e-05
1.475789213145617396e-05,9.996764063835144043e-01,2.037108642980456352e-04,7.648860628250986338e-05,2.863154622900765389e-05
1.542054087622091174e-05,9.995914101600646973e-01,2.606617636047303677e-04,1.013170258374884725e-04,3.117745291092433035e-05
1.552008325234055519e-05,9.995071887969970703e-01,3.152290300931781530e-04,1.293120294576510787e-04,3.279425072832964361e-05
1.790110945876222104e-05,9.993966817855834961e-01,3.670749429147690535e-04,1.834050926845520735e-04,3.499096419545821846e-05
1.919433998409658670e-05,9.993575215339660645e-01,3.529596724547445774e-04,2.376813354203477502e-04,3.262408790760673583e-05
1.946461452462244779e-05,9.993606805801391602e-01,3.213029413018375635e-04,2.691289992071688175e-04,2.937292447313666344e-05
2.386353662586770952e-05,9.993247985839843750e-01,3.132329147774726152e-04,3.091337275691330433e-04,2.902886444644536823e-05
3.303179983049631119e-05,9.992803335189819336e-01,2.716534945648163557e-04,3.872280358336865902e-04,2.764050623227376491e-05
3.974402716266922653e-05,9.991622567176818848e-01,2.213072730228304863e-04,5.511682247743010521e-04,2.553395279392134398e-05
4.652187999454326928e-05,9.987863898277282715e-01,2.208017394877970219e-04,9.185099625028669834e-04,2.788057645375374705e-05
6.888279312988743186e-05,9.971956610679626465e-01,3.194855235051363707e-04,2.373918192461133003e-03,4.203218122711405158e-05
1.119073349400423467e-04,9.914253950119018555e-01,4.925172543153166771e-04,7.898706011474132538e-03,7.153468322940170765e-05
1.078488421626389027e-04,9.853371381759643555e-01,5.297309253364801407e-04,1.394816115498542786e-02,7.710307545494288206e-05
4.740403164760209620e-05,9.927167296409606934e-01,1.940644287969917059e-04,7.008541375398635864e-03,3.318898598081432283e-05
2.152802881028037518e-05,9.970226883888244629e-01,6.565218063769862056e-05,2.876989543437957764e-03,1.307438105868641287e-05
1.261451416212366894e-05,9.985609054565429688e-01,3.537322118063457310e-05,1.381970709189772606e-03,9.088388651434797794e-06
8.669166163599584252e-06,9.992912411689758301e-01,2.455178218951914459e-05,6.680298247374594212e-04,7.577472388220485300e-06
7.128654488042229787e-06,9.996195435523986816e-01,2.128704181814100593e-05,3.447420895099639893e-04,7.367326361418236047e-06
4.822813025384675711e-06,9.998152852058410645e-01,1.779135163815226406e-05,1.550745510030537844e-04,7.105828444764483720e-06
3.657613433460937813e-06,9.998950958251953125e-01,1.656114363868255168e-05,7.709894998697564006e-05,7.498997547372709960e-06
3.000762035298976116e-06,9.999274611473083496e-01,1.636055276321712881e-05,4.492876905715093017e-05,8.216095011448487639e-06
2.762207259365823120e-06,9.999393224716186523e-01,1.713699930405709893e-05,3.092299812124110758e-05,9.935429261531680822e-06
3.219062136849970557e-06,9.999357461929321289e-01,2.092730028380174190e-05,2.723516627156641334e-05,1.291029639105545357e-05
3.575830305635463446e-06,9.999350309371948242e-01,2.250447141705080867e-05,2.402470454399008304e-05,1.479666116210864857e-05
4.119682216696674004e-06,9.999336600303649902e-01,2.349589703953824937e-05,2.228475023002829403e-05,1.638290996197611094e-05
4.100432761333649978e-06,9.999371767044067383e-01,2.293104989803396165e-05,1.886233258119318634e-05,1.698725100141018629e-05
4.118664946872740984e-06,9.999440908432006836e-01,2.054363903880584985e-05,1.547758802189491689e-05,1.572882320033386350e-05
5.109611265652347356e-06,9.999464750289916992e-01,1.966678610187955201e-05,1.452602919016499072e-05,1.418596275470918044e-05
8.365568646695464849e-06,9.999361038208007812e-01,2.309256888111121953e-05,1.723190325719770044e-05,1.515279836894478649e-05
2.779342139547225088e-05,9.998484849929809570e-01,5.171673910808749497e-05,3.877869312418624759e-05,3.320443647680804133e-05
1.436376187484711409e-04,9.994681477546691895e-01,1.623390708118677139e-04,1.307908969465643167e-04,9.502888133283704519e-05
5.655207205563783646e-04,9.984909296035766602e-01,3.889495856128633022e-04,3.628958074841648340e-04,1.916740438900887966e-04
7.232350762933492661e-04,9.982893466949462891e-01,3.736455691978335381e-04,4.505504621192812920e-04,1.633114297874271870e-04
3.457471320871263742e-04,9.990416765213012695e-01,2.243150229332968593e-04,2.962884609587490559e-04,9.198515181196853518e-05
1.822425110731273890e-04,9.993853569030761719e-01,1.544321276014670730e-04,2.180078008677810431e-04,5.993705053697340190e-05
1.221099519170820713e-04,9.995286464691162109e-01,1.212557472172193229e-04,1.853701542131602764e-04,4.264558447175659239e-05
7.915894821053370833e-05,9.996057748794555664e-01,1.092912352760322392e-04,1.721850567264482379e-04,3.355907756485976279e-05
6.373601354425773025e-05,9.995915889739990234e-01,1.269200292881578207e-04,1.857639144873246551e-04,3.195362660335376859e-05
5.224483538768254220e-05,9.995630383491516113e-01,1.527189888292923570e-04,2.004908601520583034e-04,3.144749280181713402e-05
4.559953231364488602e-05,9.995020031929016113e-01,1.903308293549343944e-04,2.289367403136566281e-04,3.328792081447318196e-05
4.261029971530660987e-05,9.994144439697265625e-01,2.396896888967603445e-04,2.672491245903074741e-04,3.600167838158085942e-05
4.263752998667769134e-05,9.993045330047607422e-01,3.022578894160687923e-04,3.108706150669604540e-04,3.958526576752774417e-05
4.677228935179300606e-05,9.991508722305297852e-01,3.891883825417608023e-04,3.686751006171107292e-04,4.449222979019396007e-05
5.380018774303607643e-05,9.989494681358337402e-01,5.268679233267903328e-04,4.189437604509294033e-04,5.095424421597272158e-05
6.184142694110050797e-05,9.987362027168273926e-01,7.172797922976315022e-04,4.276238905731588602e-04,5.704705108655616641e-05
8.813470776658505201e-05,9.985055327415466309e-01,8.066869922913610935e-04,5.363661330193281174e-04,6.326782022370025516e-05
2.500241680536419153e-04,9.959079027175903320e-01,2.038573380559682846e-03,1.665044343098998070e-03,1.384290226269513369e-04
8.059333777055144310e-04,9.799685478210449219e-01,1.241069845855236053e-02,6.295400671660900116e-03,5.194815457798540592e-04
2.729305764660239220e-03,8.809021711349487305e-01,9.738886356353759766e-02,1.702816598117351532e-02,1.951463171280920506e-03
4.778058733791112900e-03,6.137806177139282227e-01,3.674478232860565186e-01,1.062816567718982697e-02,3.365351352840662003e-03
3.322302829474210739e-03,4.819699227809906006e-01,5.095449686050415039e-01,2.573920413851737976e-03,2.588910283520817757e-03
1.901119714602828026e-03,3.454922437667846680e-01,6.499182581901550293e-01,6.503537297248840332e-04,2.038101898506283760e-03
1.178590115159749985e-03,1.315999478101730347e-01,8.652457594871520996e-01,2.141739823855459690e-04,1.761480001732707024e-03
6.385434535332024097e-04,3.930379450321197510e-02,9.587440490722656250e-01,7.606262806802988052e-05,1.237496384419500828e-03
3.856872790493071079e-04,2.713069505989551544e-02,9.713749885559082031e-01,5.749601768911816180e-05,1.051158877089619637e-03
2.851561293937265873e-04,2.217456139624118805e-02,9.764980673789978027e-01,7.319470023503527045e-05,9.690648876130580902e-04
2.148664789274334908e-04,1.668569445610046387e-02,9.821190834045410156e-01,9.808508184505626559e-05,8.822136442176997662e-04
1.914144522743299603e-04,1.786578074097633362e-02,9.806967377662658691e-01,2.617723075672984123e-04,9.841691935434937477e-04
1.956004853127524257e-04,2.513152733445167542e-02,9.728333353996276855e-01,7.799081504344940186e-04,1.059580128639936447e-03
2.397765638306736946e-04,4.844093322753906250e-02,9.493221044540405273e-01,9.327732841484248638e-04,1.064318814314901829e-03
2.317341422894969583e-04,5.959420651197433472e-02,9.388313889503479004e-01,4.655845114029943943e-04,8.770399144850671291e-04
2.089065965265035629e-04,5.179509893059730530e-02,9.470840096473693848e-01,1.856280869105830789e-04,7.262107683345675468e-04
1.895112654892727733e-04,3.642037510871887207e-02,9.626427888870239258e-01,7.874693255871534348e-05,6.684950203634798527e-04
1.746222551446408033e-04,2.374345809221267700e-02,9.754025936126708984e-01,4.252577491570264101e-05,6.367680034600198269e-04
1.720076543278992176e-04,1.675613038241863251e-02,9.824023246765136719e-01,3.315365029266104102e-05,6.363454740494489670e-04
1.702509471215307713e-04,1.285127270966768265e-02,9.863016009330749512e-01,3.389008998055942357e-05,6.429160712286829948e-04
1.429789990652352571e-04,9.251367300748825073e-03,9.899533987045288086e-01,3.433588062762282789e-05,6.178401526995003223e-04
1.298402930842712522e-04,5.577174015343189240e-03,9.936506152153015137e-01,4.144470949540846050e-05,6.009370554238557816e-04
1.741046144161373377e-04,3.471778240054845810e-03,9.955812692642211914e-01,9.551105176797136664e-05,6.773574859835207462e-04
1.987330324482172728e-04,1.740201143547892570e-03,9.971162080764770508e-01,1.892098662210628390e-04,7.556062191724777222e-04
1.655990199651569128e-04,1.606732374057173729e-03,9.972849488258361816e-01,2.444392885081470013e-04,6.982742343097925186e-04
1.140607637353241444e-04,1.559289055876433849e-03,9.975900650024414062e-01,1.890421117423102260e-04,5.476446822285652161e-04
7.418140739900991321e-05,1.296980306506156921e-03,9.980010986328125000e-01,1.387321972288191319e-04,4.889825358986854553e-04
5.215741475694812834e-05,1.000997028313577175e-03,9.984176158905029297e-01,1.019780465867370367e-04,4.273132362868636847e-04
4.563951370073482394e-05,8.060202817432582378e-04,9.987019300460815430e-01,8.083376451395452023e-05,3.656340704765170813e-04
4.692392758443020284e-05,6.790187326259911060e-04,9.988532066345214844e-01,7.859987817937508225e-05,3.421951842028647661e-04
6.303763075266033411e-05,6.324122077785432339e-04,9.988359808921813965e-01,1.128745570895262063e-04,3.557484888006001711e-04
1.442969078198075294e-04,7.101561059243977070e-04,9.983512163162231445e-01,3.583523503039032221e-04,4.359729937277734280e-04
4.043224907945841551e-04,1.021191244944930077e-03,9.958124160766601562e-01,2.127540530636906624e-03,6.345320143736898899e-04
1.171470503322780132e-03,1.869147643446922302e-03,9.720195531845092773e-01,2.393398247659206390e-02,1.005828497000038624e-03
2.189403865486383438e-03,2.934853779152035713e-03,7.265985608100891113e-01,2.669787704944610596e-01,1.298393006436526775e-03
9.871710790321230888e-04,1.552135683596134186e-03,1.763917654752731323e-01,8.205415010452270508e-01,5.274093709886074066e-04
2.271772391395643353e-04,4.273091617505997419e-04,2.386267855763435364e-02,9.753823876380920410e-01,1.003944416879676282e-04
8.152946975314989686e-05,1.398825843352824450e-04,4.240210168063640594e-03,9.955148100852966309e-01,2.356454206164926291e-05
3.763068525586277246e-05,6.342603592202067375e-05,1.108514727093279362e-03,9.987818002700805664e-01,8.561143658880610019e-06
1.607340709597337991e-05,3.070890670642256737e-05,3.108528326265513897e-04,9.996386766433715820e-01,3.657993829619954340e-06
4.799559519597096369e-06,1.140729909820947796e-05,5.747299292124807835e-05,9.999251961708068848e-01,1.157859287559404038e-06
1.566302671562880278e-06,4.922378138871863484e-06,1.263001740881009027e-05,9.999804496765136719e-01,4.207793722343922127e-07
5.947117642790544778e-07,3.303934363430016674e-06,4.876253115071449429e-06,9.999909400939941406e-01,2.510329863980587106e-07
5.230021429269982036e-07,3.308184432171401568e-06,3.429920298003708012e-06,9.999924898147583008e-01,2.367222720067729824e-07
8.516668685842887498e-07,4.439993062987923622e-06,4.010855263913981616e-06,9.999903440475463867e-01,3.477963446130161174e-07
2.513792878744425252e-06,7.287836979230633005e-06,7.090225608408218250e-06,9.999824166297912598e-01,6.983214007050264627e-07
7.177573479566490278e-06,1.275612703466322273e-05,1.611781408428214490e-05,9.999620914459228516e-01,1.860271709119842853e-06
1.519679244665894657e-05,2.114178096235264093e-05,3.830516652669757605e-05,9.999198913574218750e-01,5.460055945150088519e-06
2.595278056105598807e-05,3.148665564367547631e-05,7.740720320725813508e-05,9.998524785041809082e-01,1.268502546736272052e-05
1.313429220317630097e-05,2.708431384235154837e-05,8.564715972170233727e-05,9.998565316200256348e-01,1.763672662491444498e-05
9.208902156387921423e-06,1.848806823545601219e-05,6.849871715530753136e-05,9.998910427093505859e-01,1.277217143069719896e-05
1.147772854892536998e-05,1.649590012675616890e-05,6.463865429395809770e-05,9.998974800109863281e-01,9.912213499774225056e-06
1.869098377937916666e-05,2.276523082400672138e-05,7.631068001501262188e-05,9.998714923858642578e-01,1.070271537173539400e-05
2.263497117382939905e-05,3.669365105452015996e-05,1.005146696115843952e-04,9.998257160186767578e-01,1.435336071153869852e-05
2.445515565341338515e-05,6.100041355239227414e-05,1.337883586529642344e-04,9.997594356536865234e-01,2.126581784978043288e-05
1.918280941026750952e-05,8.893096674000844359e-05,1.717008417472243309e-04,9.996888041496276855e-01,3.136075974907726049e-05
1.449417504773009568e-05,1.338805159321054816e-04,2.388875436736270785e-04,9.995613694190979004e-01,5.126198811922222376e-05
1.629996950214263052e-05,1.964537077583372593e-04,3.487963404040783644e-04,9.993525743484497070e-01,8.576780965086072683e-05
2.276075792906340212e-05,2.960766432806849480e-04,4.894064040854573250e-04,9.990556836128234863e-01,1.361128524877130985e-04
3.199131242581643164e-05,4.114986513741314411e-04,6.010531214997172356e-04,9.987617731094360352e-01,1.937729539349675179e-04
3.150119300698861480e-05,5.759496125392615795e-04,8.504660800099372864e-04,9.981909394264221191e-01,3.511116665322333574e-04
2.292295903316698968e-05,5.583243328146636486e-04,1.081978203728795052e-03,9.976171255111694336e-01,7.196377846412360668e-04
1.400653854943811893e-05,4.190902109257876873e-04,9.938206057995557785e-04,9.975607395172119141e-01,1.012398046441376209e-03
7.246917903103167191e-06,2.171591040678322315e-04,4.929638816975057125e-04,9.986397027969360352e-01,6.428590859286487103e-04
3.216153118046349846e-06,8.249987877206876874e-05,1.258365227840840816e-04,9.996122717857360840e-01,1.762150350259616971e-04
1.389661633766081650e-06,2.532056169002316892e-05,1.989863085327669978e-05,9.999251961708068848e-01,2.834281440300401300e-05
2.776458359221578576e-06,2.706275517994072288e-05,1.219130081153707579e-05,9.999411106109619141e-01,1.681429057498462498e-05
2.518071141821565107e-06,1.356568918708944693e-05,5.712727215723134577e-06,9.999717473983764648e-01,6.437237061618361622e-06
8.497465273649140727e-07,4.872924819210311398e-06,1.750868250383064151e-06,9.999909400939941406e-01,1.523175342299509794e-06
1.730753069750790019e-07,1.747735268509131856e-06,4.535305606623296626e-07,9.999971985816955566e-01,3.291017378614924382e-07
3.001520454404271732e-08,7.390904670501186047e-07,1.213844456060542143e-07,9.999990463256835938e-01,8.126626482862775447e-08
7.164814519455831032e-09,3.546644506968732458e-07,3.516979063533653971e-08,9.999995231628417969e-01,2.363742979127891886e-08
2.523004472010370591e-09,2.373998313487390988e-07,1.548245087690247601e-08,9.999997615814208984e-01,1.111958258803724675e-08
1.441614716490846604e-09,1.952928272430654033e-07,9.836984560251949006e-09,9.999997615814208984e-01,7.711555838341155322e-09
1.271214022935396315e-09,1.798706676936490112e-07,7.566194781816193426e-09,9.999997615814208984e-01,6.313539024915826303e-09
1.644661962174609471e-09,1.791483867918941542e-07,6.883254854983533733e-09,9.999997615814208984e-01,6.010189235183815981e-09
2.691236788976425487e-09,2.106793175471466384e-07,8.020891506532734638e-09,9.999997615814208984e-01,7.544910474166499625e-09
4.020124233505839584e-09,2.596448780423088465e-07,1.022305262665668124e-08,9.999997615814208984e-01,1.051306153243558583e-08
6.107724548343185234e-09,3.542168940384726739e-07,1.603050314713527769e-08,9.999996423721313477e-01,1.919654302184881089e-08
1.051554754383232648e-08,5.934766704740468413e-07,3.200499421041058667e-08,9.999992847442626953e-01,4.689714927508248365e-08
2.170747848140308633e-08,9.874383977148681879e-07,6.713773359479091596e-08,9.999988079071044922e-01,1.073650182092933392e-07
5.710831274541305902e-08,1.720200998533982784e-06,1.511999982994893799e-07,9.999978542327880859e-01,2.654300601534487214e-07
1.557206132929422893e-07,3.050747864108416252e-06,3.781487407650274690e-07,9.999955892562866211e-01,7.515181437156570610e-07
5.888065857106994372e-07,5.505467470356961712e-06,1.084579935195506550e-06,9.999903440475463867e-01,2.521493115636985749e-06
1.858264567999867722e-06,8.890412573236972094e-06,2.877247197830001824e-06,9.999787807464599609e-01,7.524880857090465724e-06
5.922359832766233012e-06,1.501613496657228097e-05,7.231143172248266637e-06,9.999490380287170410e-01,2.278564898006152362e-05
1.218968554894672707e-05,2.091684473271016032e-05,1.301233442063676193e-05,9.999023675918579102e-01,5.151167351868934929e-05
1.938103741849772632e-05,2.303817200299818069e-05,1.922005685628391802e-05,9.998471140861511230e-01,9.127132216235622764e-05
2.227221375505905598e-05,2.652891453180927783e-05,2.157283051928970963e-05,9.998013377189636230e-01,1.282627636101096869e-04
1.791248178051318973e-05,2.580039472377393395e-05,1.245355088030919433e-05,9.998573660850524902e-01,8.661311585456132889e-05
1.321298987022601068e-05,1.951889316842425615e-05,7.693050065427087247e-06,9.998994469642639160e-01,5.999709901516325772e-05
8.159538083418738097e-06,1.354167306999443099e-05,8.553562111046630889e-06,9.999134540557861328e-01,5.622371463687159121e-05
6.836267857579514384e-06,1.317378337262198329e-05,1.272886947845108807e-05,9.999045133590698242e-01,6.271700112847611308e-05
8.634438017907086760e-06,2.218527879449538887e-05,2.317488178960047662e-05,9.998434782028198242e-01,1.024885350489057600e-04
1.481004346715053543e-05,5.465919821290299296e-05,5.332396904123015702e-05,9.996146559715270996e-01,2.625939669087529182e-04
2.814961771946400404e-05,1.283172023249790072e-04,1.313536486122757196e-04,9.989147782325744629e-01,7.973161991685628891e-04
5.849202352692373097e-05,2.858258958440274000e-04,3.093549457844346762e-04,9.971543550491333008e-01,2.191922394558787346e-03
1.612884807400405407e-04,6.306718569248914719e-04,7.732490776106715202e-04,9.923745989799499512e-01,6.060250103473663330e-03
3.710763412527740002e-04,1.114372047595679760e-03,1.664944342337548733e-03,9.827780723571777344e-01,1.407143473625183105e-02
7.763939211145043373e-04,1.733751501888036728e-03,3.272973233833909035e-03,9.645169973373413086e-01,2.969982102513313293e-02
1.180655555799603462e-03,2.447036560624837875e-03,5.410141777247190475e-03,9.395719170570373535e-01,5.139027535915374756e-02
1.060394919477403164e-03,2.764711156487464905e-03,6.531429942697286606e-03,9.297466874122619629e-01,5.989674478769302368e-02
7.363224285654723644e-04,2.455144422128796577e-03,6.343109533190727234e-03,9.344478249549865723e-01,5.601750314235687256e-02
4.476807953324168921e-04,2.004829235374927521e-03,6.338495761156082153e-03,9.257326126098632812e-01,6.547632813453674316e-02
3.245646657887846231e-04,1.554076792672276497e-03,5.909245926886796951e-03,8.951544761657714844e-01,9.705770015716552734e-02
2.214979467680677772e-04,1.015517511405050755e-03,3.794208867475390434e-03,8.901901841163635254e-01,1.047785580158233643e-01
1.765194610925391316e-04,5.283266073092818260e-04,1.576716545969247818e-03,9.323830604553222656e-01,6.533542275428771973e-02
1.456086465623229742e-04,2.120230492437258363e-04,4.029219562653452158e-04,9.789588451385498047e-01,2.028060704469680786e-02
8.592016820330172777e-05,6.380223931046202779e-05,8.165832696249708533e-05,9.960869550704956055e-01,3.681756323203444481e-03
7.853206625441089272e-05,1.538405376777518541e-05,1.424109177605714649e-05,9.995750784873962402e-01,3.168025286868214607e-04
2.072011011478025466e-05,4.872831596003379673e-06,3.378016572241904214e-06,9.999402761459350586e-01,3.078931695199571550e-05
1.386768985867092852e-06,1.853575895438552834e-06,8.066219265856489073e-07,9.999924898147583008e-01,3.455618525549652986e-06
8.392738237716912408e-08,9.292106710745429154e-07,2.137979464578165789e-07,9.999982118606567383e-01,5.586816200775501784e-07
1.050955233949935064e-08,4.894303629043861292e-07,6.514663652978924802e-08,9.999992847442626953e-01,1.287394013615994481e-07
2.685734745710988136e-09,2.963739405004162109e-07,2.494063799929335801e-08,9.999996423721313477e-01,4.292178701348348113e-08
1.388827608472809061e-09,2.107663448214225355e-07,1.272597405233000245e-08,9.999997615814208984e-01,1.984795972020947374e-08
1.264611859674857897e-09,1.820613846348351217e-07,9.020761915223829419e-09,9.999997615814208984e-01,1.319252085352218273e-08
1.962195295135416018e-09,1.756146730258478783e-07,8.463060474639405584e-09,9.999998807907104492e-01,1.184314868396540987e-08
5.461693319830374094e-09,1.916328074003104120e-07,1.062672527751828966e-08,9.999997615814208984e-01,1.457401843651950912e-08
1.759881129714813142e-08,2.373375735942317988e-07,1.648239766893766500e-08,9.999997615814208984e-01,2.302820689692453016e-08
4.851538548678036022e-08,3.230300649192940909e-07,2.864371140276489314e-08,9.999995231628417969e-01,4.253995200542703969e-08
1.488482013201064547e-07,5.186065550333296414e-07,5.665567925916548120e-08,9.999991059303283691e-01,9.558755209582159296e-08
5.946329793005133979e-07,8.134757081279531121e-07,1.240275082636799198e-07,9.999982118606567383e-01,2.361374100701141288e-07
2.523475131965824403e-06,1.300689405070443172e-06,3.193866291439917404e-07,9.999950528144836426e-01,6.935482019798655529e-07
6.894696980452863500e-06,2.160644271498313174e-06,7.576817893095721956e-07,9.999881982803344727e-01,1.970588300537201576e-06
3.480678060441277921e-05,4.217530658934265375e-06,2.383504806857672520e-06,9.999498128890991211e-01,8.814659850031603128e-06
4.825401265406981111e-05,8.198961040761787444e-06,6.749757631041575223e-06,9.998989105224609375e-01,3.784933505812659860e-05
5.538737241295166314e-05,2.317441794730257243e-05,2.541595313232392073e-05,9.996724128723144531e-01,2.237354055978357792e-04
6.036723789293318987e-05,5.851215973962098360e-05,8.351049473276361823e-05,9.986982345581054688e-01,1.099412096664309502e-03
7.711159560130909085e-05,7.167836156440898776e-05,1.941397640621289611e-04,9.965481758117675781e-01,3.108875127509236336e-03
9.119127935264259577e-05,5.646385034197010100e-05,2.560937136877328157e-04,9.954839944839477539e-01,4.112289287149906158e-03
9.493259858572855592e-05,3.543933053151704371e-05,1.830311666708439589e-04,9.969673156738281250e-01,2.719309646636247635e-03
4.599979365593753755e-05,2.201069946750067174e-05,1.104019829654134810e-04,9.986467361450195312e-01,1.174765289761126041e-03
1.003991746983956546e-05,2.058079917333088815e-05,6.596277671633288264e-05,9.993687272071838379e-01,5.347042460925877094e-04
2.203414851464913227e-06,2.967905675177462399e-05,5.029317253502085805e-05,9.995521306991577148e-01,3.657470806501805782e-04
6.112439336902752984e-07,3.319158349768258631e-05,3.725247734109871089e-05,9.996882677078247070e-01,2.406434068689122796e-04
4.053412965276947943e-07,3.402821312192827463e-05,2.787807716231327504e-05,9.997914433479309082e-01,1.462174404878169298e-04
4.966478286405617837e-07,3.908135113306343555e-05,2.518447035981807858e-05,9.998126626014709473e-01,1.226447202498093247e-04
9.947550552169559523e-07,4.970188456354662776e-05,2.998005948029458523e-05,9.997712373733520508e-01,1.480653590988367796e-04
2.717827783271786757e-06,7.870121771702542901e-05,3.828449916909448802e-05,9.996755123138427734e-01,2.048167516477406025e-04
1.325113680650247261e-05,1.144163688877597451e-04,4.711292785941623151e-05,9.995606541633605957e-01,2.645429922267794609e-04
7.154777995310723782e-05,1.652514765737578273e-04,6.641580694122239947e-05,9.992910027503967285e-01,4.059002967551350594e-04
1.701503206277266145e-04,2.417078503640368581e-04,9.988217789214104414e-05,9.987364411354064941e-01,7.518590427935123444e-04
1.858739706221967936e-04,3.291784960310906172e-04,1.327296195086091757e-04,9.981061220169067383e-01,1.246006111614406109e-03
1.596063957549631596e-04,4.832534759771078825e-04,1.932573213707655668e-04,9.964646100997924805e-01,2.699269680306315422e-03
1.522681413916870952e-04,6.233495660126209259e-04,2.631637908052653074e-04,9.921241402626037598e-01,6.837018299847841263e-03
1.516931806690990925e-04,6.816724198870360851e-04,2.704718499444425106e-04,9.855341911315917969e-01,1.336195319890975952e-02
2.021153632085770369e-04,5.226506618782877922e-04,1.774416887201368809e-04,9.833453893661499023e-01,1.575230993330478668e-02
3.353826468810439110e-04,3.300177340861409903e-04,2.037403901340439916e-04,9.654263854026794434e-01,3.370446711778640747e-02
5.417532520368695259e-04,2.607159549370408058e-04,2.709722029976546764e-04,9.122666716575622559e-01,8.665991574525833130e-02
9.608466061763465405e-04,2.289315016241744161e-04,3.768906462937593460e-04,7.957773804664611816e-01,2.026559561491012573e-01
2.478204900398850441e-03,2.023325068876147270e-04,3.970754623878747225e-04,6.811493039131164551e-01,3.157730400562286377e-01
6.029885727912187576e-03,2.084039442706853151e-04,3.451959346421062946e-04,6.609043478965759277e-01,3.325121998786926270e-01
1.085784751921892166e-02,2.160533185815438628e-04,4.011167329736053944e-04,6.166701912879943848e-01,3.718548417091369629e-01
1.528956182301044464e-02,2.708903048187494278e-04,3.977389133069664240e-04,6.157230734825134277e-01,3.683187067508697510e-01
1.333524566143751144e-02,3.620804636739194393e-04,3.853804664686322212e-04,5.699103474617004395e-01,4.160068631172180176e-01
8.130306378006935120e-03,3.380379057489335537e-04,4.997997311875224113e-04,4.357830584049224854e-01,5.552487373352050781e-01
5.755027756094932556e-03,2.804839168675243855e-04,6.376476376317441463e-04,3.111703991889953613e-01,6.821564435958862305e-01
3.000288503244519234e-03,1.880592462839558721e-04,6.741501274518668652e-04,1.571932435035705566e-01,8.389443159103393555e-01
1.220956328324973583e-03,1.215881929965689778e-04,5.871283938176929951e-04,6.450591981410980225e-02,9.335643649101257324e-01
1.342793926596641541e-03,1.063284944393672049e-04,5.094615626148879528e-04,3.473744913935661316e-02,9.633041024208068848e-01
8.440271019935607910e-02,1.245658640982583165e-04,5.678450688719749451e-04,1.405133958905935287e-02,9.008534550666809082e-01
