3.317318111658096313e-02,8.486120104789733887e-01,6.239813938736915588e-02,2.732161432504653931e-02,2.849498204886913300e-02
1.219791942276060581e-03,9.882648587226867676e-01,7.373403292149305344e-03,1.361344591714441776e-03,1.780640101060271263e-03
5.142013833392411470e-05,9.984766840934753418e-01,1.146999769844114780e-03,1.141039538197219372e-04,2.107047621393576264e-04
8.733302820473909378e-06,9.996488094329833984e-01,2.590277290437370539e-04,2.898593083955347538e-05,5.447841249406337738e-05
4.443017587618669495e-06,9.998385906219482422e-01,1.099231158150359988e-04,1.773664735083002597e-05,2.929604852397460490e-05
4.636806806956883520e-06,9.998623132705688477e-01,8.939746476244181395e-05,1.701937435427680612e-05,2.653394949447829276e-05
6.763127657904988155e-06,9.998396039009094238e-01,1.038340924424119294e-04,1.918890302476938814e-05,3.061174356844276190e-05
1.052335846907226369e-05,9.998439550399780273e-01,9.349280298920348287e-05,2.077238423225935549e-05,3.127050877083092928e-05
1.389284807373769581e-05,9.998691678047180176e-01,7.122304668882861733e-05,1.801678445190191269e-05,2.781320108624640852e-05
2.219459020125214010e-05,9.998627901077270508e-01,6.895128171890974045e-05,1.738783612381666899e-05,2.862002656911499798e-05
4.630326657206751406e-05,9.997915029525756836e-01,9.404167940374463797e-05,2.680088255146984011e-05,4.125282794120721519e-05
4.310266740503720939e-05,9.998246431350708008e-01,6.827241304563358426e-05,2.700917684705927968e-05,3.684334296849556267e-05
2.522740396670997143e-05,9.998892545700073242e-01,3.687670323415659368e-05,2.418730764475185424e-05,2.439966556266881526e-05
1.592792432347778231e-05,9.999393224716186523e-01,1.636465640331152827e-05,1.549047919979784638e-05,1.290814088861225173e-05
9.696124834590591490e-06,9.999599456787109375e-01,8.379317478102166206e-06,1.355132280878024176e-05,8.356095349881798029e-06
9.567118468112312257e-06,9.999424219131469727e-01,1.152127788373036310e-05,2.416658026049844921e-05,1.223289018525974825e-05
6.529317943204659969e-06,9.999581575393676758e-01,7.410133548546582460e-06,1.964191324077546597e-05,8.265260476036928594e-06
5.356190285965567455e-06,9.999719262123107910e-01,4.515206001087790355e-06,1.279236948903417215e-05,5.390647402236936614e-06
5.463425623020157218e-06,9.999716281890869141e-01,4.002666628366569057e-06,1.388667442370206118e-05,5.100881480757379904e-06
4.829463705391390249e-06,9.999708533287048340e-01,3.434093287069117650e-06,1.603312921361066401e-05,4.864914444624446332e-06
4.869547410635277629e-06,9.999666810035705566e-01,3.036866473848931491e-06,2.091524766001384705e-05,4.592358436639187858e-06
1.159671137429540977e-05,9.999597072601318359e-01,2.980000544994254597e-06,2.091813985316548496e-05,4.860861281485995278e-06
1.269215317734051496e-05,9.999562501907348633e-01,3.929836111637996510e-06,2.013862467720173299e-05,7.018898031674325466e-06
1.252281799679622054e-05,9.999538660049438477e-01,5.195622179599013180e-06,1.921160765050444752e-05,9.205118658428546041e-06
8.483510100631974638e-06,9.999635815620422363e-01,4.426066880114376545e-06,1.573572444613091648e-05,7.668291800655424595e-06
5.010462245991220698e-06,9.999739527702331543e-01,3.521893177094170824e-06,1.171402254840359092e-05,5.854769369761925191e-06
2.638949990796390921e-05,9.999265670776367188e-01,8.077362508629448712e-06,2.534588020353112370e-05,1.359179623250383884e-05
2.368548484810162336e-05,9.999258518218994141e-01,9.077353752218186855e-06,2.666998079803306609e-05,1.471174527978291735e-05
1.707357296254485846e-05,9.999390840530395508e-01,7.852529051888268441e-06,2.346692053833976388e-05,1.250384320883313194e-05
1.667229116719681770e-05,9.999339580535888672e-01,1.060738031810615212e-05,2.471604420861694962e-05,1.412757137586595491e-05
2.202052564825862646e-05,9.999044537544250488e-01,2.019722887780517340e-05,3.150801057927310467e-05,2.190572195104323328e-05
2.344450695090927184e-05,9.998861551284790039e-01,3.035362715309020132e-05,3.179549821652472019e-05,2.820150257321074605e-05
1.836666888266336173e-05,9.999029636383056641e-01,2.818566645146347582e-05,2.516295899113174528e-05,2.530711572035215795e-05
1.538712058390956372e-05,9.999328851699829102e-01,1.648962461331393570e-05,1.787403743946924806e-05,1.733559838612563908e-05
1.208782487083226442e-05,9.999423027038574219e-01,1.449109277018578723e-05,1.464054639654932544e-05,1.649385558266658336e-05
7.808521331753581762e-06,9.999516010284423828e-01,1.258284191862912849e-05,1.263087324332445860e-05,1.535195769974961877e-05
7.265173280757153407e-06,9.999473094940185547e-01,1.391281512042041868e-05,1.292695287702372298e-05,1.865796548372600228e-05
8.785018508206121624e-06,9.999293088912963867e-01,1.880485615401994437e-05,1.543095640954561532e-05,2.774948370642960072e-05
1.256577706953976303e-05,9.998902082443237305e-01,3.337956513860262930e-05,1.771616007317788899e-05,4.601668479153886437e-05
1.762837018759455532e-05,9.998562932014465332e-01,4.439203621586784720e-05,1.932085797307081521e-05,6.237687921384349465e-05
2.074472831736784428e-05,9.998597502708435059e-01,4.183183409622870386e-05,1.868093386292457581e-05,5.902126576984301209e-05
2.187050813517998904e-05,9.998728036880493164e-01,3.629975617513991892e-05,1.694639286142773926e-05,5.213692566030658782e-05
5.291939305607229471e-05,9.998058676719665527e-01,4.596966755343601108e-05,2.290222255396656692e-05,7.235368684632703662e-05
7.157487561926245689e-05,9.997838735580444336e-01,4.057829937664791942e-05,2.789020254567731172e-05,7.603224366903305054e-05
5.498570317286066711e-05,9.998022317886352539e-01,3.658163041109219193e-05,3.137472958769649267e-05,7.476464816136285663e-05
3.340551847941242158e-05,9.998281002044677734e-01,3.607481630751863122e-05,3.003649362653959543e-05,7.240946433739736676e-05
2.075691736536100507e-05,9.998749494552612305e-01,2.623832733661402017e-05,2.326682988496031612e-05,5.478063030750490725e-05
1.668170807533897460e-05,9.998928904533386230e-01,2.117715303029399365e-05,2.029152165050618351e-05,4.905346213490702212e-05
1.577758848725352436e-05,9.999023675918579102e-01,1.650576814427040517e-05,1.890050589281599969e-05,4.643438296625390649e-05
1.875091766123659909e-05,9.998897314071655273e-01,1.781770515663083643e-05,2.059424696199130267e-05,5.300823613652028143e-05
2.529686025809496641e-05,9.998590946197509766e-01,2.330391362193040550e-05,2.379756188020110130e-05,6.849963392596691847e-05
3.181515421601943672e-05,9.998165369033813477e-01,3.126815136056393385e-05,2.737220711424015462e-05,9.293090988649055362e-05
2.834094811987597495e-05,9.998259544372558594e-01,3.080914029851555824e-05,2.421089266135822982e-05,9.064251935342326760e-05
1.767491630744189024e-05,9.999037981033325195e-01,1.459934446756960824e-05,1.757582685968372971e-05,4.634068318409845233e-05
1.438110575691098347e-05,9.999190568923950195e-01,1.127749783336184919e-05,1.765958404575940222e-05,3.760184335988014936e-05
2.444687561364844441e-05,9.998788833618164062e-01,1.739355684549082071e-05,2.656889228092040867e-05,5.270247129374183714e-05
2.802714698191266507e-05,9.998599290847778320e-01,2.152031083824113011e-05,3.169985211570747197e-05,5.883390258532017469e-05
3.093553459621034563e-05,9.998426437377929688e-01,2.538773151172790676e-05,3.467597343842498958e-05,6.626574031542986631e-05
2.320615567441564053e-05,9.998783469200134277e-01,1.920847535075154155e-05,2.876058169931638986e-05,5.054281791672110558e-05
1.706079638097435236e-05,9.999064803123474121e-01,1.423914909537415951e-05,2.427213439659681171e-05,3.782126077567227185e-05
1.198192421725252643e-05,9.999309778213500977e-01,1.023816184897441417e-05,1.889537088572978973e-05,2.782715637295041233e-05
1.438434355804929510e-05,9.999351501464843750e-01,9.317508556705433875e-06,1.622958006919361651e-05,2.489227154001127928e-05
1.729424911900423467e-05,9.999300241470336914e-01,9.534073797112796456e-06,1.749125112837646157e-05,2.560339999035932124e-05
2.647038490977138281e-05,9.999123811721801758e-01,1.127112136600771919e-05,2.141520053555723280e-05,2.839042645064182580e-05
4.583964255289174616e-05,9.998810291290283203e-01,1.421543220203602687e-05,2.611620038805995136e-05,3.278471558587625623e-05
4.491724394029006362e-05,9.998907446861267090e-01,1.511341270088450983e-05,1.899376184155698866e-05,3.031454252777621150e-05
3.147266761516220868e-05,9.999125003814697266e-01,1.548161708342377096e-05,1.366516426060115919e-05,2.684759419935289770e-05
3.260701487306505442e-05,9.999034404754638672e-01,2.015939571720082313e-05,1.436659022147068754e-05,2.937533463409636170e-05
3.289809319539926946e-05,9.998873472213745117e-01,2.858333755284547806e-05,1.739088656904641539e-05,3.376449967618100345e-05
3.302729237475432456e-05,9.998838901519775391e-01,3.301290416857227683e-05,1.795868411136325449e-05,3.206721885362640023e-05
2.449539533699862659e-05,9.999126195907592773e-01,2.580133150331676006e-05,1.361326485493918881e-05,2.347359077248256654e-05
1.843176687543746084e-05,9.999289512634277344e-01,2.237455191789194942e-05,1.123850324802333489e-05,1.907221303554251790e-05
1.739962863211985677e-05,9.999327659606933594e-01,2.302650682395324111e-05,9.562885679770261049e-06,1.729456198518164456e-05
2.748408223851583898e-05,9.998992085456848145e-01,3.909130464307963848e-05,1.005035028356360272e-05,2.417598443571478128e-05
3.228705827496014535e-05,9.998843073844909668e-01,4.916201942251063883e-05,8.313752005051355809e-06,2.592717828520108014e-05
5.298792166286148131e-05,9.998233914375305176e-01,8.224896009778603911e-05,7.437291060341522098e-06,3.400541027076542377e-05
5.808876812807284296e-05,9.997586011886596680e-01,1.316009002039209008e-04,6.877313808217877522e-06,4.476001049624755979e-05
4.838640597881749272e-05,9.997801184654235840e-01,1.249081105925142765e-04,5.829052042827242985e-06,4.076075128978118300e-05
1.851224660640582442e-04,9.994950294494628906e-01,2.205323689850047231e-04,1.185779092338634655e-05,8.741932106204330921e-05
4.696330288425087929e-04,9.990054965019226074e-01,3.374333318788558245e-04,2.492400926712434739e-05,1.625996810616925359e-04
1.113502439693547785e-04,9.995095729827880859e-01,2.580611908342689276e-04,1.826624611567240208e-05,1.028089463943615556e-04
3.689685763674788177e-05,9.997032880783081055e-01,1.854811998782679439e-04,1.255851748283021152e-05,6.181271601235494018e-05
1.561915087222587317e-05,9.998407363891601562e-01,1.024491575662977993e-04,7.879256372689269483e-06,3.324974750285036862e-05
7.208016086224233732e-06,9.999049901962280273e-01,6.268363358685746789e-05,6.084885171731002629e-06,1.901224823086522520e-05
4.470026397029869258e-06,9.999307394027709961e-01,4.510314829531125724e-05,6.240106358745833859e-06,1.345308737654704601e-05
2.917244273703545332e-06,9.999454021453857422e-01,3.375168671482242644e-05,6.953519459784729406e-06,1.105530009226640686e-05
7.137675311241764575e-06,9.999125003814697266e-01,4.679629273596219718e-05,1.400935707351891324e-05,1.952686216100119054e-05
4.986104158888338134e-06,9.999233484268188477e-01,4.012108183815144002e-05,1.491458988311933354e-05,1.667003380134701729e-05
1.002535464067477733e-05,9.998815655708312988e-01,5.567047628574073315e-05,2.549803684814833105e-05,2.730366395553573966e-05
2.079521800624206662e-05,9.998022317886352539e-01,8.366051042685285211e-05,4.524316318565979600e-05,4.800537135452032089e-05
3.705716881086118519e-05,9.996855854988098145e-01,1.238237164216116071e-04,7.367014040937647223e-05,7.983749674167484045e-05
1.532632813905365765e-05,9.997393488883972168e-01,1.220565172843635082e-04,6.049211879144422710e-05,6.268584547797217965e-05
6.566116098838392645e-06,9.997874498367309570e-01,1.165324647445231676e-04,4.463885852601379156e-05,4.468225961318239570e-05
4.201080173515947536e-06,9.997951388359069824e-01,1.257255644304677844e-04,3.675280095194466412e-05,3.820845086011104286e-05
3.877552899211877957e-06,9.997693896293640137e-01,1.554954214952886105e-04,3.456737613305449486e-05,3.672648745123296976e-05
5.151602636033203453e-06,9.996653795242309570e-01,2.413724723737686872e-04,4.579708547680638731e-05,4.234503649058751762e-05
6.889780706842429936e-06,9.994928836822509766e-01,3.826407773885875940e-04,6.522488547489047050e-05,5.244821295491419733e-05
9.091223546420224011e-06,9.992453455924987793e-01,5.820261430926620960e-04,9.807581955101341009e-05,6.543902418343350291e-05
9.661226613388862461e-06,9.991444349288940430e-01,6.539497990161180496e-04,1.223699218826368451e-04,6.957681762287393212e-05
8.788042578089516610e-06,9.991638660430908203e-01,6.092163966968655586e-04,1.521962840342894197e-04,6.592893623746931553e-05
7.182455647125607356e-06,9.993121027946472168e-01,4.465546808205544949e-04,1.780947204679250717e-04,5.598812276730313897e-05
6.734833732480183244e-06,9.993296265602111816e-01,3.727472503669559956e-04,2.381133090239018202e-04,5.274732393445447087e-05
8.532509127689991146e-06,9.991099238395690918e-01,4.298641288187354803e-04,3.940440074075013399e-04,5.761452121078036726e-05
1.194444485008716583e-05,9.986776709556579590e-01,5.454099737107753754e-04,7.012974238023161888e-04,6.362263229675590992e-05
3.643432137323543429e-05,9.976115226745605469e-01,8.797511109150946140e-04,1.358996843919157982e-03,1.133139667217619717e-04
2.793876046780496836e-05,9.976328611373901367e-01,1.021320698782801628e-03,1.217190059833228588e-03,1.006287129712291062e-04
1.933578823809511960e-05,9.980327486991882324e-01,9.859212441369891167e-04,8.849083678796887398e-04,7.701157301198691130e-05
6.325744470814242959e-05,9.969686269760131836e-01,1.646025222726166248e-03,1.177045633085072041e-03,1.450210547773167491e-04
6.774976645829156041e-05,9.950664639472961426e-01,3.241501748561859131e-03,1.409157062880694866e-03,2.152442611986771226e-04
5.133341619512066245e-05,9.965192675590515137e-01,2.585246460512280464e-03,7.030384731478989124e-04,1.410659024259075522e-04
5.264083665679208934e-05,9.955351948738098145e-01,3.709302283823490143e-03,5.492655909620225430e-04,1.536053168820217252e-04
6.142803613329306245e-05,9.931178092956542969e-01,6.165058352053165436e-03,4.590461321640759706e-04,1.966949785128235817e-04
1.438907056581228971e-04,9.954940676689147949e-01,3.783419728279113770e-03,4.027665418107062578e-04,1.758326252456754446e-04
2.078279649140313268e-04,9.978623986244201660e-01,1.515479292720556259e-03,2.871685137506574392e-04,1.271005021408200264e-04
1.833573624026030302e-04,9.989166259765625000e-01,6.323356064967811108e-04,1.751140516716986895e-04,9.253259486285969615e-05
1.013463042909279466e-04,9.994645714759826660e-01,2.653037081472575665e-04,1.021471107378602028e-04,6.663703970843926072e-05
6.741552351741120219e-05,9.996510744094848633e-01,1.481762446928769350e-04,7.310025102924555540e-05,6.025571201462298632e-05
4.222402276354841888e-05,9.997302889823913574e-01,1.058233974617905915e-04,6.255297194002196193e-05,5.913840504945255816e-05
2.387498534517362714e-05,9.997897744178771973e-01,7.823037594789639115e-05,5.312641224008984864e-05,5.502294516190886497e-05
1.331587100139586255e-05,9.998388290405273438e-01,5.784432141808792949e-05,4.297096165828406811e-05,4.691820140578784049e-05
8.067661838140338659e-06,9.998770952224731445e-01,4.142878242419101298e-05,3.482274769339710474e-05,3.856107650790363550e-05
5.309027073963079602e-06,9.999051094055175781e-01,2.950682028313167393e-05,2.864449197659268975e-05,3.145211303490214050e-05
4.133980382903246209e-06,9.999230504035949707e-01,2.196601417381316423e-05,2.444044366711750627e-05,2.647088876983616501e-05
3.754069439310114831e-06,9.999330043792724609e-01,1.757701829774305224e-05,2.221991962869651616e-05,2.353563650103751570e-05
3.633301957961521111e-06,9.999378919601440430e-01,1.512937615189002827e-05,2.128860614902805537e-05,2.203457916039042175e-05
3.582500085030915216e-06,9.999432563781738281e-01,1.282152425119420514e-05,2.012493496295064688e-05,2.018007580772973597e-05
3.515761818562168628e-06,9.999486207962036133e-01,1.074763895303476602e-05,1.877133217931259423e-05,1.834015165513847023e-05
2.757382844720268622e-06,9.999565482139587402e-01,8.427956345258280635e-06,1.641340531932655722e-05,1.574967245687730610e-05
2.492421117494814098e-06,9.999599456787109375e-01,7.276794349309056997e-06,1.540886842121835798e-05,1.489703390689101070e-05
2.200989229095284827e-06,9.999650716781616211e-01,5.747542672907002270e-06,1.436264483345439658e-05,1.271834935323568061e-05
1.802153519747662358e-06,9.999696016311645508e-01,4.375273874757112935e-06,1.363279170618625358e-05,1.057720783137483522e-05
1.422551463292620610e-06,9.999734163284301758e-01,3.383742978257942013e-06,1.288933253817958757e-05,8.909381904231850058e-06
1.242497887687932234e-06,9.999747276306152344e-01,2.999975095008267090e-06,1.276156581297982484e-05,8.246726793004199862e-06
1.213945779454661533e-06,9.999740123748779297e-01,2.961263135148328729e-06,1.347285979136358947e-05,8.283860552182886750e-06
1.267619154532440007e-06,9.999719262123107910e-01,3.097466560575412586e-06,1.488467933086212724e-05,8.712355338502675295e-06
1.336234731752483640e-06,9.999703168869018555e-01,3.212229557902901433e-06,1.614678512851241976e-05,9.098283953790087253e-06
1.362863827125693206e-06,9.999694824218750000e-01,3.197287242073798552e-06,1.691514989943243563e-05,9.055694135895464569e-06
1.449985006729548331e-06,9.999681115150451660e-01,3.200005494363722391e-06,1.811322908906731755e-05,9.035904440679587424e-06
1.443324094907438848e-06,9.999680519104003906e-01,3.115457730018533766e-06,1.861919736256822944e-05,8.766489372646901757e-06
1.412011556567449588e-06,9.999678730964660645e-01,3.005464805028168485e-06,1.912236984935589135e-05,8.524993063474539667e-06
1.430580937267222907e-06,9.999677538871765137e-01,2.971348067148937844e-06,1.932266422954853624e-05,8.532256288162898272e-06
1.486768951508565806e-06,9.999669790267944336e-01,3.019277301063993946e-06,1.970467201317660511e-05,8.798802809906192124e-06
1.459695681660377886e-06,9.999670386314392090e-01,3.006063707289285958e-06,1.949242323462385684e-05,8.877635991666465998e-06
1.448258899472421035e-06,9.999672174453735352e-01,3.122069756500422955e-06,1.908895319502335042e-05,9.186685019813012332e-06
1.236935190718213562e-06,9.999688863754272461e-01,3.042948947040713392e-06,1.798485391191206872e-05,8.886131581675726920e-06
1.071915562533831690e-06,9.999700188636779785e-01,3.005387270604842342e-06,1.705980321276001632e-05,8.823052667139563709e-06
8.724773579160682857e-07,9.999719262123107910e-01,2.922827889051404782e-06,1.566046739753801376e-05,8.644621630082838237e-06
7.929343155410606414e-07,9.999728202819824219e-01,2.927964033005991951e-06,1.467837591917486861e-05,8.752596841077320278e-06
7.826902788110601250e-07,9.999729394912719727e-01,3.055671641050139442e-06,1.420635180693352595e-05,9.066988241102080792e-06
8.384453735743591096e-07,9.999719262123107910e-01,3.290488393759005703e-06,1.425145728717325255e-05,9.529601811664178967e-06
8.804161666375875939e-07,9.999715089797973633e-01,3.489446953608421609e-06,1.416689974576001987e-05,9.910521839628927410e-06
9.371936471325170714e-07,9.999700188636779785e-01,3.792765255639096722e-06,1.460987459722673520e-05,1.058287853084038943e-05
9.486380463386012707e-07,9.999689459800720215e-01,3.953005489165661857e-06,1.524233994132373482e-05,1.088239969249116257e-05
1.063599142980820034e-06,9.999662637710571289e-01,4.339739007264142856e-06,1.648632132855709642e-05,1.190388229588279501e-05
1.088130375137552619e-06,9.999656677246093750e-01,4.440463271748740226e-06,1.695035462034866214e-05,1.187361067422898486e-05
1.189569502457743511e-06,9.999630451202392578e-01,4.817861736228223890e-06,1.859554322436451912e-05,1.234974570252234116e-05
1.286425117541512009e-06,9.999604821205139160e-01,5.046447313361568376e-06,2.058144673355855048e-05,1.265133141714613885e-05
1.498276901656936388e-06,9.999567270278930664e-01,5.285913630359573290e-06,2.368564310017973185e-05,1.281921322515700012e-05
1.841871949181950185e-06,9.999514222145080566e-01,5.708669505111174658e-06,2.768902595562394708e-05,1.335639262833865359e-05
2.133049974872847088e-06,9.999459981918334961e-01,5.978898570901947096e-06,3.229063077014870942e-05,1.362460352538619190e-05
2.230542577308369800e-06,9.999432563781738281e-01,5.782167590950848535e-06,3.540089164744131267e-05,1.334567150479415432e-05
2.032670408880221657e-06,9.999439120292663574e-01,5.182097993383649737e-06,3.650120197562500834e-05,1.229109057021560147e-05
1.929911604747758247e-06,9.999421834945678711e-01,4.892169272352475673e-06,3.897382339346222579e-05,1.196196626551682130e-05
2.180926230721524917e-06,9.999346733093261719e-01,5.144993792782770470e-06,4.541460657492280006e-05,1.257835538126528263e-05
2.495355829523759894e-06,9.999257326126098633e-01,5.436425453808624297e-06,5.345069439499638975e-05,1.296270511375041679e-05
2.803066081469296478e-06,9.999190568923950195e-01,5.686403255822369829e-06,5.949835758656263351e-05,1.300309213547734544e-05
3.290353561169467866e-06,9.999128580093383789e-01,6.182860033732140437e-06,6.406123429769650102e-05,1.367202094115782529e-05
3.856267085211584345e-06,9.999083280563354492e-01,6.846837550256168470e-06,6.610718264710158110e-05,1.477852492826059461e-05
4.529097168415319175e-06,9.998993873596191406e-01,8.236611392931081355e-06,7.070747960824519396e-05,1.715678445179946721e-05
4.941351562592899427e-06,9.998918771743774414e-01,9.318708180217072368e-06,7.484305388061329722e-05,1.905428689497057348e-05
5.263127150101354346e-06,9.998811483383178711e-01,1.028690167004242539e-05,8.214705303544178605e-05,2.120316275977529585e-05
5.490586772793903947e-06,9.998786449432373047e-01,1.045912449626484886e-05,8.390541188418865204e-05,2.148372732335701585e-05
7.304237442440353334e-06,9.998681545257568359e-01,1.138611696660518646e-05,8.927664748625829816e-05,2.388154280197340995e-05
8.923590939957648516e-06,9.998650550842285156e-01,1.214878739119740203e-05,8.735372830415144563e-05,2.650367605383507907e-05
9.206338290823623538e-06,9.998642206192016602e-01,1.342391806247178465e-05,8.345102105522528291e-05,2.970862260553985834e-05
8.315964805660769343e-06,9.998714923858642578e-01,1.504708507127361372e-05,7.244061998790130019e-05,3.264114639023318887e-05
6.759284588042646646e-06,9.998787641525268555e-01,1.627387609914876521e-05,6.487078644568100572e-05,3.329858736833557487e-05
4.994104074285132810e-06,9.998904466629028320e-01,1.647220960876438767e-05,5.670300743076950312e-05,3.130282129859551787e-05
4.304131380195030943e-06,9.998956918716430664e-01,1.793733827071264386e-05,4.911192445433698595e-05,3.297438888694159687e-05
4.573879323288565502e-06,9.998943805694580078e-01,2.142921584891155362e-05,4.187474041827954352e-05,3.782274143304675817e-05
5.215808414504863322e-06,9.998852014541625977e-01,2.705263977986760437e-05,3.748154631466604769e-05,4.507180710788816214e-05
6.071906227589352056e-06,9.998697638511657715e-01,3.565748920664191246e-05,3.329531682538799942e-05,5.529612099053338170e-05
6.922328793734777719e-06,9.998627305030822754e-01,4.128695218241773546e-05,2.940008198493160307e-05,5.967963807052001357e-05
8.429901754425372928e-06,9.998620748519897461e-01,4.561171226669102907e-05,2.366922672081273049e-05,6.012265293975360692e-05
1.229485405929153785e-05,9.998353123664855957e-01,6.033649697201326489e-05,2.041985862888395786e-05,7.173533231252804399e-05
2.379996658419258893e-05,9.998058676719665527e-01,7.425679359585046768e-05,1.640007394598796964e-05,7.970139267854392529e-05
4.535427069640718400e-05,9.997208714485168457e-01,1.096028063329868019e-04,1.869506559160072356e-05,1.053835876518860459e-04
7.637372618773952127e-05,9.995906949043273926e-01,1.643468422116711736e-04,2.318356928299181163e-05,1.453969016438350081e-04
9.514676639810204506e-05,9.994847774505615234e-01,2.153557434212416410e-04,2.636816498124971986e-05,1.783076731953769922e-04
1.125635753851383924e-04,9.994829893112182617e-01,2.074946823995560408e-04,2.940787817351520061e-05,1.675454550422728062e-04
1.041581053868867457e-04,9.995909333229064941e-01,1.465291570639237761e-04,3.420420034672133625e-05,1.242015860043466091e-04
7.586789433844387531e-05,9.997143149375915527e-01,8.853375766193494201e-05,3.979454777436330914e-05,8.140236604958772659e-05
5.296336530591361225e-05,9.997795224189758301e-01,5.844083716510795057e-05,5.017293005948886275e-05,5.895055437576957047e-05
2.667094850039575249e-05,9.998638033866882324e-01,3.552341877366416156e-05,4.107288259547203779e-05,3.296401337138377130e-05
1.547633291920647025e-05,9.998975992202758789e-01,2.582136949058622122e-05,3.778888640226796269e-05,2.324782144569326192e-05
1.205352145916549489e-05,9.999044537544250488e-01,2.467772355885244906e-05,3.792893403442576528e-05,2.100419806083664298e-05
1.089495435735443607e-05,9.999072551727294922e-01,2.638225305418018252e-05,3.482919055386446416e-05,2.069744004984386265e-05
1.220824105985229835e-05,9.998964071273803711e-01,3.385523450560867786e-05,3.369026308064348996e-05,2.373751703999005258e-05
1.680884088273160160e-05,9.998580217361450195e-01,5.491615956998430192e-05,3.666196062113158405e-05,3.350969927851110697e-05
2.571670120232738554e-05,9.997889399528503418e-01,9.448135824641212821e-05,4.268496923032216728e-05,4.817726585315540433e-05
4.052029544254764915e-05,9.996746778488159180e-01,1.707490009721368551e-04,4.736543633043766022e-05,6.671582377748563886e-05
7.506442489102482796e-05,9.993770122528076172e-01,3.830845525953918695e-04,5.430308374343439937e-05,1.105036280932836235e-04
1.312698732363060117e-04,9.986347556114196777e-01,9.779703104868531227e-04,6.310494063654914498e-05,1.928693818626925349e-04
2.450274478178471327e-04,9.968611001968383789e-01,2.494946820661425591e-03,7.684225420234724879e-05,3.220262879040092230e-04
4.393539857119321823e-04,9.930985569953918457e-01,5.859280005097389221e-03,9.639253403292968869e-05,5.063385469838976860e-04
7.114803302101790905e-04,9.855679273605346680e-01,1.286221574991941452e-02,1.177527374238707125e-04,7.406240911222994328e-04
1.023302786052227020e-03,9.690370559692382812e-01,2.873916923999786377e-02,1.353859261143952608e-04,1.065102638676762581e-03
1.761501771397888660e-03,9.028096199035644531e-01,9.322611987590789795e-02,1.713064848445355892e-04,2.031459473073482513e-03
2.553665777668356895e-03,5.781327486038208008e-01,4.147356748580932617e-01,2.103764854837208986e-04,4.367503337562084198e-03
1.212177099660038948e-03,1.741849482059478760e-01,8.208569288253784180e-01,1.064308526110835373e-04,3.639547852799296379e-03
1.601497409865260124e-03,9.183655679225921631e-02,9.030032753944396973e-01,8.840652299113571644e-05,3.470280673354864120e-03
4.532284219749271870e-04,2.445372939109802246e-02,9.734577536582946777e-01,3.988893149653449655e-05,1.595278037711977959e-03
1.519424840807914734e-04,7.188315037637948990e-03,9.917802214622497559e-01,2.222608600277453661e-05,8.572578080929815769e-04
7.259289850480854511e-05,2.931238384917378426e-03,9.965590834617614746e-01,1.063557101588230580e-05,4.264806921128183603e-04
2.141590666724368930e-04,2.929170383140444756e-03,9.963499903678894043e-01,1.532644637336488813e-05,4.912593285553157330e-04
1.360375899821519852e-04,1.886487938463687897e-03,9.976689815521240234e-01,9.486901035415939987e-06,2.990220964420586824e-04
8.353120938409119844e-05,1.354310079477727413e-03,9.983541965484619141e-01,5.733183570555411279e-06,2.021809050347656012e-04
6.405689782695844769e-05,9.105441276915371418e-04,9.988669157028198242e-01,3.788232106671785004e-06,1.546675048302859068e-04
4.411711779539473355e-05,5.922419368289411068e-04,9.992344379425048828e-01,2.663514351297635585e-06,1.265719038201496005e-04
3.884887701133266091e-05,4.228205070830881596e-04,9.993950128555297852e-01,3.442753722993074916e-06,1.398603053530678153e-04
2.862974542949814349e-05,3.174766898155212402e-04,9.995397329330444336e-01,2.319704890396678820e-06,1.118230502470396459e-04
2.700322693272028118e-05,2.389853179920464754e-04,9.996371269226074219e-01,1.494155981163203251e-06,9.538716403767466545e-05
3.327855301904492080e-05,1.701238652458414435e-04,9.996979236602783203e-01,1.326488586528284941e-06,9.732993930811062455e-05
4.275386527297087014e-05,1.525383413536474109e-04,9.997028708457946777e-01,1.346479962194280233e-06,1.005236845230683684e-04
4.500033901422284544e-05,1.476816396461799741e-04,9.997027516365051270e-01,1.288538214794243686e-06,1.032233340083621442e-04
4.237893517711199820e-05,1.299565046792849898e-04,9.997273087501525879e-01,1.062776846083579585e-06,9.937604045262560248e-05
3.460296647972427309e-05,1.184505817946046591e-04,9.997591376304626465e-01,8.117816037156444509e-07,8.691481343703344464e-05
2.656615470186807215e-05,1.081450463971123099e-04,9.997855424880981445e-01,6.645774419666850008e-07,7.907753752078860998e-05
2.245137329737190157e-05,9.659591160016134381e-05,9.998073577880859375e-01,6.087250312702963129e-07,7.293708767974749207e-05
2.182562639063689858e-05,9.090760431718081236e-05,9.998150467872619629e-01,6.229062137208529748e-07,7.163694681366905570e-05
2.660408608790021390e-05,9.291008609579876065e-05,9.998011589050292969e-01,8.526079113835294265e-07,7.839475438231602311e-05
3.509794260025955737e-05,1.054741806001402438e-04,9.997643828392028809e-01,1.485585585214721505e-06,9.363977005705237389e-05
4.235465166857466102e-05,1.147613584180362523e-04,9.997202754020690918e-01,3.468200702627655119e-06,1.191761039081029594e-04
3.637800546130165458e-05,1.114511760533787310e-04,9.997146725654602051e-01,7.053866283968091011e-06,1.305258483625948429e-04
2.448951090627815574e-05,1.144449561252258718e-04,9.997246861457824707e-01,1.028511633194284514e-05,1.259856653632596135e-04
1.614784741832409054e-05,1.160863394034095109e-04,9.997183680534362793e-01,1.844808684836607426e-05,1.309671351918950677e-04
1.117528518079780042e-05,1.248132030013948679e-04,9.997373223304748535e-01,1.870746018539648503e-05,1.080090951290912926e-04
1.014825284073594958e-05,1.360517344437539577e-04,9.997329115867614746e-01,1.984223490580916405e-05,1.010665000649169087e-04
1.435185458831256256e-05,1.431399869034066796e-04,9.997281432151794434e-01,1.902690382848959416e-05,9.524227061774581671e-05
1.797249387891497463e-05,1.512605231255292892e-04,9.997254014015197754e-01,1.500808957644039765e-05,9.030946239363402128e-05
1.836579394876025617e-05,1.543939724797382951e-04,9.997294545173645020e-01,1.089942361431894824e-05,8.681167673785239458e-05
1.582858931215014309e-05,1.473875745432451367e-04,9.997518658638000488e-01,6.375767497956985608e-06,7.853649003664031625e-05
1.429163603461347520e-05,1.322005555266514421e-04,9.997497200965881348e-01,7.755923434160649776e-06,9.610752749722450972e-05
1.441003314539557323e-05,1.186308945761993527e-04,9.997370839118957520e-01,1.151577453128993511e-05,1.183223284897394478e-04
1.105995124817127362e-05,1.071297374437563121e-04,9.997748732566833496e-01,7.380962415481917560e-06,9.952294931281358004e-05
1.603265445737633854e-05,9.055249392986297607e-05,9.997910857200622559e-01,5.108359346195356920e-06,9.714456246001645923e-05
2.479489558027125895e-05,9.026606858242303133e-05,9.997744560241699219e-01,4.151680514041800052e-06,1.062678711605258286e-04
2.960047640954144299e-05,9.428225894225761294e-05,9.997609257698059082e-01,3.556997853593202308e-06,1.116250932682305574e-04
2.975671304739080369e-05,8.147062908392399549e-05,9.997715353965759277e-01,2.911838009822531603e-06,1.143072950071655214e-04
2.521025453461334109e-05,7.313825335586443543e-05,9.997938275337219238e-01,1.904810005726176314e-06,1.058488269336521626e-04
1.994101330637931824e-05,6.465671322075650096e-05,9.998163580894470215e-01,1.251352387043880299e-06,9.778247476788237691e-05
1.734982106427196413e-05,5.458455052576027811e-05,9.998314976692199707e-01,9.930688520398689434e-07,9.568957466399297118e-05
1.757936479407362640e-05,4.858175816480070353e-05,9.998369216918945312e-01,9.655758503868128173e-07,9.585104999132454395e-05
1.986645293072797358e-05,5.059880641056224704e-05,9.998293519020080566e-01,1.171721237369638402e-06,9.906161722028627992e-05
2.505886004655621946e-05,5.660850729327648878e-05,9.998048543930053711e-01,2.052318450296297669e-06,1.114082406274974346e-04
2.797355227812658995e-05,6.309675518423318863e-05,9.997822642326354980e-01,4.162845016253413633e-06,1.226125605171546340e-04
2.434297675790730864e-05,5.342948861652985215e-05,9.997779726982116699e-01,8.281964255729690194e-06,1.359884336125105619e-04
1.924843309097923338e-05,4.677688411902636290e-05,9.997712373733520508e-01,1.731106385705061257e-05,1.453536387998610735e-04
1.702867666608653963e-05,4.054828241351060569e-05,9.997634291648864746e-01,2.858731750166043639e-05,1.504614483565092087e-04
1.560521559440530837e-05,3.567180829122662544e-05,9.997486472129821777e-01,4.283785528969019651e-05,1.572434557601809502e-04
1.535334922664333135e-05,3.187011679983697832e-05,9.997187256813049316e-01,6.368442700477316976e-05,1.703384768916293979e-04
1.407111085427459329e-05,3.270078013883903623e-05,9.996925592422485352e-01,8.082829299382865429e-05,1.797754084691405296e-04
1.338986930932151154e-05,3.470035517239011824e-05,9.996796250343322754e-01,8.728136890567839146e-05,1.848745887400582433e-04
1.696914841886609793e-05,3.465653207967989147e-05,9.996684789657592773e-01,8.920073742046952248e-05,1.907218538690358400e-04
2.325369678146671504e-05,3.488367656245827675e-05,9.996460080146789551e-01,8.871233876561746001e-05,2.070471527986228466e-04
9.288032015319913626e-05,5.459803651319816709e-05,9.993398785591125488e-01,2.160374569939449430e-04,2.965813619084656239e-04
2.964606101159006357e-04,9.086565114557743073e-05,9.985988736152648926e-01,5.828040302731096745e-04,4.309714131522923708e-04
1.340514427283778787e-04,8.309571421705186367e-05,9.989552497863769531e-01,4.043488879688084126e-04,4.232192877680063248e-04
6.631479482166469097e-05,5.645878627547062933e-05,9.993859529495239258e-01,1.231169881066307425e-04,3.681982634589076042e-04
5.786914698546752334e-05,4.278739288565702736e-05,9.994883537292480469e-01,3.959629248129203916e-05,3.713684272952377796e-04
5.091033017379231751e-05,4.025388261652551591e-05,9.995076656341552734e-01,1.474399323342368007e-05,3.863845777232199907e-04
4.601080581778660417e-05,4.085352702531963587e-05,9.994862079620361328e-01,7.363139957305975258e-06,4.195485089439898729e-04
3.493794429232366383e-05,4.015285230707377195e-05,9.994853734970092773e-01,4.407188953337026760e-06,4.351461539044976234e-04
2.484664037183392793e-05,4.218281173962168396e-05,9.995371103286743164e-01,2.867055172828258947e-06,3.930372477043420076e-04
1.947066812135744840e-05,4.578791413223370910e-05,9.995765089988708496e-01,2.329443759663263336e-06,3.558906610123813152e-04
1.775101372913923115e-05,4.921427535009570420e-05,9.995896220207214355e-01,2.223345063612214290e-06,3.411293437238782644e-04
1.817883276089560241e-05,5.408126526162959635e-05,9.995862245559692383e-01,2.700382992770755664e-06,3.386577591300010681e-04
1.893225817184429616e-05,6.067475260351784527e-05,9.995642304420471191e-01,3.968961664213566110e-06,3.520853933878242970e-04
2.418338772258721292e-05,7.335178815992549062e-05,9.994837045669555664e-01,8.150508620019536465e-06,4.106091801077127457e-04
4.278963751858100295e-05,9.235195466317236423e-05,9.993027448654174805e-01,2.495488115528132766e-05,5.371349980123341084e-04
7.314822869375348091e-05,1.013730798149481416e-04,9.990697503089904785e-01,8.658586739329621196e-05,6.692333845421671867e-04
1.310403458774089813e-04,1.203129286295734346e-04,9.985376000404357910e-01,3.491239622235298157e-04,8.619106956757605076e-04
3.005229809787124395e-04,1.610431645531207323e-04,9.962059259414672852e-01,2.155768685042858124e-03,1.176670310087502003e-03
6.150767439976334572e-04,2.385153638897463679e-04,9.811697006225585938e-01,1.631327532231807709e-02,1.663405797444283962e-03
1.209841226227581501e-03,3.532285336405038834e-04,8.811607360839843750e-01,1.151263490319252014e-01,2.149828244000673294e-03
1.185341505333781242e-03,4.461828211788088083e-04,4.901728630065917969e-01,5.066179037094116211e-01,1.577733317390084267e-03
7.836605655029416084e-04,4.001882334705442190e-04,3.056654334068298340e-01,6.921768188476562500e-01,9.739113156683743000e-04
5.986647447571158409e-04,4.374150012154132128e-04,3.678722679615020752e-01,6.300602555274963379e-01,1.031404361128807068e-03
6.343926070258021355e-04,4.620954860001802444e-04,5.945484638214111328e-01,4.029786586761474609e-01,1.376357045955955982e-03
5.824789986945688725e-04,3.734304045792669058e-04,8.840323686599731445e-01,1.134852468967437744e-01,1.526442822068929672e-03
5.102821160107851028e-04,2.083415456581860781e-04,9.756797552108764648e-01,2.211952023208141327e-02,1.482112216763198376e-03
2.974086964968591928e-04,1.025951278279535472e-04,9.927707910537719727e-01,5.332450382411479950e-03,1.496711163781583309e-03
2.197721332777291536e-04,5.353537926566787064e-05,9.964630007743835449e-01,1.815483788959681988e-03,1.448196941055357456e-03
1.435083686374127865e-04,3.227794513804838061e-05,9.982739686965942383e-01,5.032460321672260761e-04,1.047025900334119797e-03
1.083953393390402198e-04,2.377202144998591393e-05,9.990807771682739258e-01,1.322310708928853273e-04,6.547488737851381302e-04
9.049335494637489319e-05,2.032223528658505529e-05,9.993989467620849609e-01,4.467220423975959420e-05,4.454517620615661144e-04
9.823823347687721252e-05,2.154146022803615779e-05,9.994209408760070801e-01,2.759060043899808079e-05,4.316801496315747499e-04
1.180715262307785451e-04,2.728388426476158202e-05,9.993767738342285156e-01,2.525123272789642215e-05,4.525438416749238968e-04
1.512129238108173013e-04,3.864298923872411251e-05,9.992653727531433105e-01,3.649291465990245342e-05,5.082170828245580196e-04
1.884687808342278004e-04,5.460855754790827632e-05,9.990663528442382812e-01,7.301099685719236732e-05,6.174386944621801376e-04
1.859544572653248906e-04,6.703994586132466793e-05,9.989591836929321289e-01,1.224035368068143725e-04,6.653717719018459320e-04
1.428442046744748950e-04,7.889599510235711932e-05,9.989497065544128418e-01,1.725131296552717686e-04,6.560389301739633083e-04
1.725996844470500946e-04,1.226787571795284748e-04,9.985168576240539551e-01,3.884706529788672924e-04,7.994568441063165665e-04
3.118032182101160288e-04,2.003152185352519155e-04,9.969416260719299316e-01,1.341919531114399433e-03,1.204246771521866322e-03
6.361628766171634197e-04,4.048084374517202377e-04,9.847760200500488281e-01,1.206911355257034302e-02,2.113904105499386787e-03
1.014669076539576054e-03,1.028178259730339050e-03,9.005098938941955566e-01,9.458152949810028076e-02,2.865822287276387215e-03
1.106542767956852913e-03,1.786393346264958382e-03,5.086602568626403809e-01,4.861011505126953125e-01,2.345644868910312653e-03
3.592610300984233618e-04,1.106787589378654957e-03,1.248078942298889160e-01,8.728870749473571777e-01,8.390077855437994003e-04
9.562443301547318697e-05,4.893426666967570782e-04,3.283521160483360291e-02,9.662808775901794434e-01,2.990075445268303156e-04
3.305048448964953423e-05,3.049084334634244442e-04,1.795195601880550385e-02,9.815073609352111816e-01,2.027087466558441520e-04
1.806401269277557731e-05,2.134600945282727480e-04,1.380899641662836075e-02,9.857776165008544922e-01,1.819240424083545804e-04
1.537119351269211620e-05,1.645094453124329448e-04,1.222493685781955719e-02,9.874133467674255371e-01,1.817462907638400793e-04
2.217417204519733787e-05,1.574774360051378608e-04,1.264663971960544586e-02,9.869994521141052246e-01,1.742557797115296125e-04
4.626561349141411483e-05,1.120065280701965094e-04,1.132298260927200317e-02,9.883749485015869141e-01,1.437073515262454748e-04
8.781974611338227987e-05,8.995661482913419604e-05,1.038872450590133667e-02,9.893071055412292480e-01,1.263866288354620337e-04
1.095951738534495234e-04,7.322619057958945632e-05,8.036639541387557983e-03,9.916734099388122559e-01,1.071661172318272293e-04
9.381765266880393028e-05,6.339864194160327315e-05,5.508666392415761948e-03,9.942438006401062012e-01,9.027613850776106119e-05
5.195412086322903633e-05,6.115232099546119571e-05,3.447578754276037216e-03,9.963650703430175781e-01,7.421254122164100409e-05
3.250362715334631503e-05,6.097377627156674862e-05,2.196422312408685684e-03,9.976477622985839844e-01,6.224080425454303622e-05
1.908018020913004875e-05,5.730693374061957002e-05,1.269375090487301350e-03,9.986055493354797363e-01,4.878059917245991528e-05
1.494101252319524065e-05,6.304569251369684935e-05,9.980696486309170723e-04,9.988756775856018066e-01,4.826178701478056610e-05
1.330723898718133569e-05,7.923726661829277873e-05,9.709853329695761204e-04,9.988791346549987793e-01,5.733421494369395077e-05
1.089089255401631817e-05,8.912650082493200898e-05,8.266254444606602192e-04,9.990108013153076172e-01,6.257445056689903140e-05
1.249452179763466120e-05,1.059579008142463863e-04,7.762288441881537437e-04,9.990341663360595703e-01,7.116743654478341341e-05
1.634734144317917526e-05,1.246243336936458945e-04,7.521276129409670830e-04,9.990236759185791016e-01,8.328787225764244795e-05
1.952265483851078898e-05,1.540120720164850354e-04,7.426720694638788700e-04,9.989835619926452637e-01,1.002662247628904879e-04
2.545170536905061454e-05,1.996021892409771681e-04,9.079409646801650524e-04,9.987213611602783203e-01,1.456644822610542178e-04
3.589789776015095413e-05,2.475117798894643784e-04,9.951376123353838921e-04,9.985290765762329102e-01,1.924315874930471182e-04
4.115855699637904763e-05,3.513932169880717993e-04,1.073132851161062717e-03,9.982799291610717773e-01,2.544138405937701464e-04
3.651244696811772883e-05,4.816906875930726528e-04,1.260418444871902466e-03,9.978246092796325684e-01,3.967348311562091112e-04
3.335401197546161711e-05,7.435139268636703491e-04,1.576134003698825836e-03,9.970390200614929199e-01,6.079140002839267254e-04
3.559008473530411720e-05,8.810810977593064308e-04,1.960655441507697105e-03,9.962958693504333496e-01,8.267989032901823521e-04
4.774648550665006042e-05,1.023913384415209293e-03,2.460137940943241119e-03,9.954311847686767578e-01,1.036960049532353878e-03
6.430810026358813047e-05,1.143371220678091049e-03,2.961283084005117416e-03,9.944149255752563477e-01,1.416082261130213737e-03
8.088497270364314318e-05,1.416202401742339134e-03,3.722249064594507217e-03,9.928272366523742676e-01,1.953424885869026184e-03
1.705444301478564739e-04,2.594945486634969711e-03,4.389582667499780655e-03,9.907264113426208496e-01,2.118562115356326103e-03
2.756184258032590151e-04,4.197067581117153168e-03,5.675037857145071030e-03,9.871152043342590332e-01,2.737090224400162697e-03
2.990925277117639780e-04,5.251488182693719864e-03,7.213373668491840363e-03,9.833188652992248535e-01,3.917165566235780716e-03
3.219661011826246977e-04,5.739056505262851715e-03,9.400501847267150879e-03,9.790658354759216309e-01,5.472562275826931000e-03
3.059807058889418840e-04,5.510523915290832520e-03,1.030596718192100525e-02,9.777256846427917480e-01,6.151741370558738708e-03
2.749544801190495491e-04,5.125903524458408356e-03,1.019865553826093674e-02,9.783663153648376465e-01,6.034185644239187241e-03
2.546592440921813250e-04,4.944769665598869324e-03,9.906601160764694214e-03,9.790859818458557129e-01,5.807941779494285583e-03
2.673465060070157051e-04,4.626391921192407608e-03,9.324384853243827820e-03,9.802767038345336914e-01,5.505163688212633133e-03
2.949915360659360886e-04,4.728436004370450974e-03,8.833429776132106781e-03,9.805333018302917480e-01,5.609855055809020996e-03
2.991906658280640841e-04,4.443458281457424164e-03,7.943373173475265503e-03,9.819064736366271973e-01,5.407495424151420593e-03
2.831065212376415730e-04,4.183624871075153351e-03,7.105635944753885269e-03,9.833778738975524902e-01,5.049654282629489899e-03
2.696160809136927128e-04,3.810901427641510963e-03,5.884008016437292099e-03,9.856064319610595703e-01,4.428977146744728088e-03
2.606050693430006504e-04,3.407088574022054672e-03,4.648620262742042542e-03,9.880484938621520996e-01,3.635166678577661514e-03
2.364302490605041385e-04,3.268727799877524376e-03,4.012187011539936066e-03,9.892452955245971680e-01,3.237451426684856415e-03
1.806677610147744417e-04,3.471395932137966156e-03,3.920319490134716034e-03,9.888713955879211426e-01,3.556241746991872787e-03
1.362663751933723688e-04,3.812168026342988014e-03,4.043519962579011917e-03,9.880282282829284668e-01,3.979758825153112411e-03
1.036609464790672064e-04,4.292428959161043167e-03,4.257843364030122757e-03,9.868186712265014648e-01,4.527504090219736099e-03
9.577164746588096023e-05,4.741599317640066147e-03,5.266381427645683289e-03,9.837602376937866211e-01,6.135938689112663269e-03
1.179618993774056435e-04,4.417386837303638458e-03,6.301326211541891098e-03,9.816600084304809570e-01,7.503244094550609589e-03
1.560974778840318322e-04,4.140603821724653244e-03,8.362702094018459320e-03,9.771922230720520020e-01,1.014837436378002167e-02
2.766224788501858711e-04,3.593729110434651375e-03,1.074784435331821442e-02,9.732054471969604492e-01,1.217634230852127075e-02
5.492365453392267227e-04,2.895940793678164482e-03,1.320657134056091309e-02,9.687579870223999023e-01,1.459028571844100952e-02
8.439153316430747509e-04,2.317830920219421387e-03,1.236054487526416779e-02,9.700155258178710938e-01,1.446220465004444122e-02
1.539261080324649811e-03,2.125666709616780281e-03,1.441689953207969666e-02,9.633463621139526367e-01,1.857183687388896942e-02
3.053676337003707886e-03,2.499006921425461769e-03,2.856324054300785065e-02,9.247327446937561035e-01,4.115132987499237061e-02
4.654679913073778152e-03,2.870357362553477287e-03,5.765679478645324707e-02,8.496861457824707031e-01,8.513200283050537109e-02
5.709996446967124939e-03,2.970553468912839890e-03,1.067757904529571533e-01,7.432957291603088379e-01,1.412478685379028320e-01
7.661988027393817902e-03,2.860211301594972610e-03,1.884116083383560181e-01,5.968373417854309082e-01,2.042288929224014282e-01
7.346384227275848389e-03,2.587059279903769493e-03,2.591055631637573242e-01,5.086830854415893555e-01,2.222778201103210449e-01
5.407193675637245178e-03,2.339461119845509529e-03,3.194664418697357178e-01,4.633210599422454834e-01,2.094659060239791870e-01
4.320641979575157166e-03,1.722367946058511734e-03,3.826190829277038574e-01,4.436092078685760498e-01,1.677286922931671143e-01
4.509040154516696930e-03,1.360816415399312973e-03,4.945104718208312988e-01,3.762547671794891357e-01,1.233649253845214844e-01
3.606279380619525909e-03,1.097701839171350002e-03,5.745702981948852539e-01,3.273651301860809326e-01,9.336061030626296997e-02
4.402889870107173920e-03,8.434831979684531689e-04,6.478344798088073730e-01,2.592292726039886475e-01,8.768983930349349976e-02
8.213173747062683105e-01,7.907029794296249747e-05,1.454520523548126221e-01,1.632839627563953400e-02,1.682315580546855927e-02
