1.723778806626796722e-02,8.333740830421447754e-01,6.491006165742874146e-02,3.664367273449897766e-02,4.783441126346588135e-02
6.116472068242728710e-04,9.859828352928161621e-01,6.630645133554935455e-03,2.304852474480867386e-03,4.469999577850103378e-03
1.157941078417934477e-04,9.975086450576782227e-01,1.287058345042169094e-03,3.033112734556198120e-04,7.851286791265010834e-04
4.498707858147099614e-05,9.989748597145080566e-01,5.163411842659115791e-04,9.549256355967372656e-05,3.682570823002606630e-04
2.519950976420659572e-05,9.993102550506591797e-01,3.328193561173975468e-04,4.734764297609217465e-05,2.844103728421032429e-04
2.284631227666977793e-05,9.995060563087463379e-01,2.377033088123425841e-04,2.858808329619932920e-05,2.048245660262182355e-04
2.195577144448179752e-05,9.996532797813415527e-01,1.549156440887600183e-04,1.951092963281553239e-05,1.501893566455692053e-04
1.830225301091559231e-05,9.997704625129699707e-01,9.328101441496983171e-05,1.355627409793669358e-05,1.044266609824262559e-04
1.411371522408444434e-05,9.998281002044677734e-01,6.639446655753999949e-05,1.116576095228083432e-05,8.010938472580164671e-05
1.275881641049636528e-05,9.998447895050048828e-01,5.037079245084896684e-05,1.266509298147866502e-05,7.940937211969867349e-05
1.337327921646647155e-05,9.998546242713928223e-01,3.758549428312107921e-05,1.867475293693132699e-05,7.570816524093970656e-05
1.058351426763692871e-05,9.998881816864013672e-01,1.917543886520434171e-05,2.916388984885998070e-05,5.280817640596069396e-05
4.057383193867281079e-06,9.999312162399291992e-01,8.711675036465749145e-06,2.575656253611668944e-05,3.028223909495864064e-05
1.253170012205373496e-06,9.999685287475585938e-01,3.500299044389976189e-06,1.235105264640878886e-05,1.427571078238543123e-05
7.178705914157035295e-07,9.999771714210510254e-01,2.658905486896401271e-06,8.039037311391439289e-06,1.154740220954408869e-05
4.770980126522772480e-07,9.999793767929077148e-01,2.601280812086770311e-06,6.312663572316523641e-06,1.128304847952676937e-05
3.400936350317351753e-07,9.999815225601196289e-01,2.402395921308198012e-06,5.120157311466755345e-06,1.055899610946653411e-05
3.164629447383049410e-07,9.999821186065673828e-01,2.346952669540769421e-06,4.863991762249497697e-06,1.036798767017899081e-05
3.834200583696656395e-07,9.999834895133972168e-01,2.270940512971719727e-06,4.037104190501850098e-06,9.791941010917071253e-06
5.733284069719957188e-07,9.999834895133972168e-01,2.277879048051545396e-06,3.650069629657082260e-06,9.871263500826898962e-06
7.787575100337562617e-07,9.999800920486450195e-01,2.886867150664329529e-06,3.897261194651946425e-06,1.236567914020270109e-05
8.759673164604464546e-07,9.999748468399047852e-01,3.881956217810511589e-06,4.711762358056148514e-06,1.558109397592488676e-05
6.652870183643244673e-07,9.999744892120361328e-01,4.086000899405917153e-06,5.165662059880560264e-06,1.565295497130136937e-05
4.810935934074223042e-07,9.999750256538391113e-01,4.157314378971932456e-06,5.762119599239667878e-06,1.465884724893840030e-05
3.356871047799359076e-07,9.999780654907226562e-01,3.654980901046656072e-06,5.987263193674152717e-06,1.195731238112784922e-05
2.729975676629692316e-07,9.999798536300659180e-01,3.133739483018871397e-06,6.573578502866439521e-06,1.018113380268914625e-05
2.581041087523772148e-07,9.999808073043823242e-01,2.657832965269335546e-06,7.209467185020912439e-06,9.073986802832223475e-06
2.575113455804967089e-07,9.999856352806091309e-01,1.914852873596828431e-06,5.619511284749023616e-06,6.586781637452077121e-06
3.161100323723076144e-07,9.999884366989135742e-01,1.512299263595195953e-06,4.399856607051333413e-06,5.302858426148304716e-06
5.454068059407291003e-07,9.999858736991882324e-01,1.740948050610313658e-06,5.679476998921018094e-06,6.042982022336218506e-06
8.419862638220365625e-07,9.999830722808837891e-01,2.082555283777764998e-06,6.759007192158605903e-06,7.168878710217541084e-06
9.540181054035201669e-07,9.999860525131225586e-01,1.805137912924692500e-06,5.184787369216792285e-06,6.057528025849023834e-06
7.479844157387560699e-07,9.999896287918090820e-01,1.402495058755448554e-06,3.602587185014272109e-06,4.603457000484922901e-06
4.124629526813805569e-07,9.999924898147583008e-01,9.798063729249406606e-07,2.826654281307128258e-06,3.210891009075567126e-06
3.524666567500389647e-07,9.999928474426269531e-01,8.629708645457867533e-07,3.040042656721198000e-06,2.831642859746352769e-06
2.596211174932250287e-07,9.999946355819702148e-01,5.877960802536108531e-07,2.530056008254177868e-06,2.007960574701428413e-06
1.536894842502078973e-07,9.999964237213134766e-01,3.739902751931367675e-07,1.782122808435815386e-06,1.303127874052734114e-06
1.349271201434021350e-07,9.999966621398925781e-01,3.110347392976109404e-07,1.748403747114934959e-06,1.154380697698798031e-06
1.086569270114523533e-07,9.999965429306030273e-01,2.585645688668591902e-07,2.006779141083825380e-06,1.063547529156494420e-06
8.531231543429385056e-08,9.999965429306030273e-01,2.309243711806630017e-07,2.161242036891053431e-06,1.020628815240343101e-06
1.008712544603440620e-07,9.999961256980895996e-01,2.349936778500705259e-07,2.328897380721173249e-06,1.040458300849422812e-06
1.025661191533799865e-07,9.999957084655761719e-01,2.499818094747752184e-07,2.852654461094061844e-06,1.102862142943195067e-06
8.188615652215958107e-08,9.999954700469970703e-01,2.330586852394844755e-07,3.196336137989419512e-06,1.039854964801634196e-06
4.159804589676241449e-08,9.999960660934448242e-01,1.656859609511229792e-07,2.898959337471751496e-06,8.190376661332265940e-07
3.186562835821860062e-08,9.999958276748657227e-01,1.513434000344204833e-07,3.197516207364969887e-06,7.920424991425534245e-07
2.849136393479057006e-08,9.999958872795104980e-01,1.420626887238540803e-07,3.097256694672978483e-06,7.849589565012138337e-07
2.873312254791926534e-08,9.999963045120239258e-01,1.224931480692248442e-07,2.865300075427512638e-06,7.072332550706050824e-07
3.924072444760895451e-08,9.999958276748657227e-01,1.389447703559198999e-07,3.204763515896047466e-06,7.565034252365876455e-07
4.225578109640082403e-08,9.999961256980895996e-01,1.328821355173204211e-07,2.856738319678697735e-06,7.369100103460368700e-07
5.979206463280206663e-08,9.999961256980895996e-01,1.401009086521298741e-07,2.920013912444119342e-06,7.569696549580839928e-07
8.949354679543830571e-08,9.999954700469970703e-01,1.645834259988987469e-07,3.477231985016260296e-06,8.201186005862837192e-07
1.231380366562007111e-07,9.999948143959045410e-01,1.790056103345705196e-07,3.886394097207812592e-06,8.517245078110136092e-07
1.827417293043254176e-07,9.999939799308776855e-01,2.299508281566886581e-07,4.580064342007972300e-06,1.008110075417789631e-06
2.491184147856984055e-07,9.999931454658508301e-01,3.214173887045035372e-07,5.005910225008847192e-06,1.271498376809176989e-06
3.759882645226753084e-07,9.999917745590209961e-01,4.876961838817805983e-07,5.661749582941411063e-06,1.756876258696138393e-06
5.210257540966267698e-07,9.999903440475463867e-01,6.909273224664502777e-07,6.102476163505343720e-06,2.324869683434371836e-06
6.393909757207438815e-07,9.999892711639404297e-01,8.829832722767605446e-07,6.464151283580577001e-06,2.810266323649557307e-06
7.285818242053210270e-07,9.999877214431762695e-01,1.045909925778687466e-06,7.439355613314546645e-06,3.159998868795810267e-06
8.378706866096763406e-07,9.999853968620300293e-01,1.256646669389738236e-06,8.840706868795678020e-06,3.616273261286551133e-06
1.003214947559172288e-06,9.999828338623046875e-01,1.558872554596746340e-06,1.052493462339043617e-05,4.097259079571813345e-06
1.314392193307867274e-06,9.999796152114868164e-01,1.995249249375774525e-06,1.250997411261778325e-05,4.529209491010988131e-06
1.887486519080994185e-06,9.999742507934570312e-01,2.768507783912355080e-06,1.583897756063379347e-05,5.193645847612060606e-06
2.937344333986402489e-06,9.999662637710571289e-01,4.147343133809044957e-06,2.030629184446297586e-05,6.424884759326232597e-06
4.365591848909389228e-06,9.999576210975646973e-01,5.593419700744561851e-06,2.456302354403305799e-05,7.743152309558354318e-06
5.123386017658049241e-06,9.999478459358215332e-01,9.026997759065125138e-06,2.790036523947492242e-05,1.021602201944915578e-05
5.840303401782875881e-06,9.999300241470336914e-01,1.805310967029072344e-05,3.059152004425413907e-05,1.541604251542594284e-05
5.334606157703092322e-06,9.999006986618041992e-01,3.645552351372316480e-05,3.254233524785377085e-05,2.494124601071234792e-05
5.843295184604357928e-06,9.997822642326354980e-01,1.202728890348225832e-04,4.163744597462937236e-05,5.002472244086675346e-05
7.933833330753259361e-06,9.993581175804138184e-01,4.456164024304598570e-04,7.147229189286008477e-05,1.168324670288711786e-04
1.357622386422008276e-05,9.980665445327758789e-01,1.531250774860382080e-03,1.390393590554594994e-04,2.494825748726725578e-04
7.870647095842286944e-05,9.971657395362854004e-01,1.946847769431769848e-03,3.633844316937029362e-04,4.453504516277462244e-04
5.283149948809295893e-05,9.989438652992248535e-01,5.793547024950385094e-04,2.623611653689295053e-04,1.615951769053936005e-04
4.694500603363849223e-05,9.995058774948120117e-01,1.835354487411677837e-04,2.025331050390377641e-04,6.107801164034754038e-05
7.267823821166530252e-05,9.995599389076232910e-01,9.960356692317873240e-05,2.292670978931710124e-04,3.847303014481440187e-05
1.536432537250220776e-04,9.992583990097045898e-01,1.268250489374622703e-04,4.075033357366919518e-04,5.367693302105180919e-05
2.788904821500182152e-04,9.986506700515747070e-01,2.168393693864345551e-04,7.668387261219322681e-04,8.676772267790511250e-05
2.575716644059866667e-04,9.983793497085571289e-01,2.890889591071754694e-04,9.595097508281469345e-04,1.144999769167043269e-04
1.503039820818230510e-04,9.986544251441955566e-01,2.632504038047045469e-04,8.231480023823678493e-04,1.089436773327179253e-04
1.150319003500044346e-04,9.986599683761596680e-01,2.565909526310861111e-04,8.604475879110395908e-04,1.079114954336546361e-04
3.030432562809437513e-04,9.981812238693237305e-01,2.154286776203662157e-04,1.158756902441382408e-03,1.415831793565303087e-04
2.101326535921543837e-04,9.982928633689880371e-01,2.084850566461682320e-04,1.141041750088334084e-03,1.474639138905331492e-04
4.346594214439392090e-04,9.978899359703063965e-01,1.674299710430204868e-04,1.330067985691130161e-03,1.779195445124059916e-04
2.504706790205091238e-04,9.985044598579406738e-01,1.290156506001949310e-04,9.831846691668033600e-04,1.327930367551743984e-04
1.393506390741094947e-04,9.990497231483459473e-01,9.957402653526514769e-05,6.135051953606307507e-04,9.788006718736141920e-05
7.170488970587030053e-05,9.994799494743347168e-01,6.139067409094423056e-05,3.190696006640791893e-04,6.786960148019716144e-05
4.471734428079798818e-05,9.996712803840637207e-01,3.985767398262396455e-05,1.933362364070490003e-04,5.084769145469181240e-05
3.531659240252338350e-05,9.997476935386657715e-01,3.055856723221950233e-05,1.434073928976431489e-04,4.302525121602229774e-05
3.552429916453547776e-05,9.997770190238952637e-01,2.753145963652059436e-05,1.192355557577684522e-04,4.071704097441397607e-05
2.857132130884565413e-05,9.998245239257812500e-01,2.255330764455720782e-05,8.844042167766019702e-05,3.588495746953412890e-05
2.209613012382760644e-05,9.998673200607299805e-01,1.628631252970080823e-05,6.626238609896972775e-05,2.798385139612946659e-05
2.537756517995148897e-05,9.998714923858642578e-01,1.302195505559211597e-05,6.628393748542293906e-05,2.385894003964494914e-05
1.062632072716951370e-04,9.997392296791076660e-01,1.397514370182761922e-05,1.058855705196037889e-04,3.470223964541219175e-05
9.217835031449794769e-05,9.997240900993347168e-01,1.759432416292838752e-05,1.280508295167237520e-04,3.810321504715830088e-05
6.827417382737621665e-05,9.997349381446838379e-01,2.254298669868148863e-05,1.322719326708465815e-04,4.194996290607377887e-05
4.574086415232159197e-05,9.997951984405517578e-01,2.341132858418859541e-05,9.772029443411156535e-05,3.782119165407493711e-05
3.988490061601623893e-05,9.998276829719543457e-01,2.376964039285667241e-05,7.334871042985469103e-05,3.544095307006500661e-05
3.901528543792665005e-05,9.998611211776733398e-01,2.173353095713537186e-05,4.633233038475736976e-05,3.180362546117976308e-05
5.343596058082766831e-05,9.998745918273925781e-01,1.558595431561116129e-05,3.197963087586686015e-05,2.438828960293903947e-05
4.331459422246553004e-05,9.999039173126220703e-01,1.001778582576662302e-05,2.362725535931531340e-05,1.918260750244371593e-05
2.908056922024115920e-05,9.999268054962158203e-01,6.390353064489318058e-06,2.325099194422364235e-05,1.452938249713042751e-05
1.306999183725565672e-05,9.999482035636901855e-01,4.491713298193644732e-06,2.362673876632470638e-05,1.057177269103704020e-05
5.895204139960696921e-06,9.999680519104003906e-01,2.891531721616047435e-06,1.605631041456945240e-05,7.114738764357753098e-06
2.498744606782565825e-06,9.999828338623046875e-01,1.461445208406075835e-06,9.295533345721196383e-06,3.899633611581521109e-06
1.736249032546766102e-06,9.999860525131225586e-01,9.617904197511961684e-07,8.602277375757694244e-06,2.696096089493948966e-06
1.646455189074913505e-06,9.999853372573852539e-01,7.811138971192121971e-07,1.004258865577867255e-05,2.178558588639134541e-06
1.718622002044867259e-06,9.999824166297912598e-01,8.032672553781594615e-07,1.282838547922438011e-05,2.118973043252481148e-06
1.452429160053725354e-06,9.999815821647644043e-01,7.682085083615675103e-07,1.430521751899505034e-05,1.891111764962261077e-06
1.196822495330707170e-06,9.999805092811584473e-01,7.867231488489778712e-07,1.570684798934962600e-05,1.766892296473088209e-06
1.067028051693341695e-06,9.999788999557495117e-01,8.589033768657827750e-07,1.737056663841940463e-05,1.771670781636203174e-06
1.097795916393806692e-06,9.999755620956420898e-01,1.063083004737563897e-06,2.026866059168241918e-05,1.962411488420912065e-06
1.316354200753266923e-06,9.999685287475585938e-01,1.500031203249818645e-06,2.616988058434799314e-05,2.376618112975847907e-06
1.734511442919028923e-06,9.999589920043945312e-01,2.162953251172439195e-06,3.418091728235594928e-05,2.853947080438956618e-06
2.547583335399394855e-06,9.999440908432006836e-01,3.430859123909613118e-06,4.641472332878038287e-05,3.617256425059167668e-06
4.283697762730298564e-06,9.999207258224487305e-01,5.935788976785261184e-06,6.414773815777152777e-05,4.922044809063663706e-06
7.320813892874866724e-06,9.998826980590820312e-01,1.057376903190743178e-05,9.253162716049700975e-05,6.857528660475509241e-06
1.159050862042931840e-05,9.998294115066528320e-01,1.744112887536175549e-05,1.324545883107930422e-04,9.133457751886453480e-06
1.844291546149179339e-05,9.997432827949523926e-01,2.838463115040212870e-05,1.973302132682874799e-04,1.256623272638535127e-05
2.588895404187496752e-05,9.996349811553955078e-01,4.289930438972078264e-05,2.795826003421097994e-04,1.666157913859933615e-05
3.178042970830574632e-05,9.995349645614624023e-01,5.287424210109747946e-05,3.611736174207180738e-04,1.925704418681561947e-05
4.133678885409608483e-05,9.993823766708374023e-01,7.096012996044009924e-05,4.821498296223580837e-04,2.312423748662695289e-05
5.067245001555420458e-05,9.992616772651672363e-01,8.934376819524914026e-05,5.731292185373604298e-04,2.523291368561331183e-05
6.404266605386510491e-05,9.992684721946716309e-01,1.111524834414012730e-04,5.294890142977237701e-04,2.686508742044679821e-05
9.272110037272796035e-05,9.991975426673889160e-01,1.613632484804838896e-04,5.153566016815602779e-04,3.301888864370994270e-05
1.556758652441203594e-04,9.989038705825805664e-01,2.736125898081809282e-04,6.191611173562705517e-04,4.758652357850223780e-05
2.356830664211884141e-04,9.984765648841857910e-01,4.369711678009480238e-04,7.832959527149796486e-04,6.746903818566352129e-05
3.205742104910314083e-04,9.978464841842651367e-01,6.844993331469595432e-04,1.050017308443784714e-03,9.850212518358603120e-05
5.478546954691410065e-04,9.960615038871765137e-01,1.416807528585195541e-03,1.792636117897927761e-03,1.812130503822118044e-04
1.465464127250015736e-03,9.892167448997497559e-01,4.503240808844566345e-03,4.340687301009893417e-03,4.738095740322023630e-04
4.423794802278280258e-03,9.726472496986389160e-01,1.433419715613126755e-02,7.402667775750160217e-03,1.192165073007345200e-03
1.172970235347747803e-02,9.183505177497863770e-01,4.757173359394073486e-02,1.964712888002395630e-02,2.700885757803916931e-03
1.307066716253757477e-02,8.598910570144653320e-01,6.721595674753189087e-02,5.662450939416885376e-02,3.197860904037952423e-03
2.918986370787024498e-03,9.252303242683410645e-01,3.231379762291908264e-02,3.795120120048522949e-02,1.585710793733596802e-03
4.736254923045635223e-04,9.801985025405883789e-01,7.700519170612096786e-03,1.115983817726373672e-02,4.673733492381870747e-04
2.226428478024899960e-04,9.888113141059875488e-01,2.692623529583215714e-03,8.043528534471988678e-03,2.297692117281258106e-04
1.697069237707182765e-04,9.898500442504882812e-01,1.346193603239953518e-03,8.454349823296070099e-03,1.797591248759999871e-04
1.105729970731772482e-04,9.929302930831909180e-01,7.121143280528485775e-04,6.118084769695997238e-03,1.288392086280509830e-04
8.713748684385791421e-05,9.942919611930847168e-01,5.175115657038986683e-04,4.987684078514575958e-03,1.156132493633776903e-04
8.474586502416059375e-05,9.945842027664184570e-01,5.222629988566040993e-04,4.678560886532068253e-03,1.301883312407881021e-04
1.054963067872449756e-04,9.939880371093750000e-01,7.000425248406827450e-04,5.022707860916852951e-03,1.837854069890454412e-04
1.185436995001509786e-04,9.938707351684570312e-01,8.852100581862032413e-04,4.891791846603155136e-03,2.337943296879529953e-04
1.615697401575744152e-04,9.931986927986145020e-01,1.021397649310529232e-03,5.361038260161876678e-03,2.572866214904934168e-04
2.297624450875446200e-04,9.918485283851623535e-01,1.076886197552084923e-03,6.559992209076881409e-03,2.848125877790153027e-04
4.946427070535719395e-04,9.864257574081420898e-01,1.510367379523813725e-03,1.114978082478046417e-02,4.194250795990228653e-04
1.023749355226755142e-03,9.784557819366455078e-01,1.800978556275367737e-03,1.819745637476444244e-02,5.221081664785742760e-04
1.567069441080093384e-03,9.705525040626525879e-01,1.880775438621640205e-03,2.544756419956684113e-02,5.519998958334326744e-04
2.377001335844397545e-03,9.624829888343811035e-01,2.076701028272509575e-03,3.248636797070503235e-02,5.768863484263420105e-04
4.168182611465454102e-03,9.544205069541931152e-01,2.375348471105098724e-03,3.841514140367507935e-02,6.207852857187390327e-04
6.780995521694421768e-03,9.543168544769287109e-01,2.818841021507978439e-03,3.541348502039909363e-02,6.698495126329362392e-04
9.502997621893882751e-03,9.566677212715148926e-01,3.463416593149304390e-03,2.958939410746097565e-02,7.764679612591862679e-04
1.283689215779304504e-02,9.567233324050903320e-01,5.131276324391365051e-03,2.422830089926719666e-02,1.080184243619441986e-03
1.937155611813068390e-02,9.485812187194824219e-01,8.600915782153606415e-03,2.183089591562747955e-02,1.615371555089950562e-03
3.344192728400230408e-02,9.315620064735412598e-01,1.187216211110353470e-02,2.119026333093643188e-02,1.933551277033984661e-03
3.850604966282844543e-02,9.198050498962402344e-01,1.724800094962120056e-02,2.211087755858898163e-02,2.329921582713723183e-03
3.561399877071380615e-02,9.206773042678833008e-01,2.538908459246158600e-02,1.563020795583724976e-02,2.689415588974952698e-03
6.287446618080139160e-02,8.908677697181701660e-01,3.777945786714553833e-02,5.433823447674512863e-03,3.044490702450275421e-03
7.553533464670181274e-02,9.014641046524047852e-01,1.920454390347003937e-02,1.953354105353355408e-03,1.842638128437101841e-03
3.583972528576850891e-02,9.569153189659118652e-01,5.596661474555730820e-03,8.934658253565430641e-04,7.548052817583084106e-04
7.255708333104848862e-03,9.907302856445312500e-01,1.319047878496348858e-03,4.407193628139793873e-04,2.541041758377104998e-04
1.381290727294981480e-03,9.978933930397033691e-01,3.740737738553434610e-04,2.550955687183886766e-04,9.621729986974969506e-05
3.225226537324488163e-04,9.993047714233398438e-01,1.449599512852728367e-04,1.816156582208350301e-04,4.605391586665064096e-05
9.893340029520913959e-05,9.996562600135803223e-01,7.210989861050620675e-05,1.457178295822814107e-04,2.692690213734749705e-05
4.948796049575321376e-05,9.997476935386657715e-01,4.869187250733375549e-05,1.346898643532767892e-04,1.949571378645487130e-05
3.639726855908520520e-05,9.997459053993225098e-01,4.699885175796225667e-05,1.525275874882936478e-04,1.808845627238042653e-05
3.694650877150706947e-05,9.997041225433349609e-01,5.569474524236284196e-05,1.839302276493981481e-04,1.938369859999511391e-05
4.255831299815326929e-05,9.996408820152282715e-01,6.958816811675205827e-05,2.258687600260600448e-04,2.102355756505858153e-05
5.383442112361080945e-05,9.995309710502624512e-01,9.729337762109935284e-05,2.930492337327450514e-04,2.482222225808072835e-05
8.042599802138283849e-05,9.993199110031127930e-01,1.587885344633832574e-04,4.074343596585094929e-04,3.345535151311196387e-05
1.255325623787939548e-04,9.990255832672119141e-01,2.402542741037905216e-04,5.654735141433775425e-04,4.319780782680027187e-05
1.760385057423263788e-04,9.986150264739990234e-01,3.899726725649088621e-04,7.599520031362771988e-04,5.902892371523194015e-05
2.261860499856993556e-04,9.980545043945312500e-01,6.569207762368023396e-04,9.791307384148240089e-04,8.328311378136277199e-05
2.716949384193867445e-04,9.975447654724121094e-01,9.391643689014017582e-04,1.139002735726535320e-03,1.054048916557803750e-04
3.087041841354221106e-04,9.970909357070922852e-01,1.253587310202419758e-03,1.225049607455730438e-03,1.217469252878800035e-04
3.192111325915902853e-04,9.969157576560974121e-01,1.483797212131321430e-03,1.154116122052073479e-03,1.271087530767545104e-04
3.396897518541663885e-04,9.965325593948364258e-01,1.904876437038183212e-03,1.075474428944289684e-03,1.474252348998561502e-04
3.948575176764279604e-04,9.957348108291625977e-01,2.635758370161056519e-03,1.051659695804119110e-03,1.828375243349000812e-04
4.266283649485558271e-04,9.948856234550476074e-01,3.477958729490637779e-03,9.917849674820899963e-04,2.180188312195241451e-04
4.841211193706840277e-04,9.936869740486145020e-01,4.594698548316955566e-03,9.688158752396702766e-04,2.653692499734461308e-04
4.589679592754691839e-04,9.927781224250793457e-01,5.533888004720211029e-03,9.287890279665589333e-04,3.001758304890245199e-04
6.238000933080911636e-04,9.863486886024475098e-01,1.105987373739480972e-02,1.462691812776029110e-03,5.049085593782365322e-04
1.163122942671179771e-03,9.592179656028747559e-01,3.479577600955963135e-02,3.760568331927061081e-03,1.062520663253962994e-03
1.334866858087480068e-03,9.174603223800659180e-01,6.935700774192810059e-02,1.019404735416173935e-02,1.653761952184140682e-03
2.007691655308008194e-03,8.100723028182983398e-01,1.709308922290802002e-01,1.468835491687059402e-02,2.300744410604238510e-03
5.766396876424551010e-03,5.619646906852722168e-01,4.119533002376556396e-01,1.726284250617027283e-02,3.052748972550034523e-03
1.147005334496498108e-02,2.920448482036590576e-01,6.799887418746948242e-01,1.347284205257892609e-02,3.023482626304030418e-03
1.116582658141851425e-02,1.766630560159683228e-01,8.013508319854736328e-01,8.217111229896545410e-03,2.603168366476893425e-03
1.017713546752929688e-02,1.409022510051727295e-01,8.409084677696228027e-01,5.722196307033300400e-03,2.289871685206890106e-03
5.950613878667354584e-03,9.941344708204269409e-02,8.896698355674743652e-01,2.936144359409809113e-03,2.029906259849667549e-03
2.945166081190109253e-03,6.000591814517974854e-02,9.341890215873718262e-01,1.151790027506649494e-03,1.708158757537603378e-03
1.036125817336142063e-03,3.608077019453048706e-02,9.609789848327636719e-01,5.740898195654153824e-04,1.329979160800576210e-03
4.692126240115612745e-04,3.019934147596359253e-02,9.674022793769836426e-01,6.983158527873456478e-04,1.230905065312981606e-03
1.767789071891456842e-04,3.890886530280113220e-02,9.594033956527709961e-01,5.117927212268114090e-04,9.991615079343318939e-04
1.549625012557953596e-04,4.451315850019454956e-02,9.542640447616577148e-01,1.871741114882752299e-04,8.807207341305911541e-04
1.741296873660758138e-04,3.312392905354499817e-02,9.658145904541015625e-01,8.417125354753807187e-05,8.031674078665673733e-04
1.941155060194432735e-04,2.948726527392864227e-02,9.694478511810302734e-01,5.861811587237752974e-05,8.121370337903499603e-04
2.288108080392703414e-04,3.000690042972564697e-02,9.689067602157592773e-01,5.352848165784962475e-05,8.039927342906594276e-04
2.707188250496983528e-04,2.862593345344066620e-02,9.702746868133544922e-01,5.150175275048241019e-05,7.771216914989054203e-04
2.905286382883787155e-04,2.584985457360744476e-02,9.730513095855712891e-01,5.053891436546109617e-05,7.578369113616645336e-04
3.532029513735324144e-04,2.050138451159000397e-02,9.783413410186767578e-01,5.398171197157353163e-05,7.500825449824333191e-04
3.679250075947493315e-04,1.594175584614276886e-02,9.828839898109436035e-01,5.927934398641809821e-05,7.470649434253573418e-04
2.990075445268303156e-04,1.627463661134243011e-02,9.825848340988159180e-01,7.778668805258348584e-05,7.637766539119184017e-04
2.657813020050525665e-04,2.370455861091613770e-02,9.749713540077209473e-01,1.567961735418066382e-04,9.014550596475601196e-04
2.329617127543315291e-04,2.570619247853755951e-02,9.727491140365600586e-01,3.494764096103608608e-04,9.622689103707671165e-04
1.889055129140615463e-04,2.081354334950447083e-02,9.778009653091430664e-01,4.126766580156981945e-04,7.837794255465269089e-04
7.968714344315230846e-04,4.282579198479652405e-02,9.527415633201599121e-01,2.162117511034011841e-03,1.473624142818152905e-03
1.019514515064656734e-03,4.913749918341636658e-02,9.444453120231628418e-01,3.981233574450016022e-03,1.416363171301782131e-03
9.187202085740864277e-04,3.994680941104888916e-02,9.540054202079772949e-01,3.898167051374912262e-03,1.230765366926789284e-03
8.889362215995788574e-04,2.696993388235569000e-02,9.678744077682495117e-01,3.137869760394096375e-03,1.128860865719616413e-03
7.847498636692762375e-04,1.727777346968650818e-02,9.789857864379882812e-01,2.006997819989919662e-03,9.447131305932998657e-04
7.182130939327180386e-04,1.472797431051731110e-02,9.822609424591064453e-01,1.473177224397659302e-03,8.196815615519881248e-04
5.595583352260291576e-04,1.436857692897319794e-02,9.833444952964782715e-01,1.012826804071664810e-03,7.145579438656568527e-04
3.775950754061341286e-04,1.378326769918203354e-02,9.842787981033325195e-01,8.471714681945741177e-04,7.132038008421659470e-04
2.429303422104567289e-04,1.315027475357055664e-02,9.844753146171569824e-01,1.370793790556490421e-03,7.606792496517300606e-04
7.146305288188159466e-04,1.869425736367702484e-02,9.745004773139953613e-01,4.673711489886045456e-03,1.416821847669780254e-03
4.416826704982668161e-04,2.364294603466987610e-02,9.652835726737976074e-01,9.111104533076286316e-03,1.520656514912843704e-03
3.040468727704137564e-04,2.197598479688167572e-02,9.720675945281982422e-01,4.471546970307826996e-03,1.180885941721498966e-03
2.071390044875442982e-04,1.919751241803169250e-02,9.783978462219238281e-01,1.277073519304394722e-03,9.204518282786011696e-04
1.757848513079807162e-04,1.444224081933498383e-02,9.842730164527893066e-01,3.809338668361306190e-04,7.279487908817827702e-04
1.699202111922204494e-04,1.190347503870725632e-02,9.871347546577453613e-01,1.563571713631972671e-04,6.354482611641287804e-04
1.993837940972298384e-04,8.882913738489151001e-03,9.902265071868896484e-01,9.123120980802923441e-05,5.998606211505830288e-04
2.135769755113869905e-04,7.226897403597831726e-03,9.918474555015563965e-01,7.492074655601754785e-05,6.370468181557953358e-04
1.896401663543656468e-04,6.941309198737144470e-03,9.921596646308898926e-01,6.179939373396337032e-05,6.475655827671289444e-04
1.934330502990633249e-04,7.178912404924631119e-03,9.919151067733764648e-01,6.184609082993119955e-05,6.507498910650610924e-04
2.000992681132629514e-04,7.917491719126701355e-03,9.911187291145324707e-01,8.167663327185437083e-05,6.820017588324844837e-04
2.013116463785991073e-04,9.692941792309284210e-03,9.893062710762023926e-01,1.050123828463256359e-04,6.944271153770387173e-04
2.169651561416685581e-04,1.339157577604055405e-02,9.854632019996643066e-01,1.584539131727069616e-04,7.697634282521903515e-04
2.317233011126518250e-04,1.848241873085498810e-02,9.801501035690307617e-01,2.696404990274459124e-04,8.661485626362264156e-04
2.595687983557581902e-04,3.123359754681587219e-02,9.668960571289062500e-01,5.889295716769993305e-04,1.021816162392497063e-03
3.267797292210161686e-04,4.899360984563827515e-02,9.475236535072326660e-01,1.857192837633192539e-03,1.298744115047156811e-03
6.689172005280852318e-04,7.033812254667282104e-02,9.126498699188232422e-01,1.442291680723428726e-02,1.920256996527314186e-03
1.130670425482094288e-03,7.823428511619567871e-02,8.368728756904602051e-01,8.146570622920989990e-02,2.296445658430457115e-03
1.735253608785569668e-03,9.369558840990066528e-02,6.768690347671508789e-01,2.255941927433013916e-01,2.105922671034932137e-03
1.740118255838751793e-03,1.104591786861419678e-01,5.542122721672058105e-01,3.319054245948791504e-01,1.682952512055635452e-03
1.896705594845116138e-03,1.167680919170379639e-01,4.935145676136016846e-01,3.863402605056762695e-01,1.480330945923924446e-03
2.114628907293081284e-03,8.394255489110946655e-02,4.186901450157165527e-01,4.939133822917938232e-01,1.339346519671380520e-03
2.516563748940825462e-03,5.041856691241264343e-02,3.638599514961242676e-01,5.820074677467346191e-01,1.197506557218730450e-03
2.368505811318755150e-03,3.957374393939971924e-02,2.757998108863830566e-01,6.812303066253662109e-01,1.027703750878572464e-03
1.560628064908087254e-03,5.170888826251029968e-02,2.643121182918548584e-01,6.813806891441345215e-01,1.037670415826141834e-03
1.040513510815799236e-03,5.541554093360900879e-02,2.104971110820770264e-01,7.320837974548339844e-01,9.630056447349488735e-04
9.072991670109331608e-04,4.670268297195434570e-02,1.678347885608673096e-01,7.837766408920288086e-01,7.785637862980365753e-04
1.012911787256598473e-03,3.495360910892486572e-02,1.595940291881561279e-01,8.036159873008728027e-01,8.234541746787726879e-04
1.281924429349601269e-03,2.624474279582500458e-02,1.769530624151229858e-01,7.944177389144897461e-01,1.102555193938314915e-03
1.332389307208359241e-03,1.956697553396224976e-02,1.863604933023452759e-01,7.913025617599487305e-01,1.437575207091867924e-03
1.048577716574072838e-03,1.476863585412502289e-02,1.759769618511199951e-01,8.065471053123474121e-01,1.658697845414280891e-03
7.056096801534295082e-04,1.226295717060565948e-02,1.494220346212387085e-01,8.360410332679748535e-01,1.568427658639848232e-03
5.129940109327435493e-04,1.018422748893499374e-02,1.170299649238586426e-01,8.709731101989746094e-01,1.299698138609528542e-03
5.317137110978364944e-04,8.927206508815288544e-03,9.868774563074111938e-02,8.907652497291564941e-01,1.088106655515730381e-03
7.250934722833335400e-04,8.704380132257938385e-03,8.950558304786682129e-02,9.000630974769592285e-01,1.001840806566178799e-03
1.014612964354455471e-03,9.040723554790019989e-03,8.429988473653793335e-02,9.046304821968078613e-01,1.014290843158960342e-03
1.403982052579522133e-03,9.638652205467224121e-03,8.076073229312896729e-02,9.071436524391174316e-01,1.052955398336052895e-03
1.578278141096234322e-03,1.073409803211688995e-02,7.186057418584823608e-02,9.147483110427856445e-01,1.078784698620438576e-03
1.661889837123453617e-03,1.238903403282165527e-02,6.553152203559875488e-02,9.193226099014282227e-01,1.094867358915507793e-03
1.579882693476974964e-03,1.598433591425418854e-02,6.023911014199256897e-02,9.210299849510192871e-01,1.166623551398515701e-03
1.617310801520943642e-03,2.306984364986419678e-02,6.121439859271049500e-02,9.127300381660461426e-01,1.368286088109016418e-03
2.175274305045604706e-03,3.684037923812866211e-02,7.653600722551345825e-02,8.825763463973999023e-01,1.871910644695162773e-03
3.925686236470937729e-03,6.092466413974761963e-02,1.142705008387565613e-01,8.179458975791931152e-01,2.933221170678734779e-03
7.206095382571220398e-03,1.016026884317398071e-01,1.762386709451675415e-01,7.101250886917114258e-01,4.827516153454780579e-03
1.348146609961986542e-02,1.518360823392868042e-01,2.303059548139572144e-01,5.977771878242492676e-01,6.599284708499908447e-03
6.189206987619400024e-02,2.185395807027816772e-01,2.277794778347015381e-01,4.805690646171569824e-01,1.121981814503669739e-02
3.769595921039581299e-02,2.484345734119415283e-01,2.173593342304229736e-01,4.825037121772766113e-01,1.400637906044721603e-02
2.780001796782016754e-02,4.459417760372161865e-01,2.073951512575149536e-01,3.016155660152435303e-01,1.724751479923725128e-02
1.973360590636730194e-02,6.517575979232788086e-01,1.719406098127365112e-01,1.398112773895263672e-01,1.675687916576862335e-02
1.935834810137748718e-02,7.243343591690063477e-01,1.379945576190948486e-01,1.039277017116546631e-01,1.438497565686702728e-02
1.796190626919269562e-02,7.832086682319641113e-01,8.823491632938385010e-02,9.936127066612243652e-02,1.123320125043392181e-02
1.195384282618761063e-02,8.439148068428039551e-01,4.853465780615806580e-02,8.731868863105773926e-02,8.277903310954570770e-03
4.686749074608087540e-03,9.251709580421447754e-01,1.930237002670764923e-02,4.626303911209106445e-02,4.576783627271652222e-03
1.925688004121184349e-03,9.600753784179687500e-01,8.786128833889961243e-03,2.629981376230716705e-02,2.912963042035698891e-03
1.052601961418986320e-03,9.695743322372436523e-01,5.332956090569496155e-03,2.157032489776611328e-02,2.469767816364765167e-03
7.035979069769382477e-04,9.731818437576293945e-01,3.475589677691459656e-03,2.050400897860527039e-02,2.134907292202115059e-03
4.767953359987586737e-04,9.781455397605895996e-01,2.077937126159667969e-03,1.783472299575805664e-02,1.464960281737148762e-03
3.545526997186243534e-04,9.813438653945922852e-01,1.343252486549317837e-03,1.598280481994152069e-02,9.755539358593523502e-04
2.674319257494062185e-04,9.839376807212829590e-01,9.273459436371922493e-04,1.420123316347599030e-02,6.663731765002012253e-04
2.002953551709651947e-04,9.863140583038330078e-01,6.956484867259860039e-04,1.230489090085029602e-02,4.850969708058983088e-04
1.992364850593730807e-04,9.854561686515808105e-01,7.856499869376420975e-04,1.305544376373291016e-02,5.035186768509447575e-04
2.209976664744317532e-04,9.849457740783691406e-01,9.338280651718378067e-04,1.334413792937994003e-02,5.552218062803149223e-04
2.384821564191952348e-04,9.849597811698913574e-01,1.097560045309364796e-03,1.311791408807039261e-02,5.862577818334102631e-04
2.896660298574715853e-04,9.834650754928588867e-01,1.225898042321205139e-03,1.441065222024917603e-02,6.086167995817959309e-04
3.290479362476617098e-04,9.835104942321777344e-01,1.213982934132218361e-03,1.440848782658576965e-02,5.378846544772386551e-04
3.460535663180053234e-04,9.877540469169616699e-01,1.055101514793932438e-03,1.044971030205488205e-02,3.951660182792693377e-04
3.666510747279971838e-04,9.897166490554809570e-01,1.024137483909726143e-03,8.544825948774814606e-03,3.477333229966461658e-04
4.356342542450875044e-04,9.887022376060485840e-01,1.572069479152560234e-03,8.812470361590385437e-03,4.775867273565381765e-04
3.308752551674842834e-03,9.464505910873413086e-01,7.427893113344907761e-03,4.079637676477432251e-02,2.016237936913967133e-03
1.844176091253757477e-02,6.316996216773986816e-01,5.757798254489898682e-02,2.805348634719848633e-01,1.174574345350265503e-02
1.593350246548652649e-02,1.554107069969177246e-01,1.148791685700416565e-01,6.969545483589172363e-01,1.682194322347640991e-02
6.260498892515897751e-03,1.407831758260726929e-01,1.363427639007568359e-01,7.031757831573486328e-01,1.343781035393476486e-02
4.010654985904693604e-03,3.572627604007720947e-01,2.738416194915771484e-01,3.477898836135864258e-01,1.709510572254657745e-02
2.831467660143971443e-03,5.026181936264038086e-01,3.674401044845581055e-01,1.109888106584548950e-01,1.612145081162452698e-02
2.677482319995760918e-03,4.682320654392242432e-01,4.559559226036071777e-01,5.651663988828659058e-02,1.661785505712032318e-02
3.466445021331310272e-03,3.148037493228912354e-01,6.239435076713562012e-01,3.937014564871788025e-02,1.841612346470355988e-02
3.350009908899664879e-03,2.045594006776809692e-01,7.460023164749145508e-01,2.775575779378414154e-02,1.833248510956764221e-02
2.439666539430618286e-03,1.551606059074401855e-01,8.071085214614868164e-01,1.779450103640556335e-02,1.749669946730136871e-02
1.627795747481286526e-03,1.050420925021171570e-01,8.673315048217773438e-01,1.082638744264841080e-02,1.517227105796337128e-02
1.235977280884981155e-03,6.864170730113983154e-02,9.135798811912536621e-01,5.875176284462213516e-03,1.066721975803375244e-02
8.902074769139289856e-04,4.641937464475631714e-02,9.413756728172302246e-01,3.041672520339488983e-03,8.273017592728137970e-03
6.334377103485167027e-04,3.109584935009479523e-02,9.584445357322692871e-01,1.589732361026108265e-03,8.236486464738845825e-03
4.617696977220475674e-04,2.243835106492042542e-02,9.669699668884277344e-01,1.214990625157952309e-03,8.914878591895103455e-03
3.532750415615737438e-04,1.559881865978240967e-02,9.742694497108459473e-01,9.526867070235311985e-04,8.825792931020259857e-03
4.283775924704968929e-04,1.188723649829626083e-02,9.764389991760253906e-01,1.536713331006467342e-03,9.708692319691181183e-03
4.608027811627835035e-04,1.136717386543750763e-02,9.786244630813598633e-01,1.293437089771032333e-03,8.254013955593109131e-03
4.415584262460470200e-04,1.102747116237878799e-02,9.815372228622436523e-01,9.159836918115615845e-04,6.077735219150781631e-03
4.707733460236340761e-04,1.057939790189266205e-02,9.834219813346862793e-01,7.197459344752132893e-04,4.808037541806697845e-03
5.080680712126195431e-04,1.144551765173673630e-02,9.837478399276733398e-01,5.209550145082175732e-04,3.777627600356936455e-03
5.257140146568417549e-04,1.088409684598445892e-02,9.847889542579650879e-01,4.075083998031914234e-04,3.393721301108598709e-03
5.615141126327216625e-04,1.074261311441659927e-02,9.846863150596618652e-01,4.264060698915272951e-04,3.583118785172700882e-03
6.314076017588376999e-04,1.167039666324853897e-02,9.830793142318725586e-01,5.931694759055972099e-04,4.025645554065704346e-03
6.931260577403008938e-04,1.297307573258876801e-02,9.809230566024780273e-01,9.309701854363083839e-04,4.479772411286830902e-03
5.934702348895370960e-04,1.128679513931274414e-02,9.829543232917785645e-01,1.110403332859277725e-03,4.054967779666185379e-03
5.942081334069371223e-04,9.877219796180725098e-03,9.849257469177246094e-01,1.470783841796219349e-03,3.132015699520707130e-03
6.766766891814768314e-04,9.523588232696056366e-03,9.843859672546386719e-01,2.564576454460620880e-03,2.849123207852244377e-03
9.412033832632005215e-04,9.636497125029563904e-03,9.806188344955444336e-01,5.957655142992734909e-03,2.845723414793610573e-03
1.305732876062393188e-03,1.395259983837604523e-02,9.654325246810913086e-01,1.624598167836666107e-02,3.063313430175185204e-03
2.093301853165030479e-03,2.219341136515140533e-02,9.128208160400390625e-01,5.891611054539680481e-02,3.976403269916772842e-03
5.613911896944046021e-03,1.967743411660194397e-02,5.368160009384155273e-01,4.331855475902557373e-01,4.707116167992353439e-03
2.235572086647152901e-03,3.463325789198279381e-03,6.577652692794799805e-02,9.273698329925537109e-01,1.154715544544160366e-03
2.666872169356793165e-04,4.224617732688784599e-04,5.247476045042276382e-03,9.939448833465576172e-01,1.184856082545593381e-04
6.638325430685654283e-05,1.158789527835324407e-04,1.035736990161240101e-03,9.987601041793823242e-01,2.194179069192614406e-05
3.096009095315821469e-05,7.162977999541908503e-05,4.411739064380526543e-04,9.994475841522216797e-01,8.699312274984549731e-06
1.326985329797025770e-05,4.712393274530768394e-05,2.269905526190996170e-04,9.997076392173767090e-01,4.996400548407109454e-06
4.804487161891302094e-06,2.888022390834521502e-05,1.058520501828752458e-04,9.998571872711181641e-01,3.250398094678530470e-06
1.632455564504198264e-06,1.842992242018226534e-05,4.580752283800393343e-05,9.999318122863769531e-01,2.273425934617989697e-06
3.981838574418361532e-07,1.152359618572518229e-05,1.584503661433700472e-05,9.999705553054809570e-01,1.581469859956996515e-06
1.136445177962741582e-07,7.811254363332409412e-06,5.226847861194983125e-06,9.999856352806091309e-01,1.111775986828433815e-06
5.602553443395663635e-08,6.585701612493721768e-06,2.386725782344001345e-06,9.999899268150329590e-01,9.652268317950074561e-07
4.434622624671646918e-08,6.820931503170868382e-06,1.499344648436817806e-06,9.999907016754150391e-01,9.872698001345270313e-07
4.791862195929752488e-08,7.503188953705830500e-06,1.084691575670149177e-06,9.999903440475463867e-01,1.002708017949771602e-06
6.814637032448445098e-08,7.899947377154603601e-06,8.731774414627579972e-07,9.999902248382568359e-01,9.931435442922520451e-07
1.039530346247374837e-07,9.346948900201823562e-06,8.780549478615284897e-07,9.999885559082031250e-01,1.200264136969053652e-06
1.754680170051869936e-07,1.082797734852647409e-05,9.415789463673718274e-07,9.999864697456359863e-01,1.470799134040134959e-06
2.932749225692532491e-07,1.291259832214564085e-05,1.126072675106115639e-06,9.999837279319763184e-01,1.973473217731225304e-06
4.204071615276916418e-07,1.558033727633301169e-05,1.316287580266362056e-06,9.999800920486450195e-01,2.543366463214624673e-06
5.637829190163756721e-07,1.631712439120747149e-05,1.450274112357874401e-06,9.999786019325256348e-01,2.962757434943341650e-06
5.724329525946814101e-07,1.383976632496342063e-05,1.412201413586444687e-06,9.999813437461853027e-01,2.829734285114682280e-06
6.272035193433111999e-07,1.209567744808737189e-05,1.304499392063007690e-06,9.999834895133972168e-01,2.498477670087595470e-06
1.151471337834664155e-06,1.072521536116255447e-05,1.163718707175576128e-06,9.999849796295166016e-01,2.018913164647528902e-06
1.280824562854832038e-06,9.597594726074021310e-06,1.034010779221716803e-06,9.999862909317016602e-01,1.684105086496856529e-06
9.475621141064038966e-07,1.044729197019478306e-05,1.056964038070873357e-06,9.999856352806091309e-01,1.850576722972618882e-06
6.107917442932375707e-07,1.017746399156749249e-05,9.591076377546414733e-07,9.999864697456359863e-01,1.748450358718400821e-06
3.908034216237865621e-07,9.128354577114805579e-06,8.321808309119660407e-07,9.999880194664001465e-01,1.548698492115363479e-06
3.241753177007922204e-07,8.692022674949839711e-06,7.281351486199127976e-07,9.999888539314270020e-01,1.369809069728944451e-06
3.054309445360559039e-07,8.553635780117474496e-06,7.078331236698431894e-07,9.999890327453613281e-01,1.345495320492773317e-06
2.618990038172341883e-07,8.683092346473131329e-06,6.937684702279511839e-07,9.999888539314270020e-01,1.374615635540976655e-06
2.412174637811403954e-07,8.379437531402800232e-06,6.886262440275459085e-07,9.999892711639404297e-01,1.440777168681961484e-06
2.385418156336527318e-07,7.945114703034050763e-06,6.875776534798205830e-07,9.999895691871643066e-01,1.549584908389078919e-06
2.239265342041107942e-07,7.904740414232946932e-06,6.724061449858709238e-07,9.999896287918090820e-01,1.614120265003293753e-06
2.103376317563743214e-07,8.160223842423874885e-06,6.405860517588735092e-07,9.999893903732299805e-01,1.637164132262114435e-06
2.110203638494567713e-07,9.231095646100584418e-06,6.369146490214916412e-07,9.999883174896240234e-01,1.712233597572776489e-06
2.577508837475761538e-07,1.070345024345442653e-05,6.530211180688638706e-07,9.999866485595703125e-01,1.750574256220716052e-06
5.551370350076467730e-07,1.390916713717160746e-05,8.033905487536685541e-07,9.999825954437255859e-01,2.039808805420761928e-06
1.641298922550049610e-06,1.987238283618353307e-05,1.316834982389991637e-06,9.999739527702331543e-01,3.260985749875544570e-06
4.368481768324272707e-06,3.048265898542013019e-05,2.983566446346230805e-06,9.999538660049438477e-01,8.293274731840938330e-06
1.983824222406838089e-05,5.769336712546646595e-05,8.902647095965221524e-06,9.998822212219238281e-01,3.135154838673770428e-05
9.426769247511401772e-05,1.026203754008747637e-04,2.427153231110423803e-05,9.996747970581054688e-01,1.040583301801234484e-04
6.344339926727116108e-04,2.337979094590991735e-04,7.394387648673728108e-05,9.986621141433715820e-01,3.956739965360611677e-04
2.920446917414665222e-03,5.234572454355657101e-04,2.322937216376885772e-04,9.947813153266906738e-01,1.542491023428738117e-03
7.687008008360862732e-03,1.078878296539187431e-03,6.037564016878604889e-04,9.856316447257995605e-01,4.998700227588415146e-03
1.124085765331983566e-02,2.146568614989519119e-03,1.183034968562424183e-03,9.739869832992553711e-01,1.144255977123975754e-02
5.693566519767045975e-03,1.720189582556486130e-03,1.402069232426583767e-03,9.786732792854309082e-01,1.251099538058042526e-02
1.283750985749065876e-03,9.893694659695029259e-04,8.869898156262934208e-04,9.896403551101684570e-01,7.199628278613090515e-03
2.107570180669426918e-04,6.193226436153054237e-04,4.336983838584274054e-04,9.953217506408691406e-01,3.414372913539409637e-03
3.282917168689891696e-05,3.333806525915861130e-04,1.781647297320887446e-04,9.982041120529174805e-01,1.251471228897571564e-03
6.420658337447093800e-06,2.080835984088480473e-04,6.686314736725762486e-05,9.993153214454650879e-01,4.031998396385461092e-04
2.093631110255955718e-06,1.666195312282070518e-04,3.153446596115827560e-05,9.996187686920166016e-01,1.810259855119511485e-04
1.151519654740695842e-06,1.679654087638482451e-04,1.990060445677954704e-05,9.996864199638366699e-01,1.245345047209411860e-04
8.407097311646793969e-07,2.144726022379472852e-04,1.394790160702541471e-05,9.996585845947265625e-01,1.121486857300624251e-04
9.024549285641114693e-07,2.992163645103573799e-04,1.060752310877433047e-05,9.995731711387634277e-01,1.161606487585231662e-04
1.233899070030020084e-06,4.310685908421874046e-04,1.049712773237843066e-05,9.994074106216430664e-01,1.498037017881870270e-04
1.762177134878584184e-06,5.262043559923768044e-04,9.772909834282472730e-06,9.992984533309936523e-01,1.638396497583016753e-04
2.493816737114684656e-06,6.747675943188369274e-04,8.781366886978503317e-06,9.991433620452880859e-01,1.705834729364141822e-04
4.147027084400178865e-06,8.526023011654615402e-04,7.258980986080132425e-06,9.989557266235351562e-01,1.802354818210005760e-04
6.935828878340544179e-06,7.596672512590885162e-04,6.082402251195162535e-06,9.990282058715820312e-01,1.991021854337304831e-04
6.920599389559356496e-06,4.118030774407088757e-04,6.214622771949507296e-06,9.993692636489868164e-01,2.057236997643485665e-04
2.950935231638140976e-05,2.567106566857546568e-04,9.745259376359172165e-06,9.994791746139526367e-01,2.247807860840111971e-04
5.485930442810058594e-01,2.444896672386676073e-04,4.313005047151818871e-05,4.504969120025634766e-01,6.223840173333883286e-04
