7.554502226412296295e-03,8.806427121162414551e-01,4.627501592040061951e-02,3.803624212741851807e-02,2.749149687588214874e-02
7.937174086691811681e-05,9.947198629379272461e-01,2.469800645485520363e-03,1.636450760997831821e-03,1.094544888474047184e-03
5.445640908874338493e-06,9.995405673980712891e-01,2.029228635365143418e-04,1.401786430506035686e-04,1.110070297727361321e-04
1.193605839944211766e-06,9.999190568923950195e-01,2.628122638270724565e-05,3.077537257922813296e-05,2.272343226650264114e-05
4.463651350761210779e-07,9.999742507934570312e-01,6.067512458685087040e-06,1.140266704169334844e-05,7.803600965416990221e-06
2.826550371537450701e-07,9.999844431877136230e-01,2.670974936336278915e-06,8.071371667028870434e-06,4.554947736323811114e-06
1.593126626175944693e-07,9.999918341636657715e-01,1.268639834961504675e-06,4.234421339788241312e-06,2.403461621725000441e-06
1.072835473792110861e-07,9.999952316284179688e-01,7.399226547022408340e-07,2.548793645473779179e-06,1.407157355970412027e-06
6.960571141689797514e-08,9.999952316284179688e-01,5.978075137136329431e-07,2.892830934797530062e-06,1.266819026568555273e-06
4.466813052772522497e-08,9.999957084655761719e-01,4.698643465417262632e-07,2.759103153948672116e-06,1.003724150905327406e-06
1.470739476872040541e-07,9.999886155128479004e-01,9.138968266597657930e-07,7.772739991196431220e-06,2.476546114849043079e-06
1.090177121909619018e-07,9.999907612800598145e-01,7.305382609956723172e-07,6.279381523199845105e-06,1.994923877646215260e-06
7.423592762734188000e-08,9.999936819076538086e-01,4.754732572109787725e-07,4.362865183793473989e-06,1.340606445410230663e-06
5.171966677153250203e-08,9.999953508377075195e-01,3.103845926943904487e-07,3.375981350473011844e-06,9.838786354521289468e-07
1.431661189599253703e-07,9.999896883964538574e-01,5.604132411463069730e-07,7.406268196064047515e-06,2.183337983296951279e-06
1.304848353811394190e-07,9.999904632568359375e-01,4.930521981805213727e-07,6.926284186192788184e-06,1.952778347913408652e-06
8.255815231450469582e-08,9.999933242797851562e-01,3.626663840350374812e-07,4.826052190765039995e-06,1.423140361112018581e-06
4.852472912375560554e-08,9.999947547912597656e-01,2.681726982700638473e-07,3.825564363069133833e-06,1.100548615795560181e-06
3.667053860567648371e-08,9.999945163726806641e-01,2.436404145100823371e-07,4.147014806221704930e-06,1.067123776010703295e-06
9.422665669944763067e-08,9.999883174896240234e-01,4.780430344908381812e-07,8.692968549439683557e-06,2.430828089927672409e-06
6.659075069137543323e-08,9.999921321868896484e-01,3.988101298091351055e-07,5.342742497305152938e-06,2.015942300204187632e-06
5.713783934879756998e-08,9.999943971633911133e-01,3.444840785959968343e-07,3.563866812328342348e-06,1.672572921052051242e-06
5.620159626573695277e-08,9.999949932098388672e-01,3.117813491826382233e-07,3.091994585702195764e-06,1.552740286570042372e-06
5.838671057745159487e-08,9.999953508377075195e-01,2.828089975537295686e-07,2.807566033879993483e-06,1.490805516368709505e-06
7.226275755556343938e-08,9.999953508377075195e-01,2.782622630093101179e-07,2.757601123448694125e-06,1.547055603623448405e-06
8.877695734099688707e-08,9.999953508377075195e-01,2.730642165715835290e-07,2.775102984742261469e-06,1.570830704622494522e-06
1.090705410433656652e-07,9.999950528144836426e-01,2.833646135513845365e-07,2.872002824005903676e-06,1.608196953384322114e-06
9.783045129552192520e-08,9.999954700469970703e-01,2.656042852322570980e-07,2.585397851362358779e-06,1.541125584481051192e-06
1.388725650031119585e-07,9.999958872795104980e-01,2.066783224563550903e-07,2.411239847788237967e-06,1.338626248070795555e-06
1.895834600418311311e-07,9.999958872795104980e-01,1.675250729249455617e-07,2.519695044611580670e-06,1.165589196716609877e-06
1.928335962020355510e-07,9.999958872795104980e-01,1.662367594690294936e-07,2.514783318474655971e-06,1.224537413690995891e-06
1.584384108355152421e-07,9.999957084655761719e-01,1.796798443365332787e-07,2.521002670619054697e-06,1.416192162650986575e-06
1.741797461818350712e-07,9.999947547912597656e-01,2.349768806197971571e-07,3.059123855564394034e-06,1.790786200217553414e-06
2.116871371526940493e-07,9.999931454658508301e-01,3.112572812824510038e-07,4.095934400538681075e-06,2.266401224915171042e-06
2.159887202424215502e-07,9.999920129776000977e-01,3.528941761032911018e-07,4.903140961687313393e-06,2.505786596884718165e-06
1.890506666768487776e-07,9.999920129776000977e-01,3.445514380473468918e-07,4.965883817931171507e-06,2.454762579873204231e-06
1.793956130313745234e-07,9.999917745590209961e-01,3.661691607703687623e-07,5.124045856064185500e-06,2.523826879041735083e-06
1.788965704463407747e-07,9.999917149543762207e-01,4.054070359416073188e-07,5.170383701624814421e-06,2.666805812623351812e-06
1.962388154197469703e-07,9.999909400939941406e-01,4.254025895988888806e-07,5.692691956937778741e-06,2.707296289372607134e-06
2.639307012941571884e-07,9.999903440475463867e-01,3.894547262461856008e-07,6.606693204957991838e-06,2.434700263620470650e-06
3.856118269141006749e-07,9.999874830245971680e-01,3.315475112231069943e-07,9.660857358539942652e-06,2.184191998821916059e-06
2.902728795106668258e-07,9.999873638153076172e-01,2.640125273956073215e-07,1.040563893184298649e-05,1.716525162009929772e-06
2.929548656993574696e-07,9.999877214431762695e-01,2.488863799499085872e-07,1.027635062200715765e-05,1.479319621466856916e-06
3.659220055851619691e-07,9.999896287918090820e-01,2.503079201687796740e-07,8.435893505520652980e-06,1.338272682005481329e-06
9.836553545028436929e-07,9.999758005142211914e-01,5.380105108088173438e-07,1.966324089153204113e-05,2.994190026583964936e-06
5.044774979978683405e-07,9.999826550483703613e-01,4.353590554728725692e-07,1.418881674908334389e-05,2.145716052837087773e-06
2.389204496466845740e-07,9.999883174896240234e-01,2.989617655657639261e-07,9.721848073240835220e-06,1.402207544742850587e-06
1.758929073503168183e-07,9.999909400939941406e-01,2.224035426934278803e-07,7.683753210585564375e-06,9.804990668271784671e-07
1.374454967617566581e-07,9.999915361404418945e-01,1.922038563861860894e-07,7.270336482179118320e-06,8.250317478086799383e-07
4.153036741172400070e-07,9.999793767929077148e-01,4.192504547972930595e-07,1.775538294168654829e-05,1.973439339053584263e-06
1.856871136851623305e-07,9.999868869781494141e-01,2.686657012418436352e-07,1.149952095147455111e-05,1.224851416736782994e-06
7.296258530686827726e-08,9.999918341636657715e-01,1.685567951881239424e-07,7.148642453103093430e-06,7.169005016294249799e-07
3.915870649962016614e-08,9.999929070472717285e-01,1.416350841054736520e-07,6.328299150482052937e-06,5.794751132270903327e-07
1.283529940110383905e-07,9.999817609786987305e-01,3.258525111959897913e-07,1.625831646379083395e-05,1.519536453997716308e-06
7.756700171057673288e-08,9.999877214431762695e-01,2.650620274380344199e-07,1.085261283151339740e-05,1.085423150470887776e-06
4.173028145260104793e-08,9.999933242797851562e-01,1.750703688685462112e-07,5.887389306735713035e-06,6.376068313329597004e-07
2.959447442663076799e-08,9.999954700469970703e-01,1.317227429353806656e-07,3.926124009012710303e-06,4.411109841839788714e-07
3.279967231151204032e-08,9.999949932098388672e-01,1.389039567811778397e-07,4.386299224279355258e-06,4.754270150897355052e-07
1.703965750721181394e-07,9.999847412109375000e-01,3.732381230747705558e-07,1.313741177000338212e-05,1.559422685204481240e-06
1.038076007375821064e-07,9.999890327453613281e-01,3.160518247113941470e-07,9.456109182792715728e-06,1.187809971270326059e-06
5.643705947022681357e-08,9.999922513961791992e-01,2.549684268160490319e-07,6.563993792951805517e-06,8.661203878546075430e-07
3.767917888808369753e-08,9.999950528144836426e-01,1.956475585984662757e-07,4.050447387271560729e-06,5.879603577341185883e-07
3.364160150454154063e-08,9.999967813491821289e-01,1.559375846227339935e-07,2.583830337243853137e-06,4.215811202357144793e-07
5.730460728159414430e-08,9.999969601631164551e-01,1.540139038525012438e-07,2.330563802388496697e-06,3.995616566498938482e-07
1.014748676197996247e-07,9.999969005584716797e-01,1.654443764209645451e-07,2.335531917196931317e-06,4.378272819849371444e-07
1.512647713752812706e-07,9.999966621398925781e-01,1.696807885309681296e-07,2.534642362661543302e-06,4.848580488214793149e-07
1.988635602856447804e-07,9.999963045120239258e-01,1.697448794857336907e-07,2.754465640464331955e-06,5.453662197396624833e-07
1.741124719956133049e-07,9.999960660934448242e-01,1.498482049555605045e-07,2.990608436448383145e-06,5.833820750922313891e-07
1.410476500041113468e-07,9.999958872795104980e-01,1.244590492888164590e-07,3.221294718969147652e-06,5.751344929194601718e-07
1.341362860785011435e-07,9.999957084655761719e-01,1.179965991582321294e-07,3.468988097665715031e-06,5.918455485698359553e-07
1.141853118724611704e-07,9.999958276748657227e-01,1.129301665514503838e-07,3.395742851353134029e-06,6.033097292856837157e-07
9.120923749605935882e-08,9.999960660934448242e-01,1.081658211887770449e-07,3.066010776819894090e-06,5.949665364823886193e-07
1.004015643957245629e-07,9.999960660934448242e-01,1.184857651992388128e-07,3.088361154368612915e-06,6.562932526321674231e-07
1.202428876467820373e-07,9.999957084655761719e-01,1.368866833217907697e-07,3.238763838453451172e-06,7.852390240259410348e-07
1.029624456805322552e-07,9.999958276748657227e-01,1.409119931850000285e-07,3.070057346121757291e-06,8.404700224673433695e-07
9.912288589930540184e-08,9.999958276748657227e-01,1.410939205470640445e-07,3.147066763631301001e-06,8.481329700771311764e-07
1.020538675788884575e-07,9.999955892562866211e-01,1.473214297220692970e-07,3.384811179785174318e-06,8.828629347590322141e-07
1.020852167243901931e-07,9.999948143959045410e-01,1.697141271961299935e-07,3.812547674897359684e-06,1.025602045956475195e-06
9.250783961078923312e-08,9.999947547912597656e-01,1.838273533394385595e-07,3.816574462689459324e-06,1.098470306715171319e-06
7.258447709546089754e-08,9.999952316284179688e-01,1.796695698885741876e-07,3.515054686431540176e-06,1.078168452295358293e-06
6.175964273325007525e-08,9.999954700469970703e-01,1.828972528983285883e-07,3.224027068426948972e-06,1.115735699386277702e-06
5.899298116673890036e-08,9.999954700469970703e-01,1.897068102607590845e-07,3.055325123568763956e-06,1.160289912149892189e-06
5.124226021280264831e-08,9.999958276748657227e-01,1.845500037234160118e-07,2.768473450487363152e-06,1.141670850302034523e-06
4.732395808559886063e-08,9.999958872795104980e-01,1.888823533136019250e-07,2.601362666609929875e-06,1.176112050416122656e-06
4.349504933998105116e-08,9.999960660934448242e-01,1.981328381361890933e-07,2.521238229746813886e-06,1.205154831040999852e-06
3.964440864479001903e-08,9.999960660934448242e-01,2.135615631004839088e-07,2.415539029243518598e-06,1.279325374525797088e-06
3.639877022010296059e-08,9.999960660934448242e-01,2.266549188334465725e-07,2.332015355932526290e-06,1.333748286924674176e-06
3.155992800429885392e-08,9.999961256980895996e-01,2.231179792033799458e-07,2.303003157066996209e-06,1.331185103481402621e-06
2.926883091447507468e-08,9.999960660934448242e-01,2.477922294019663241e-07,2.290828206241712905e-06,1.439051061424834188e-06
2.728217651792874676e-08,9.999958872795104980e-01,2.690254348181042587e-07,2.301011818417464383e-06,1.533199110781424679e-06
2.710711477504901268e-08,9.999958276748657227e-01,2.825628655500622699e-07,2.230191512353485450e-06,1.562860347803507466e-06
2.936741871906178858e-08,9.999955892562866211e-01,3.128031664800801082e-07,2.339363845749176107e-06,1.682448441897577140e-06
3.420757366257021204e-08,9.999948143959045410e-01,3.854121928270615172e-07,2.660917061803047545e-06,2.030895529969711788e-06
3.736649389907142904e-08,9.999945163726806641e-01,4.288543493657925865e-07,2.835215127561241388e-06,2.160089934477582574e-06
4.179512202995283587e-08,9.999942183494567871e-01,4.578289178880368127e-07,3.008728072018129751e-06,2.243094286313862540e-06
4.641828255103064294e-08,9.999939203262329102e-01,4.938404458698641974e-07,3.173228833475150168e-06,2.338828608117182739e-06
5.566561256387103640e-08,9.999928474426269531e-01,5.751360845351882745e-07,3.792244342548656277e-06,2.706132136154337786e-06
6.797177576345347916e-08,9.999912977218627930e-01,6.861175734229618683e-07,4.600336524163139984e-06,3.242243337808758952e-06
8.010697882809836301e-08,9.999896883964538574e-01,8.090248115877329838e-07,5.550848982238676399e-06,3.807519078691257164e-06
9.300142522761234432e-08,9.999884366989135742e-01,8.899697263586858753e-07,6.472065706475405023e-06,4.107908807782223448e-06
1.210048736766111688e-07,9.999858140945434570e-01,9.890425189951201901e-07,8.326607712660916150e-06,4.749740583065431565e-06
1.687829609409163822e-07,9.999822974205017090e-01,1.089495867745426949e-06,1.114561109716305509e-05,5.434159902506507933e-06
1.866267922423503478e-07,9.999797344207763672e-01,1.079830326489172876e-06,1.339532263955334201e-05,5.686728854925604537e-06
2.469464845944457920e-07,9.999764561653137207e-01,1.239582729795074556e-06,1.544724000268615782e-05,6.558143468282651156e-06
2.857543393020023359e-07,9.999761581420898438e-01,1.317894088970206212e-06,1.560299824632238597e-05,6.605369890166912228e-06
3.221628332994441735e-07,9.999763965606689453e-01,1.337202206741494592e-06,1.538917604193557054e-05,6.589263648493215442e-06
3.509743748963956023e-07,9.999766349792480469e-01,1.400650489813415334e-06,1.493074250902282074e-05,6.674544238194357604e-06
4.142218585911905393e-07,9.999744892120361328e-01,1.546809244246105663e-06,1.632866042200475931e-05,7.199950687208911404e-06
5.027451379646663554e-07,9.999707937240600586e-01,1.768200490914750844e-06,1.877743852674029768e-05,8.149894711095839739e-06
6.208393870110739954e-07,9.999663829803466797e-01,1.995696493395371363e-06,2.177087117161136121e-05,9.210685675498098135e-06
6.321130285869003274e-07,9.999665021896362305e-01,2.082235596390091814e-06,2.162645068892743438e-05,9.209676136379130185e-06
6.013090683154587168e-07,9.999708533287048340e-01,2.090917405439540744e-06,1.779958256520330906e-05,8.640797204861883074e-06
4.868875862484856043e-07,9.999750852584838867e-01,2.041735569946467876e-06,1.464509750803699717e-05,7.772376193315722048e-06
4.159382456236926373e-07,9.999777078628540039e-01,2.030750238191103563e-06,1.229105600941693410e-05,7.543202627857681364e-06
4.036886593894450925e-07,9.999802112579345703e-01,1.952148977579781786e-06,1.042537587636616081e-05,7.083601758495206013e-06
3.700751278756797547e-07,9.999822974205017090e-01,1.946885504366946407e-06,8.770151907810941339e-06,6.676867997157387435e-06
3.337927694246900501e-07,9.999829530715942383e-01,2.049670001724734902e-06,7.854258910811040550e-06,6.781379397580167279e-06
2.945123753761436092e-07,9.999830722808837891e-01,2.211863602497032844e-06,7.318217285501305014e-06,7.178559371823212132e-06
2.989107201756269205e-07,9.999822974205017090e-01,2.353005811528419144e-06,7.274761628650594503e-06,7.824055501259863377e-06
3.447095195951987989e-07,9.999819993972778320e-01,2.140006245099357329e-06,7.418653240165440366e-06,8.154668648785445839e-06
4.696645419244305231e-07,9.999787807464599609e-01,2.472109827067470178e-06,8.336236533068586141e-06,9.933202818501740694e-06
5.330077215148776304e-07,9.999744892120361328e-01,2.918710833910154179e-06,1.042900566972093657e-05,1.174036060547223315e-05
5.846630983796785586e-07,9.999691843986511230e-01,3.574913080228725448e-06,1.303774934058310464e-05,1.356245593342464417e-05
4.549827394839667249e-07,9.999703168869018555e-01,3.512859393595135771e-06,1.332790270680561662e-05,1.237413744092918932e-05
3.413570084376260638e-07,9.999734163284301758e-01,3.046229949177359231e-06,1.330382474407088012e-05,9.832338037085719407e-06
2.543777668506663758e-07,9.999756813049316406e-01,2.477068164807860740e-06,1.412672281730920076e-05,7.362374617514433339e-06
2.361662296834765584e-07,9.999728202819824219e-01,2.025601361310691573e-06,1.879042611108161509e-05,6.098677204136038199e-06
2.274702097793124267e-07,9.999650716781616211e-01,1.638555772842664737e-06,2.782904084597248584e-05,5.245683951216051355e-06
2.413499942122143693e-07,9.999473094940185547e-01,1.477667183280573227e-06,4.592046025209128857e-05,5.043137662141816691e-06
2.678904991171293659e-07,9.999228715896606445e-01,1.493878244218649343e-06,7.013449067017063498e-05,5.251645688986172900e-06
3.577042662072926760e-07,9.998743534088134766e-01,1.930812004502513446e-06,1.170420146081596613e-04,6.286763436946785077e-06
4.823670565201609861e-07,9.998107552528381348e-01,2.243708422611234710e-06,1.798165612854063511e-04,6.697390290355542675e-06
5.841319534738431685e-07,9.997549653053283691e-01,2.187058044000877999e-06,2.362868690397590399e-04,5.909918854740681127e-06
4.563071911434235517e-07,9.997860193252563477e-01,1.298250481340801343e-06,2.089669724227860570e-04,3.288120069555588998e-06
5.237123446022451390e-07,9.997120499610900879e-01,9.237599556399800349e-07,2.842240792233496904e-04,2.216908569607767276e-06
5.301060923557088245e-07,9.996883273124694824e-01,8.062658025664859451e-07,3.084016789216548204e-04,1.839621518229250796e-06
6.677921646769391373e-07,9.996157288551330566e-01,8.076364679254766088e-07,3.810314228758215904e-04,1.772301061464531813e-06
8.507479378749849275e-07,9.994678497314453125e-01,7.478938073290919419e-07,5.288915126584470272e-04,1.647224848966288846e-06
1.166053834822378121e-06,9.991740584373474121e-01,7.617376240887097083e-07,8.222296019084751606e-04,1.787811925169080496e-06
1.354408141196472570e-06,9.990266561508178711e-01,6.869700541756174061e-07,9.696348570287227631e-04,1.626607740945473779e-06
1.120788624575652648e-06,9.991073012351989746e-01,5.482144729285209905e-07,8.897500229068100452e-04,1.326965616499364842e-06
1.030033445204026066e-06,9.990501403808593750e-01,4.795279551217390690e-07,9.470919030718505383e-04,1.256360292245517485e-06
1.252072138413495850e-06,9.988108873367309570e-01,5.619883722829399630e-07,1.185892731882631779e-03,1.426878952770493925e-06
1.780252659955294803e-06,9.981734156608581543e-01,7.839213367333286442e-07,1.822151476517319679e-03,1.843859763539512642e-06
1.502470922787324525e-06,9.979290962219238281e-01,8.876032211446727160e-07,2.066335175186395645e-03,2.139024672942468897e-06
1.460006160414195620e-06,9.959071278572082520e-01,1.293886043640668504e-06,4.086670000106096268e-03,3.579064468794967979e-06
1.243542214979242999e-06,9.923680424690246582e-01,1.835513671721855644e-06,7.623412646353244781e-03,5.447807325253961608e-06
8.008180998331226874e-07,9.960727691650390625e-01,1.257707708646194078e-06,3.921325784176588058e-03,3.935619588446570560e-06
3.948057099023571936e-07,9.989030957221984863e-01,8.384245688830560539e-07,1.093161059543490410e-03,2.556030267442110926e-06
1.968104328398112557e-07,9.996791481971740723e-01,6.233768772290204652e-07,3.180642961524426937e-04,1.931290853462996893e-06
1.295265690259839175e-07,9.998804926872253418e-01,5.477033937495434657e-07,1.170762916444800794e-04,1.814753886719699949e-06
1.153440365442293114e-07,9.999421834945678711e-01,5.079616585135227069e-07,5.543725637835450470e-05,1.734309648782073054e-06
1.230664281592908083e-07,9.999638199806213379e-01,5.289672913022513967e-07,3.356999150128103793e-05,1.822854301281040534e-06
1.398739470914733829e-07,9.999746084213256836e-01,5.831223006680374965e-07,2.265190232719760388e-05,1.994366584767703898e-06
1.568159717635353445e-07,9.999799728393554688e-01,6.264508556341752410e-07,1.708344279904849827e-05,2.182214075219235383e-06
1.814630223861968261e-07,9.999815225601196289e-01,6.947331030460190959e-07,1.498583515058271587e-05,2.579091187726589851e-06
2.170941684198623989e-07,9.999800920486450195e-01,8.519398306816583499e-07,1.549708395032212138e-05,3.359735956109943800e-06
2.812763852944044629e-07,9.999763965606689453e-01,1.112681729864561930e-06,1.755743323883507401e-05,4.703348622570047155e-06
3.864490167870826554e-07,9.999704360961914062e-01,1.486006340201129206e-06,2.115000825142487884e-05,6.536657110700616613e-06
5.180193625164974947e-07,9.999634027481079102e-01,1.920203885674709454e-06,2.608826980576850474e-05,8.106927452899981290e-06
5.997512744215782732e-07,9.999583363533020020e-01,2.102781763824168593e-06,3.077675137319602072e-05,8.262471055786591023e-06
7.115094717846659478e-07,9.999518394470214844e-01,2.251742671433021314e-06,3.686042327899485826e-05,8.352533768629655242e-06
1.301991233049193397e-06,9.999235868453979492e-01,2.615152880025561899e-06,6.282349932007491589e-05,9.669208338891621679e-06
2.069375796054373495e-06,9.998773336410522461e-01,2.749051873252028599e-06,1.077057604561559856e-04,1.013114615489030257e-05
2.635171085785259493e-06,9.998204708099365234e-01,2.894669023589813150e-06,1.632625353522598743e-04,1.071642145689111203e-05
2.723767238421714865e-06,9.997848868370056152e-01,2.705598035390721634e-06,1.996113278437405825e-04,1.011308540910249576e-05
2.724938894971273839e-06,9.997592568397521973e-01,2.444600340822944418e-06,2.262734342366456985e-04,9.222833796229679137e-06
2.212557774328161031e-06,9.997598528861999512e-01,2.237944727312424220e-06,2.275022416142746806e-04,8.181925295502878726e-06
1.925740207298076712e-06,9.997746348381042480e-01,2.080756758005009033e-06,2.138260024366900325e-04,7.591830126330023631e-06
1.526445771560247522e-06,9.998032450675964355e-01,1.789758357517712284e-06,1.871664426289498806e-04,6.339885203487938270e-06
1.144867496805090923e-06,9.998274445533752441e-01,1.493372451477625873e-06,1.644556468818336725e-04,5.517909357877215371e-06
7.688755090384802315e-07,9.998610019683837891e-01,1.271985979656165000e-06,1.317949499934911728e-04,5.059357135905884206e-06
6.895449473631742876e-07,9.998697638511657715e-01,1.247291947947815061e-06,1.231799251399934292e-04,5.162771685718325898e-06
5.717929525417275727e-07,9.998845458030700684e-01,1.174758949673559982e-06,1.088305943994782865e-04,4.908296432404313236e-06
5.183810571907088161e-07,9.998896718025207520e-01,1.214256144521641545e-06,1.036904141074046493e-04,4.987179181625833735e-06
5.445986062113661319e-07,9.998900890350341797e-01,1.287365194002632052e-06,1.029759514494799078e-04,5.109051016916055232e-06
7.288924734893953428e-07,9.998768568038940430e-01,1.368410607938130852e-06,1.158640225185081363e-04,5.155411145096877590e-06
8.594736868872132618e-07,9.998619556427001953e-01,1.355449626316840295e-06,1.306523772655054927e-04,5.150232027517631650e-06
8.477730943923234008e-07,9.998497962951660156e-01,1.284544509871921036e-06,1.428549730917438865e-04,5.188724571780767292e-06
7.393315399895072915e-07,9.998307228088378906e-01,1.306463900618837215e-06,1.616039517102763057e-04,5.557803888223133981e-06
6.873225970593921375e-07,9.998103380203247070e-01,1.483746245867223479e-06,1.809020759537816048e-04,6.498778475361177698e-06
7.283650802492047660e-07,9.998115897178649902e-01,1.893228386506962124e-06,1.784566848073154688e-04,7.410211310343584046e-06
7.046305654512252659e-07,9.998317360877990723e-01,2.315352958248695359e-06,1.578153896844014525e-04,7.495636964449658990e-06
6.627672632930625696e-07,9.998480081558227539e-01,2.910291641455842182e-06,1.407680974807590246e-04,7.653621651115827262e-06
6.941053243281203322e-07,9.998506307601928711e-01,3.605615347623825073e-06,1.364174677291885018e-04,8.526148121745791286e-06
8.080301086010877043e-07,9.998469352722167969e-01,4.080113285453990102e-06,1.392283156746998429e-04,8.987372893898282200e-06
7.802576647009118460e-07,9.998604059219360352e-01,3.846596882794983685e-06,1.260108983842656016e-04,8.941216947278007865e-06
7.301176196961023379e-07,9.998798370361328125e-01,3.541066462275921367e-06,1.068669807864353061e-04,8.924102075980044901e-06
7.226761908896150999e-07,9.998883008956909180e-01,3.567865860532037914e-06,9.779124229680746794e-05,9.710375707072671503e-06
1.224941456712258514e-06,9.998700618743896484e-01,4.614533736457815394e-06,1.109422664740122855e-04,1.307864567934302613e-05
2.026907623076112941e-06,9.998535513877868652e-01,5.874876478628721088e-06,1.229884801432490349e-04,1.557549330755136907e-05
3.086962124143610708e-06,9.998239874839782715e-01,7.432469828927423805e-06,1.480496866861358285e-04,1.751046147546730936e-05
3.507727569740382023e-06,9.998296499252319336e-01,8.526880264980718493e-06,1.408878888469189405e-04,1.738193350320216268e-05
3.720665745277074166e-06,9.998486042022705078e-01,9.403661351825576276e-06,1.211609560414217412e-04,1.704048736428376287e-05
4.653853920899564400e-06,9.998415112495422363e-01,1.249330671271309257e-05,1.222472201334312558e-04,1.908098238345701247e-05
4.532925686362432316e-06,9.998255372047424316e-01,1.631846316740848124e-05,1.329104852629825473e-04,2.079339355987031013e-05
3.214448270227876492e-06,9.998388290405273438e-01,1.680409695836715400e-05,1.219857585965655744e-04,1.914092536026146263e-05
2.209605554526206106e-06,9.998548030853271484e-01,1.433117449778364971e-05,1.123559341067448258e-04,1.629314647288993001e-05
1.601003191353811417e-06,9.998650550842285156e-01,9.765150025486946106e-06,1.112575846491381526e-04,1.239410903508542106e-05
1.217347289639292285e-06,9.998693466186523438e-01,5.968387540633557364e-06,1.145556889241561294e-04,8.937746315496042371e-06
1.009615857583412435e-06,9.998764395713806152e-01,3.935998847737209871e-06,1.120935121434740722e-04,6.568157914443872869e-06
9.264066420655581169e-07,9.998798370361328125e-01,3.103661356362863444e-06,1.107781790778972208e-04,5.373217391024809331e-06
1.038249820339842699e-06,9.998576045036315918e-01,2.497925152056268416e-06,1.345526252407580614e-04,4.315627847972791642e-06
1.335681758973805699e-06,9.997994303703308105e-01,2.030841187661280856e-06,1.936176122399047017e-04,3.545073695931932889e-06
1.783107222763646860e-06,9.997182488441467285e-01,1.767918774930876680e-06,2.751806168816983700e-04,3.008266276083304547e-06
1.982372850761748850e-06,9.996542930603027344e-01,1.739950562296144199e-06,3.390964702703058720e-04,2.839333546944544651e-06
1.886304175968689378e-06,9.996416568756103516e-01,1.751218974277435336e-06,3.520538157317787409e-04,2.655046273503103293e-06
1.882882202153268736e-06,9.996258020401000977e-01,1.806729187592281960e-06,3.681150556076318026e-04,2.443784296701778658e-06
2.139232719855499454e-06,9.996106624603271484e-01,1.775964278749597725e-06,3.831399371847510338e-04,2.246472604383598082e-06
2.625295564939733595e-06,9.995692372322082520e-01,1.830671294555941131e-06,4.240552079863846302e-04,2.187692189181689173e-06
2.664822886799811386e-06,9.995744824409484863e-01,1.703568500488472637e-06,4.191064217593520880e-04,2.092363502015359700e-06
2.366598891967441887e-06,9.996024966239929199e-01,1.584581355018599425e-06,3.914776898454874754e-04,2.115552433679113165e-06
2.741796606642310508e-06,9.995262622833251953e-01,1.831181066336284857e-06,4.665634769480675459e-04,2.572571702330606058e-06
4.938044639857253060e-06,9.990745186805725098e-01,3.227884917578194290e-06,9.126667282544076443e-04,4.643758984457235783e-06
7.222149633889785036e-06,9.982255101203918457e-01,5.919604518567211926e-06,1.753227668814361095e-03,8.194576366804540157e-06
7.573708444397198036e-06,9.967349171638488770e-01,9.866548680292908102e-06,3.234809963032603264e-03,1.283161600440507755e-05
6.876926818222273141e-06,9.961732625961303711e-01,1.049734783009625971e-05,3.796934615820646286e-03,1.245261228177696466e-05
6.175122962304158136e-06,9.953024387359619141e-01,9.134816536970902234e-06,4.670837428420782089e-03,1.139542655437253416e-05
8.447325853921938688e-06,9.922314882278442383e-01,7.701286449446342885e-06,7.742241956293582916e-03,1.014157624013023451e-05
1.066850472852820531e-05,9.923555850982666016e-01,6.803163614677032456e-06,7.618201896548271179e-03,8.827782949083484709e-06
7.847722372389398515e-06,9.959586858749389648e-01,6.568076514668064192e-06,4.018741194158792496e-03,8.124031410261522979e-06
3.396439069547341205e-06,9.980999827384948730e-01,5.598724328592652455e-06,1.882666023448109627e-03,8.374931894650217146e-06
1.176755972664977890e-06,9.993550181388854980e-01,4.255248768458841369e-06,6.319374078884720802e-04,7.649709914403501898e-06
5.310244546308240388e-07,9.997440576553344727e-01,3.348364543853676878e-06,2.449695020914077759e-04,7.094371540006250143e-06
3.681082034745486453e-07,9.998512268066406250e-01,3.389595349290175363e-06,1.364093914162367582e-04,8.673342563270125538e-06
2.992099155108007835e-07,9.999035000801086426e-01,3.635374696386861615e-06,8.266959775937721133e-05,9.729713383421767503e-06
2.510574006464594277e-07,9.999322891235351562e-01,3.668215640573180281e-06,5.385090480558574200e-05,9.905050319503061473e-06
2.533258793846471235e-07,9.999430775642395020e-01,3.922557425539707765e-06,4.175008871243335307e-05,1.094841718440875411e-05
3.280391354110179236e-07,9.999413490295410156e-01,4.610262294590938836e-06,4.021413042210042477e-05,1.348994646832579747e-05
5.631864041788503528e-07,9.999272227287292480e-01,5.535027412406634539e-06,4.995835843146778643e-05,1.670203528192359954e-05
1.005042122415034100e-06,9.998982548713684082e-01,6.884637514303904027e-06,7.261166319949552417e-05,2.127395237039308995e-05
1.642109964450355619e-06,9.998616576194763184e-01,7.962424206198193133e-06,1.028945771395228803e-04,2.589757241366896778e-05
2.281657771163736470e-06,9.998227357864379883e-01,8.266254553745966405e-06,1.384686329402029514e-04,2.820298141159582883e-05
2.625062961669755168e-06,9.997927546501159668e-01,8.018807420739904046e-06,1.671225618338212371e-04,2.952503018605057150e-05
3.404497874726075679e-06,9.997486472129821777e-01,8.010308192751836032e-06,2.089195477310568094e-04,3.102579648839309812e-05
3.574660695448983461e-06,9.997162222862243652e-01,7.499798357457621023e-06,2.435055794194340706e-04,2.922843123087659478e-05
3.881804786942666396e-06,9.996443986892700195e-01,8.306374184030573815e-06,3.102752962149679661e-04,3.314824425615370274e-05
4.026414899271912873e-06,9.995934367179870605e-01,8.615264050604309887e-06,3.592325956560671329e-04,3.461326559772714972e-05
3.619917151809204370e-06,9.995797276496887207e-01,9.064619916898664087e-06,3.741503169294446707e-04,3.338377064210362732e-05
3.038741169802960940e-06,9.996054768562316895e-01,9.163653885480016470e-06,3.510497335810214281e-04,3.123253554804250598e-05
2.207385705332853831e-06,9.996707439422607422e-01,9.099186172534245998e-06,2.923931751865893602e-04,2.549351302150171250e-05
1.611988068361824844e-06,9.997232556343078613e-01,9.564454558130819350e-06,2.441189717501401901e-04,2.151468834199476987e-05
1.399846610183885787e-06,9.997338652610778809e-01,1.129588235926348716e-05,2.319413033546879888e-04,2.148362545995041728e-05
1.370029849567799829e-06,9.997361302375793457e-01,1.408129992341855541e-05,2.245958457933738828e-04,2.379418037889990956e-05
1.418297983946104068e-06,9.997392296791076660e-01,1.679446722846478224e-05,2.173963584937155247e-04,2.521273017919156700e-05
1.757065547280944884e-06,9.997259378433227539e-01,2.176362613681703806e-05,2.241706679342314601e-04,2.638718433445319533e-05
2.189583256040350534e-06,9.997007250785827637e-01,2.564152055128943175e-05,2.450571337249130011e-04,2.639194099174346775e-05
3.477815880614798516e-06,9.995845556259155273e-01,3.171073694829829037e-05,3.502117469906806946e-04,3.002080302394460887e-05
6.546582881128415465e-06,9.993406534194946289e-01,4.011033161077648401e-05,5.753710283897817135e-04,3.737795850611291826e-05
8.578846063755918294e-06,9.991718530654907227e-01,4.576791980070993304e-05,7.336246198974549770e-04,4.019956031697802246e-05
1.360707392450422049e-05,9.990277290344238281e-01,5.733760190196335316e-05,8.593201055191457272e-04,4.199335671728476882e-05
1.822928243200294673e-05,9.989724159240722656e-01,7.023676153039559722e-05,8.926082518883049488e-04,4.663639629143290222e-05
3.085142088821157813e-05,9.985320568084716797e-01,1.019157207338139415e-04,1.272274763323366642e-03,6.294806371442973614e-05
4.266804171493276954e-05,9.981297254562377930e-01,1.454681769246235490e-04,1.600664458237588406e-03,8.138280099956318736e-05
5.861705358256585896e-05,9.975591897964477539e-01,2.086774184135720134e-04,2.069697948172688484e-03,1.038164700730703771e-04
6.462367309723049402e-05,9.969362020492553711e-01,2.366865228395909071e-04,2.659277291968464851e-03,1.031895735650323331e-04
5.613322355202399194e-05,9.966900348663330078e-01,1.751010422594845295e-04,3.006380749866366386e-03,7.235597149701789021e-05
5.207351932767778635e-05,9.957932233810424805e-01,1.150121606769971550e-04,3.989049233496189117e-03,5.060064358985982835e-05
4.650014307117089629e-05,9.946514368057250977e-01,8.206725760828703642e-05,5.184580106288194656e-03,3.542460035532712936e-05
3.826533793471753597e-05,9.943504333496093750e-01,6.066034256946295500e-05,5.525192245841026306e-03,2.539737033657729626e-05
3.124743307125754654e-05,9.943588376045227051e-01,4.899240593658760190e-05,5.538932979106903076e-03,2.194160151702817529e-05
4.040152634843252599e-05,9.920713901519775391e-01,6.718363147228956223e-05,7.789990399032831192e-03,3.097134322160854936e-05
6.148224929347634315e-05,9.883007407188415527e-01,1.182357009383849800e-04,1.146508380770683289e-02,5.443618283607065678e-05
1.310778461629524827e-04,9.785055518150329590e-01,3.145515802316367626e-04,2.093373425304889679e-02,1.151429751189425588e-04
2.709809923544526100e-04,9.647735357284545898e-01,9.606610983610153198e-04,3.374043479561805725e-02,2.543007722124457359e-04
4.721534787677228451e-04,9.552640318870544434e-01,2.659037709236145020e-03,4.115056246519088745e-02,4.541876551229506731e-04
7.315206457860767841e-04,9.549837708473205566e-01,4.838225431740283966e-03,3.888086974620819092e-02,5.655662971548736095e-04
8.391797891817986965e-04,9.596735239028930664e-01,5.930733866989612579e-03,3.299478068947792053e-02,5.617730203084647655e-04
5.519227706827223301e-04,9.779896736145019531e-01,3.151053562760353088e-03,1.801745593547821045e-02,2.898799430113285780e-04
2.652116236276924610e-04,9.896832704544067383e-01,1.260918099433183670e-03,8.656234480440616608e-03,1.343361946055665612e-04
2.733499568421393633e-04,9.873709678649902344e-01,1.215219381265342236e-03,1.099299918860197067e-02,1.475505705457180738e-04
5.990745266899466515e-04,9.658942818641662598e-01,2.539180219173431396e-03,3.065137006342411041e-02,3.161638742312788963e-04
1.131491269916296005e-03,8.689876198768615723e-01,6.872060243040323257e-03,1.221656128764152527e-01,8.431104943156242371e-04
1.118752174079418182e-03,6.006640791893005371e-01,9.324029088020324707e-03,3.877089619636535645e-01,1.184095395728945732e-03
5.247605731710791588e-04,3.775784671306610107e-01,5.767111666500568390e-03,6.153529882431030273e-01,7.766415947116911411e-04
2.057288074865937233e-04,2.695887088775634766e-01,2.092573558911681175e-03,7.278162837028503418e-01,2.966744068544358015e-04
1.069202990038320422e-04,3.678333163261413574e-01,1.299044466577470303e-03,6.305997371673583984e-01,1.610557665117084980e-04
7.827194349374622107e-05,6.518386602401733398e-01,1.076700398698449135e-03,3.468846976757049561e-01,1.216503660543821752e-04
4.457202885532751679e-05,8.906590938568115234e-01,6.970692775212228298e-04,1.085102856159210205e-01,8.899782551452517509e-05
3.002976336574647576e-05,9.583770036697387695e-01,4.882318899035453796e-04,4.101441428065299988e-02,9.037960262503474951e-05
1.944114592333789915e-05,9.849610328674316406e-01,3.340301918797194958e-04,1.460236776620149612e-02,8.308533870149403811e-05
1.245412113348720595e-05,9.916479587554931641e-01,2.846347633749246597e-04,7.947366684675216675e-03,1.075265608960762620e-04
1.037985930452123284e-05,9.946656227111816406e-01,3.026634803973138332e-04,4.866054281592369080e-03,1.553626207169145346e-04
8.843253453960642219e-06,9.968091845512390137e-01,2.735116286203265190e-04,2.750186016783118248e-03,1.582669501658529043e-04
1.035379864333663136e-05,9.969453215599060059e-01,2.728610998019576073e-04,2.592093544080853462e-03,1.793751871446147561e-04
1.380752019031206146e-05,9.968148469924926758e-01,2.620228333398699760e-04,2.694947412237524986e-03,2.142881712643429637e-04
1.923584386531729251e-05,9.963017702102661133e-01,2.490494225639849901e-04,3.191388444975018501e-03,2.385087573202326894e-04
2.246627991553395987e-05,9.954864978790283203e-01,2.072585339192301035e-04,4.073123913258314133e-03,2.104999148286879063e-04
2.459933602949604392e-05,9.943621754646301270e-01,1.637844979995861650e-04,5.270738154649734497e-03,1.785498170647770166e-04
2.549713644839357585e-05,9.936080574989318848e-01,1.315029221586883068e-04,6.075909361243247986e-03,1.590760512044653296e-04
2.735644375206902623e-05,9.920534491539001465e-01,1.081088485079817474e-04,7.666278164833784103e-03,1.446915703127160668e-04
3.308432133053429425e-05,9.898129701614379883e-01,9.324819984612986445e-05,9.933141991496086121e-03,1.274250389542430639e-04
4.189419269096106291e-05,9.836841821670532227e-01,8.955926023190841079e-05,1.605592854321002960e-02,1.284347381442785263e-04
4.374825584818609059e-05,9.756720066070556641e-01,8.594106475356966257e-05,2.407252602279186249e-02,1.257068652193993330e-04
3.763158019864931703e-05,9.658837914466857910e-01,8.105453889584168792e-05,3.387770056724548340e-02,1.198247846332378685e-04
3.153762008878402412e-05,9.578849673271179199e-01,7.379325688816606998e-05,4.189390689134597778e-02,1.157413353212177753e-04
2.109358683810569346e-05,9.601244926452636719e-01,6.530553946504369378e-05,3.968646004796028137e-02,1.025413366733118892e-04
1.190030707221012563e-05,9.711468815803527832e-01,5.958705878583714366e-05,2.869592607021331787e-02,8.565124880988150835e-05
1.267420338990632445e-05,9.682145118713378906e-01,7.306115003302693367e-05,3.160936385393142700e-02,9.038770076585933566e-05
1.152054119302192703e-05,9.711517691612243652e-01,8.086345042102038860e-05,2.866572886705398560e-02,9.008744382299482822e-05
7.196552815003087744e-06,9.784022569656372070e-01,8.077990059973672032e-05,2.142198570072650909e-02,8.776849426794797182e-05
5.402371243690140545e-06,9.801988005638122559e-01,8.329891716130077839e-05,1.961825229227542877e-02,9.431049693375825882e-05
6.104321528255240992e-06,9.636117219924926758e-01,7.998052751645445824e-05,3.620934486389160156e-02,9.289298759540542960e-05
1.011454241961473599e-05,8.887526988983154297e-01,7.418049062835052609e-05,1.110690459609031677e-01,9.394389053341001272e-05
1.431135842722142115e-05,7.045062780380249023e-01,6.084992855903692544e-05,2.953330874443054199e-01,8.545778837287798524e-05
1.741296000545844436e-05,4.446407258510589600e-01,4.706460822490043938e-05,5.552258491516113281e-01,6.897922867210581899e-05
1.807283479138277471e-05,2.582246661186218262e-01,3.479648876236751676e-05,7.416709065437316895e-01,5.151207005837932229e-05
1.900001188914757222e-05,1.453929245471954346e-01,2.817120912368409336e-05,8.545167446136474609e-01,4.316510967328213155e-05
2.135929389623925090e-05,8.756656944751739502e-02,2.863971167244017124e-05,9.123406410217285156e-01,4.279673885321244597e-05
1.908043668663594872e-05,6.326229125261306763e-02,3.257990829297341406e-05,9.366379380226135254e-01,4.820217509404756129e-05
1.812375194276683033e-05,4.683009162545204163e-02,3.772626587306149304e-05,9.530600905418395996e-01,5.402775786933489144e-05
1.889218219730537385e-05,4.035992920398712158e-02,4.884866211796179414e-05,9.595081806182861328e-01,6.408806075341999531e-05
2.065928129013627768e-05,3.968675434589385986e-02,5.914263601880520582e-05,9.601678848266601562e-01,6.548697274411097169e-05
2.530697020119987428e-05,2.999617904424667358e-02,5.684351344825699925e-05,9.698689579963684082e-01,5.260350008029490709e-05
2.942586070275865495e-05,2.099481783807277679e-02,4.168726809439249337e-05,9.789006710052490234e-01,3.340163311804644763e-05
2.575813414296135306e-05,1.645170710980892181e-02,2.897841477533802390e-05,9.834728240966796875e-01,2.079307705571409315e-05
1.819390490709338337e-05,1.445841975510120392e-02,2.400734410912264138e-05,9.854815006256103516e-01,1.782530125638004392e-05
1.541767414892092347e-05,1.032234448939561844e-02,2.190108534705359489e-05,9.896236062049865723e-01,1.671680729486979544e-05
1.696173785603605211e-05,9.923607110977172852e-03,2.247283737233374268e-05,9.900205135345458984e-01,1.646465352678205818e-05
2.207117358921095729e-05,1.329819392412900925e-02,2.840502384060528129e-05,9.866315722465515137e-01,1.978843465622048825e-05
2.822146598191466182e-05,1.550900936126708984e-02,4.486497346078976989e-05,9.843845963478088379e-01,3.323263081256300211e-05
4.171984255663119256e-05,2.240633778274059296e-02,7.374710548901930451e-05,9.774216413497924805e-01,5.646535646519623697e-05
5.464976493385620415e-05,4.296270757913589478e-02,1.089742290787398815e-04,9.567824602127075195e-01,9.116179717238992453e-05
7.096047193044796586e-05,7.329310476779937744e-02,1.731792581267654896e-04,9.263042807579040527e-01,1.584533165441825986e-04
9.332364425063133240e-05,1.221693083643913269e-01,1.824245555326342583e-04,8.773722648620605469e-01,1.826893712859600782e-04
1.009399275062605739e-04,1.899704039096832275e-01,1.378982851747423410e-04,8.096425533294677734e-01,1.482008228776976466e-04
8.425004489254206419e-05,2.149505615234375000e-01,1.020228883135132492e-04,7.847372889518737793e-01,1.258147967746481299e-04
6.950359966140240431e-05,1.704635322093963623e-01,8.619707659818232059e-05,8.292606472969055176e-01,1.199659964186139405e-04
5.215318742557428777e-05,1.551790982484817505e-01,8.051279291976243258e-05,8.445675373077392578e-01,1.206922825076617301e-04
3.292442852398380637e-05,1.427272856235504150e-01,7.727451884420588613e-05,8.570414781570434570e-01,1.210351911140605807e-04
1.846952727646566927e-05,1.401681303977966309e-01,7.865086809033527970e-05,8.596194386482238770e-01,1.152718541561625898e-04
1.063992385752499104e-05,2.078128606081008911e-01,8.275044820038601756e-05,7.919771075248718262e-01,1.166328656836412847e-04
6.637740170845063403e-06,2.267234176397323608e-01,5.136357867741025984e-05,7.731481790542602539e-01,7.038220064714550972e-05
5.412922746472759172e-06,1.998580098152160645e-01,3.086907963734120131e-05,8.000677824020385742e-01,3.787706737057305872e-05
6.115987616794882342e-06,2.835705280303955078e-01,3.560681943781673908e-05,7.163505554199218750e-01,3.720816675922833383e-05
8.464961865684017539e-06,4.485203325748443604e-01,4.197397720417939126e-05,5.513875484466552734e-01,4.163240009802393615e-05
1.324325421592220664e-05,6.945258378982543945e-01,4.800322130904532969e-05,3.053664565086364746e-01,4.649043330573476851e-05
1.453322238376131281e-05,8.796655535697937012e-01,4.689158595283515751e-05,1.202257648110389709e-01,4.718527634395286441e-05
6.774999292247230187e-06,9.665068387985229492e-01,3.342052877997048199e-05,3.341141715645790100e-02,4.145158891333267093e-05
3.205512257409282029e-06,9.919940829277038574e-01,2.316650716238655150e-05,7.948427461087703705e-03,3.105466021224856377e-05
1.904955411191622261e-06,9.975587725639343262e-01,1.605996840225998312e-05,2.401098608970642090e-03,2.227637924079317600e-05
1.337348976448993199e-06,9.989629387855529785e-01,1.182304458779981360e-05,1.006421982310712337e-03,1.758083999447990209e-05
9.842727877185097896e-07,9.994204640388488770e-01,9.715016858535818756e-06,5.525840097106993198e-04,1.623063326405826956e-05
1.510517790848098230e-06,9.993501305580139160e-01,1.199258986162021756e-05,6.141836638562381268e-04,2.226915785286109895e-05
2.333962129341671243e-06,9.992894530296325684e-01,1.515503845439525321e-05,6.622991058975458145e-04,3.072293839068152010e-05
2.592177452243049629e-06,9.993789196014404297e-01,1.509398134658113122e-05,5.717115127481520176e-04,3.164134614053182304e-05
3.372914534338633530e-06,9.993535280227661133e-01,1.605868237675167620e-05,5.928799510002136230e-04,3.414641105337068439e-05
4.096473276149481535e-06,9.992698431015014648e-01,1.676324791333172470e-05,6.726604769937694073e-04,3.660365109681151807e-05
4.833707407669862732e-06,9.991856217384338379e-01,1.501965834904694930e-05,7.609273889102041721e-04,3.362375719007104635e-05
4.089560661668656394e-06,9.991791248321533203e-01,1.249245997314574197e-05,7.762273307889699936e-04,2.805685653584077954e-05
2.919818825830589049e-06,9.992342591285705566e-01,9.607760148355737329e-06,7.303523598238825798e-04,2.285768641741015017e-05
2.105514795402996242e-06,9.993144273757934570e-01,7.350945907091954723e-06,6.579938926734030247e-04,1.812852133298292756e-05
1.356732468593691010e-06,9.995013475418090820e-01,5.633027740259421989e-06,4.786692443303763866e-04,1.301232168771093711e-05
1.159250246018928010e-06,9.996140599250793457e-01,5.001181762054329738e-06,3.693627368193119764e-04,1.040742517943726853e-05
1.057467102327791508e-06,9.996769428253173828e-01,4.648446520150173455e-06,3.086318029090762138e-04,8.698681995156221092e-06
9.746703426571912132e-07,9.997295141220092773e-01,4.873138095717877150e-06,2.565780014265328646e-04,8.027048352232668549e-06
7.563591566395189147e-07,9.997898340225219727e-01,4.359292688604909927e-06,1.978874788619577885e-04,7.151936642912914976e-06
5.881258289264224004e-07,9.998328089714050293e-01,3.946161541534820572e-06,1.560952368890866637e-04,6.577792646567104384e-06
6.256997266973485239e-07,9.998464584350585938e-01,4.067700501764193177e-06,1.421133201802149415e-04,6.718161330354632810e-06
7.230139544844860211e-07,9.998541474342346191e-01,4.199930117465555668e-06,1.339770678896456957e-04,6.975257292651804164e-06
7.272705033756210469e-07,9.998654127120971680e-01,3.980211658927146345e-06,1.224796724272891879e-04,7.347091468545841053e-06
7.329318805204820819e-07,9.998721480369567871e-01,3.856388502754271030e-06,1.156890211859717965e-04,7.579206794616766274e-06
7.640497869942919351e-07,9.998722672462463379e-01,4.198776423436356708e-06,1.145320929936133325e-04,8.202488061215262860e-06
7.732021458650706336e-07,9.998721480369567871e-01,4.901981355942552909e-06,1.135183847509324551e-04,8.794582754489965737e-06
9.396915174875175580e-07,9.998567700386047363e-01,6.339673745969776064e-06,1.251099456567317247e-04,1.079752655641641468e-05
1.464719957766646985e-06,9.998261928558349609e-01,9.027549822349101305e-06,1.475844765082001686e-04,1.577346665726508945e-05
2.890986024794983678e-06,9.997979402542114258e-01,1.348198475170647725e-05,1.611619372852146626e-04,2.455850335536524653e-05
5.504228738573146984e-06,9.997560381889343262e-01,1.994228841795120388e-05,1.800116442609578371e-04,3.849435233860276639e-05
5.955821961833862588e-06,9.997626543045043945e-01,2.160501207981724292e-05,1.678189146332442760e-04,4.196649024379439652e-05
5.847018201166065410e-06,9.997847080230712891e-01,2.265823241032194346e-05,1.486561959609389305e-04,3.809191184700466692e-05
6.852383648947579786e-06,9.997716546058654785e-01,2.775477514660451561e-05,1.580593961989507079e-04,3.568313695723190904e-05
7.007321073615457863e-06,9.997770190238952637e-01,3.183913213433697820e-05,1.562584802741184831e-04,2.794046486087609082e-05
7.607586667290888727e-06,9.997394680976867676e-01,3.870539512718096375e-05,1.872128486866131425e-04,2.699290234886575490e-05
1.002874978439649567e-05,9.996705055236816406e-01,4.290650394978001714e-05,2.514196094125509262e-04,2.507855970179662108e-05
1.331771272816695273e-05,9.995617270469665527e-01,4.974731200491078198e-05,3.506525536067783833e-04,2.454941750329453498e-05
1.282761513721197844e-05,9.994829297065734863e-01,5.456903818412683904e-05,4.263367154635488987e-04,2.341494291613344103e-05
1.174880526377819479e-05,9.994298219680786133e-01,6.202635995578020811e-05,4.724597383756190538e-04,2.393747854512184858e-05
9.431386388314422220e-06,9.995101094245910645e-01,6.300109089352190495e-05,3.961650654673576355e-04,2.136581315426155925e-05
8.391801202378701419e-06,9.995440840721130371e-01,7.133541657822206616e-05,3.536513831932097673e-04,2.251681507914327085e-05
1.061874718288891017e-05,9.994671344757080078e-01,1.334967528237029910e-04,3.543571510817855597e-04,3.435582402744330466e-05
1.759095357556361705e-05,9.991903305053710938e-01,3.095077699981629848e-04,4.250384226907044649e-04,5.754022640758194029e-05
4.680486381403170526e-05,9.977718591690063477e-01,1.279412768781185150e-03,7.360735908150672913e-04,1.658789406064897776e-04
1.770725066307932138e-04,9.905322790145874023e-01,7.151780184358358383e-03,1.578749390318989754e-03,5.601053126156330109e-04
6.401985883712768555e-04,9.479047656059265137e-01,4.658698290586471558e-02,3.062797943130135536e-03,1.805188017897307873e-03
1.801870181225240231e-03,7.189975380897521973e-01,2.707937955856323242e-01,3.492283634841442108e-03,4.914522171020507812e-03
1.899896305985748768e-03,2.926124334335327148e-01,6.987031698226928711e-01,1.595256733708083630e-03,5.189192947000265121e-03
7.224612636491656303e-04,5.247405916452407837e-02,9.438567757606506348e-01,2.381183003308251500e-04,2.708578715100884438e-03
2.374131145188584924e-04,7.569510024040937424e-03,9.909393191337585449e-01,3.040780575247481465e-05,1.223269850015640259e-03
1.139716041507199407e-04,1.470876391977071762e-03,9.977523684501647949e-01,6.625830792472697794e-06,6.561706541106104851e-04
8.592540689278393984e-05,6.765066063962876797e-04,9.987836480140686035e-01,2.864524049073224887e-06,4.510476428549736738e-04
6.003590533509850502e-05,3.842895384877920151e-04,9.992244243621826172e-01,1.840409368014661595e-06,3.293979971203953028e-04
3.121002737316302955e-05,1.428979012416675687e-04,9.996147155761718750e-01,8.369673878405592404e-07,2.103871083818376064e-04
1.537585558253340423e-05,6.463877798523753881e-05,9.997758269309997559e-01,4.075744186593510676e-07,1.436793972970917821e-04
1.122693447541678324e-05,4.830603938899002969e-05,9.998363852500915527e-01,2.052016014886248740e-07,1.039263224811293185e-04
8.604770300735253841e-06,4.524777614278718829e-05,9.998597502708435059e-01,1.306778472098812927e-07,8.623702888144180179e-05
6.872757239761995152e-06,4.650692790164612234e-05,9.998665452003479004e-01,1.060445811162935570e-07,7.998548971954733133e-05
5.964632237009936944e-06,4.600067404680885375e-05,9.998722076416015625e-01,1.022758269186851976e-07,7.574137998744845390e-05
6.080441835365490988e-06,4.923441520077176392e-05,9.998682737350463867e-01,1.195905809936448350e-07,7.633848144905641675e-05
6.868602667964296415e-06,5.419909211923368275e-05,9.998605847358703613e-01,1.633546418133846601e-07,7.826671935617923737e-05
8.060894288064446300e-06,6.084464621380902827e-05,9.998474121093750000e-01,2.442333766339288559e-07,8.337942563230171800e-05
9.038808457262348384e-06,6.807502359151840210e-05,9.998338818550109863e-01,3.887196555751870619e-07,8.865711424732580781e-05
1.035504283208865672e-05,8.054182399064302444e-05,9.998154640197753906e-01,6.308513889052846935e-07,9.293480979977175593e-05
1.021355728880735114e-05,9.499264706391841173e-05,9.998032450675964355e-01,8.687610488777863793e-07,9.077375580091029406e-05
1.285076905332971364e-05,1.079083012882620096e-04,9.997838735580444336e-01,1.182196797344658989e-06,9.421565482625737786e-05
2.006730392167810351e-05,1.655690139159560204e-04,9.996988177299499512e-01,2.393032218606094830e-06,1.131992612499743700e-04
3.138442480121739209e-05,1.802841288736090064e-04,9.996384382247924805e-01,7.063149041641736403e-06,1.428126124665141106e-04
5.645862256642431021e-05,1.821644837036728859e-04,9.995581507682800293e-01,2.387537278991658241e-05,1.793127594282850623e-04
5.366326877265237272e-05,1.909604616230353713e-04,9.995356798171997070e-01,4.155992792220786214e-05,1.781871542334556580e-04
4.032511787954717875e-05,2.061931445496156812e-04,9.995350241661071777e-01,5.051872358308173716e-05,1.679242413956671953e-04
3.320624091429635882e-05,1.932678424054756761e-04,9.995433092117309570e-01,6.149673572508618236e-05,1.687391195446252823e-04
2.990227767440956086e-05,1.582103432156145573e-04,9.995465874671936035e-01,7.540488149970769882e-05,1.897999318316578865e-04
3.357293826411478221e-05,1.784338965080678463e-04,9.994413852691650391e-01,1.265295431949198246e-04,2.200875896960496902e-04
4.297170016798190773e-05,2.889869792852550745e-04,9.991430640220642090e-01,2.580336295068264008e-04,2.668892266228795052e-04
4.171502587269060314e-05,3.949388628825545311e-04,9.988915324211120605e-01,3.784608852583914995e-04,2.933310752268880606e-04
3.604630546760745347e-05,5.401286762207746506e-04,9.987375736236572266e-01,4.011410055682063103e-04,2.850462915375828743e-04
2.806576958391815424e-05,7.549503352493047714e-04,9.986973404884338379e-01,2.770187566056847572e-04,2.426959981676191092e-04
2.589485666248947382e-05,1.149171614088118076e-03,9.984267950057983398e-01,1.829727116273716092e-04,2.152847009710967541e-04
2.640445200086105615e-05,1.358845853246748447e-03,9.982940554618835449e-01,1.204219734063372016e-04,2.002817927859723568e-04
2.745769961620680988e-05,1.246930449269711971e-03,9.984701871871948242e-01,7.647350867046043277e-05,1.788949593901634216e-04
2.939556907222140580e-05,1.021437114104628563e-03,9.987391829490661621e-01,4.562663161777891219e-05,1.644010771997272968e-04
3.007456143677700311e-05,7.264296873472630978e-04,9.990646243095397949e-01,2.686419065867085010e-05,1.520194491604343057e-04
2.501430390111636370e-05,4.611450422089546919e-04,9.993624091148376465e-01,1.528216307633556426e-05,1.361916656605899334e-04
1.936525950441136956e-05,3.024277393706142902e-04,9.995387196540832520e-01,1.037926631397567689e-05,1.290848158532753587e-04
1.768015863490290940e-05,2.307153772562742233e-04,9.996114373207092285e-01,9.132700142799876630e-06,1.310784573433920741e-04
1.795364914869423956e-05,1.832479320000857115e-04,9.996622800827026367e-01,9.020638572110328823e-06,1.275894464924931526e-04
2.434070120216347277e-05,1.781412720447406173e-04,9.996467828750610352e-01,1.273164980375440791e-05,1.379795721732079983e-04
5.653761400026269257e-05,1.774604752426967025e-04,9.995236396789550781e-01,4.348557558842003345e-05,1.989810989471152425e-04
1.296561822528019547e-04,1.642890129005536437e-04,9.992514252662658691e-01,1.737473212415352464e-04,2.808720746543258429e-04
2.269141550641506910e-04,1.554445625515654683e-04,9.986495971679687500e-01,6.041273591108620167e-04,3.639337955974042416e-04
1.742230379022657871e-04,1.517478667665272951e-04,9.985030889511108398e-01,7.835544529370963573e-04,3.874095855280756950e-04
9.834799857344478369e-05,1.608783059054985642e-04,9.987928271293640137e-01,6.116130389273166656e-04,3.363757859915494919e-04
6.326516449917107821e-05,1.436289894627407193e-04,9.989109635353088379e-01,5.654616979882121086e-04,3.166143433190882206e-04
5.535162199521437287e-05,1.394047576468437910e-04,9.987866878509521484e-01,6.879629800096154213e-04,3.305327263660728931e-04
9.607645915821194649e-05,2.855125931091606617e-04,9.965690970420837402e-01,2.522728405892848969e-03,5.265753134153783321e-04
1.069212084985338151e-04,4.535230691544711590e-04,9.891802668571472168e-01,9.548475034534931183e-03,7.107157143764197826e-04
1.122321336879394948e-04,6.502511096186935902e-04,9.685302376747131348e-01,2.985191531479358673e-02,8.553175139240920544e-04
8.708090899745002389e-05,1.133317477069795132e-03,9.589967131614685059e-01,3.903868421912193298e-02,7.441863999702036381e-04
6.446394399972632527e-05,1.672423095442354679e-03,9.697659611701965332e-01,2.793406136333942413e-02,5.630489904433488846e-04
4.716462717624381185e-05,1.921035465784370899e-03,9.876394867897033691e-01,1.000073365867137909e-02,3.915588895324617624e-04
4.079143036506138742e-05,1.851544366218149662e-03,9.947328567504882812e-01,3.094034502282738686e-03,2.807427081279456615e-04
3.566068335203453898e-05,1.455962192267179489e-03,9.973080158233642578e-01,9.801262058317661285e-04,2.202144096372649074e-04
3.306693906779401004e-05,1.048625330440700054e-03,9.983572363853454590e-01,3.730447497218847275e-04,1.881089265225455165e-04
2.954100273200310767e-05,7.446787785738706589e-04,9.988564252853393555e-01,1.887909602373838425e-04,1.806588115869089961e-04
2.565565773693379015e-05,5.304604419507086277e-04,9.991466999053955078e-01,1.182843043352477252e-04,1.788746594684198499e-04
2.272666279168333858e-05,4.187081067357212305e-04,9.992738366127014160e-01,9.503975888947024941e-05,1.897096371976658702e-04
2.466188925609458238e-05,3.708115546032786369e-04,9.992882013320922852e-01,1.030554340104572475e-04,2.132442023139446974e-04
3.383741568541154265e-05,3.791208728216588497e-04,9.991842508316040039e-01,1.438924809917807579e-04,2.589022915344685316e-04
7.158238440752029419e-05,3.261237870901823044e-04,9.988670945167541504e-01,3.643404343165457249e-04,3.707213909365236759e-04
1.993607875192537904e-04,3.522798651829361916e-04,9.970961809158325195e-01,1.768176094628870487e-03,5.840963567607104778e-04
4.648327594622969627e-04,4.185969009995460510e-04,9.855765104293823242e-01,1.256951130926609039e-02,9.704507538117468357e-04
4.584406269714236259e-04,4.172515473328530788e-04,9.631193876266479492e-01,3.465611487627029419e-02,1.348880934529006481e-03
1.959256915142759681e-04,4.158566007390618324e-04,9.738625884056091309e-01,2.434733323752880096e-02,1.178220380097627640e-03
8.882900147000327706e-05,3.678422071970999241e-04,9.852873086929321289e-01,1.332470029592514038e-02,9.312738548032939434e-04
5.050181425758637488e-05,3.032282693311572075e-04,9.908187985420227051e-01,7.959931157529354095e-03,8.674389682710170746e-04
3.509566522552631795e-05,2.622400934342294931e-04,9.938859939575195312e-01,5.052908323705196381e-03,7.636407972313463688e-04
4.113308750675059855e-05,2.644602209329605103e-04,9.929162859916687012e-01,5.897738505154848099e-03,8.803272503428161144e-04
7.423547504004091024e-05,2.571561199147254229e-04,9.846500158309936523e-01,1.378786284476518631e-02,1.230663154274225235e-03
1.147019502241164446e-04,2.563967427704483271e-04,9.754363298416137695e-01,2.290988154709339142e-02,1.282643992453813553e-03
9.674931789049878716e-05,2.922086569014936686e-04,9.844530224800109863e-01,1.430390216410160065e-02,8.540480048395693302e-04
7.714382081758230925e-05,3.248331195209175348e-04,9.929710030555725098e-01,6.056147627532482147e-03,5.709772813133895397e-04
6.479492731159552932e-05,3.575668379198759794e-04,9.959248900413513184e-01,3.183416556566953659e-03,4.693704249802976847e-04
7.173881749622523785e-05,3.731710603460669518e-04,9.968477487564086914e-01,2.270289929583668709e-03,4.370820242911577225e-04
7.980483496794477105e-05,4.318294231779873371e-04,9.968335032463073730e-01,2.194170840084552765e-03,4.608060698956251144e-04
9.199295891448855400e-05,5.342212971299886703e-04,9.965339303016662598e-01,2.361589344218373299e-03,4.782774776685982943e-04
1.015473462757654488e-04,7.204398862086236477e-04,9.961177706718444824e-01,2.537334337830543518e-03,5.228291847743093967e-04
1.014928348013199866e-04,1.012165448628365993e-03,9.957296252250671387e-01,2.567486139014363289e-03,5.892282351851463318e-04
1.253857481060549617e-04,1.321713556535542011e-03,9.942956566810607910e-01,3.557112067937850952e-03,7.001273334026336670e-04
2.639761951286345720e-04,1.612912514247000217e-03,9.879844784736633301e-01,9.148679673671722412e-03,9.898610878735780716e-04
5.412460886873304844e-04,1.913787913508713245e-03,9.549635052680969238e-01,4.098369181156158447e-02,1.597715541720390320e-03
9.818203980103135109e-04,2.186584752053022385e-03,7.603845596313476562e-01,2.342211455106735229e-01,2.225810661911964417e-03
7.173454505391418934e-04,1.327486010268330574e-03,2.718171477317810059e-01,7.247937321662902832e-01,1.344196847639977932e-03
2.049226459348574281e-04,4.640582483261823654e-04,4.752443730831146240e-02,9.514734745025634766e-01,3.331121115479618311e-04
3.313989873277023435e-05,1.008722756523638964e-04,4.708196036517620087e-03,9.951094985008239746e-01,4.827739394386298954e-05
5.727745701733510941e-06,2.638081969053018838e-05,5.940358969382941723e-04,9.993652105331420898e-01,8.621593224233947694e-06
1.029405098051938694e-06,7.179045041993958876e-06,7.905423262855038047e-05,9.999111890792846680e-01,1.578629508003359661e-06
3.550255200934770983e-07,2.686066864043823443e-06,1.436290403944440186e-05,9.999821186065673828e-01,3.768828946704161353e-07
2.244561301267822273e-07,1.686129962763516232e-06,4.761972832056926563e-06,9.999931454658508301e-01,1.754092977535037789e-07
2.054161996056791395e-07,1.499073050581500866e-06,2.686914740479551256e-06,9.999953508377075195e-01,1.618135883063587244e-07
1.311137651782701141e-07,1.564115791552467272e-06,2.014702658925671130e-06,9.999960660934448242e-01,2.287537341771894717e-07
8.524302330670252559e-08,1.850377316259255167e-06,1.771603137967758812e-06,9.999958276748657227e-01,3.719209473729279125e-07
4.916109830332970887e-08,2.200663857365725562e-06,1.390013039781479165e-06,9.999958872795104980e-01,5.024518259233445860e-07
2.920052466492961685e-08,2.227906406915280968e-06,9.239273595085251145e-07,9.999963045120239258e-01,5.022175741942191962e-07
1.706783159249880555e-08,1.951141939571243711e-06,5.001999738851736765e-07,9.999971985816955566e-01,3.706402367242844775e-07
1.174488950539398502e-08,1.672918983786075842e-06,2.779840428956958931e-07,9.999977350234985352e-01,2.602162965104071191e-07
8.718127553208887548e-09,1.447877821192378178e-06,1.690037834123359062e-07,9.999982118606567383e-01,1.863189567075096420e-07
7.678357505369604041e-09,1.220650119648780674e-06,1.036592180980733247e-07,9.999985694885253906e-01,1.239689737531080027e-07
6.363797044883767740e-09,1.066287495632423088e-06,6.539313091025178437e-08,9.999988079071044922e-01,8.429362452488931012e-08
5.280000880958368725e-09,9.383160772813425865e-07,4.173609369217956555e-08,9.999989271163940430e-01,5.802003144594891637e-08
5.116215451295147432e-09,8.696297868482361082e-07,2.988427283412420365e-08,9.999990463256835938e-01,4.377510620656721585e-08
5.263580682424162660e-09,8.736238896744907834e-07,2.514411434617613850e-08,9.999990463256835938e-01,3.670496795393773937e-08
4.770210892957038595e-09,8.856524686962075066e-07,2.308079949386865337e-08,9.999990463256835938e-01,3.441371632106893230e-08
5.028285343655625184e-09,8.816764989205694292e-07,2.202830451381032617e-08,9.999990463256835938e-01,3.344084831269356073e-08
4.972880773834731372e-09,9.359922614748938940e-07,2.276391342093120329e-08,9.999989271163940430e-01,3.580699470262516115e-08
4.602005887477389479e-09,9.313496889262751210e-07,2.310497926316656958e-08,9.999989271163940430e-01,3.707909712602486252e-08
4.173065892842942048e-09,8.787426395429065451e-07,2.248592245734926109e-08,9.999990463256835938e-01,3.675933513136442343e-08
4.301420997165905646e-09,8.663815265208540950e-07,2.337327842383274401e-08,9.999990463256835938e-01,3.799962300377046631e-08
5.837888394921719737e-09,8.381072120755561627e-07,2.626184425480460050e-08,9.999990463256835938e-01,4.017297783320827875e-08
9.453443361451263627e-09,9.037580070980766322e-07,3.335797060799450264e-08,9.999989271163940430e-01,4.837835021476166730e-08
1.178494457576562127e-08,1.186698113997408655e-06,4.773462691787244694e-08,9.999986886978149414e-01,7.407228963529632892e-08
1.851540432085130305e-08,1.764674493642814923e-06,8.806592433074911241e-08,9.999979734420776367e-01,1.510112355163073516e-07
2.478537730610241852e-08,2.808540784826618619e-06,1.816049888248016941e-07,9.999965429306030273e-01,3.535837436174915638e-07
2.922242181568890373e-08,4.447396349860355258e-06,3.400916739337844774e-07,9.999943971633911133e-01,7.822880547792010475e-07
3.301546414036238275e-08,6.870358902233419940e-06,5.667084224114660174e-07,9.999909400939941406e-01,1.495302171861112583e-06
3.894299993589811493e-08,9.614698683435562998e-06,8.869770340425020549e-07,9.999867081642150879e-01,2.628778020152822137e-06
4.443936774123358191e-08,1.045733915816526860e-05,1.168491735370480455e-06,9.999847412109375000e-01,3.559278184184222482e-06
4.051578983421677549e-08,8.653893019072711468e-06,1.195465074488311075e-06,9.999867081642150879e-01,3.319339839435997419e-06
2.976731217074757296e-08,6.664208285656059161e-06,9.203394029100309126e-07,9.999901056289672852e-01,2.301262156834127381e-06
1.948709460464215226e-08,5.130363661010051146e-06,6.228783036021923181e-07,9.999928474426269531e-01,1.407743980053055566e-06
1.395069926246605974e-08,4.533176706900121644e-06,5.364822186493256595e-07,9.999936819076538086e-01,1.179134187623276375e-06
1.381884118245579884e-08,4.667699613492004573e-06,5.196353072278725449e-07,9.999936819076538086e-01,1.158930899691767991e-06
1.551212669426149660e-08,5.087487807031720877e-06,5.055356382399622817e-07,9.999930858612060547e-01,1.240178676198411267e-06
2.368395790597332962e-08,5.661344403051771224e-06,5.704225713998312131e-07,9.999921321868896484e-01,1.626495986783993430e-06
4.376876105993687815e-08,5.650745606544660404e-06,7.750729196231986862e-07,9.999909996986389160e-01,2.564500391599722207e-06
1.054602307704044506e-07,6.331945769488811493e-06,1.192036052088951692e-06,9.999879598617553711e-01,4.386801265354733914e-06
2.288741853817555238e-07,7.077578629832714796e-06,1.780076104296313133e-06,9.999839067459106445e-01,7.108553290890995413e-06
4.491484446589311119e-07,8.971932402346283197e-06,2.494130512786796317e-06,9.999769926071166992e-01,1.109810455091064796e-05
6.912581511642201804e-07,1.022526157612446696e-05,2.784033313218969852e-06,9.999740719795227051e-01,1.211283142765751109e-05
7.102376571310742293e-07,1.111172332457499579e-05,2.901384959841379896e-06,9.999747276306152344e-01,1.059194528352236375e-05
9.266522624784556683e-07,1.166000038210768253e-05,2.927204377556336112e-06,9.999750256538391113e-01,9.445302566746249795e-06
1.432294311598525383e-06,1.336969671683618799e-05,3.064683596676331945e-06,9.999734163284301758e-01,8.721175618120469153e-06
1.487689360146760009e-06,1.397490359522635117e-05,3.369535306774196215e-06,9.999729990959167480e-01,8.170175533450674266e-06
1.118187810789095238e-06,1.473994416301138699e-05,3.978655968239763752e-06,9.999715089797973633e-01,8.559934940421953797e-06
9.541308827465400100e-07,1.649980185902677476e-05,4.904487468593288213e-06,9.999684095382690430e-01,9.335475624538958073e-06
7.635180736542679369e-07,1.848833198891952634e-05,6.264696821745019406e-06,9.999635219573974609e-01,1.093329956347588450e-05
7.688080359002924524e-07,2.281737397424876690e-05,8.197288480005227029e-06,9.999544024467468262e-01,1.385647374263498932e-05
9.299810699303634465e-07,2.657864934008102864e-05,1.022805099637480453e-05,9.999451637268066406e-01,1.712484299787320197e-05
1.259993496205424890e-06,3.041441777895670384e-05,1.332339161308482289e-05,9.999313950538635254e-01,2.370218317082617432e-05
1.710198603177559562e-06,3.969361205236054957e-05,1.771192000887822360e-05,9.999059438705444336e-01,3.487758658593520522e-05
2.491962277417769656e-06,6.022238449077121913e-05,2.954218507511541247e-05,9.998456239700317383e-01,6.209069397300481796e-05
4.581322173180524260e-06,9.673326712800189853e-05,6.910788943059742451e-05,9.996765851974487305e-01,1.529253640910610557e-04
1.306777448917273432e-05,1.892019208753481507e-04,2.088564069708809257e-04,9.990411400794982910e-01,5.476146470755338669e-04
3.872252273140475154e-05,3.123761853203177452e-04,5.678632296621799469e-04,9.970698356628417969e-01,2.011195756494998932e-03
9.187503746943548322e-05,4.680810088757425547e-04,1.005669357255101204e-03,9.937065839767456055e-01,4.727777559310197830e-03
2.029298193519935012e-04,5.820106598548591137e-04,1.411687931977212429e-03,9.885273575782775879e-01,9.275994263589382172e-03
4.188045568298548460e-04,7.373931002803146839e-04,1.890042796730995178e-03,9.791494011878967285e-01,1.780445687472820282e-02
8.500392432324588299e-04,1.108103082515299320e-03,2.200673567131161690e-03,9.648659825325012207e-01,3.097527287900447845e-02
1.462361891753971577e-03,1.550647313706576824e-03,2.088900655508041382e-03,9.503142833709716797e-01,4.458379000425338745e-02
1.738184364512562752e-03,1.727616530843079090e-03,1.546039478853344917e-03,9.428583383560180664e-01,5.212969332933425903e-02
1.811132882721722126e-03,1.587350154295563698e-03,1.169199240393936634e-03,9.354803562164306641e-01,5.995193496346473694e-02
2.135991817340254784e-03,1.744539011269807816e-03,1.516916672699153423e-03,8.835906982421875000e-01,1.110118329524993896e-01
3.250364447012543678e-03,2.473538042977452278e-03,1.758714555762708187e-03,8.148401975631713867e-01,1.776771098375320435e-01
3.680608468130230904e-03,3.017917042598128319e-03,1.528206747025251389e-03,7.872557640075683594e-01,2.045175433158874512e-01
2.896236255764961243e-03,2.884181682020425797e-03,1.000921591185033321e-03,8.405223488807678223e-01,1.526963263750076294e-01
1.850884174928069115e-03,2.194511936977505684e-03,5.540449055843055248e-04,9.047441482543945312e-01,9.065638482570648193e-02
1.077509718015789986e-03,1.973968464881181717e-03,2.958968107122927904e-04,9.515252709388732910e-01,4.512732475996017456e-02
6.165317026898264885e-04,1.895695575512945652e-03,1.828680397011339664e-04,9.708601832389831543e-01,2.644467540085315704e-02
4.723212041426450014e-04,2.142734825611114502e-03,1.775664422893896699e-04,9.686111807823181152e-01,2.859614975750446320e-02
4.379066813271492720e-04,3.856047056615352631e-03,3.034383116755634546e-04,9.230894446372985840e-01,7.231316715478897095e-02
5.306205712258815765e-04,6.309342104941606522e-03,5.821943632327020168e-04,7.664082646369934082e-01,2.261695712804794312e-01
6.313380436040461063e-04,7.749333512037992477e-03,8.200576994568109512e-04,3.621410429477691650e-01,6.286582350730895996e-01
5.665234057232737541e-04,3.605134086683392525e-03,6.709187873639166355e-04,1.052229925990104675e-01,8.899344801902770996e-01
3.102095797657966614e-04,7.484358502551913261e-04,4.660494159907102585e-04,1.673706062138080597e-02,9.817382693290710449e-01
1.917151821544393897e-04,1.761122257448732853e-04,3.068825171794742346e-04,2.280436689034104347e-03,9.970448613166809082e-01
1.610528561286628246e-04,6.428749475162476301e-05,2.123777958331629634e-04,4.338659346103668213e-04,9.991285204887390137e-01
1.450945128453895450e-04,3.312956687295809388e-05,1.539881341159343719e-04,1.310207298956811428e-04,9.995367527008056641e-01
1.461767242290079594e-04,2.550173303461633623e-05,1.178510283352807164e-04,6.615542952204123139e-05,9.996442794799804688e-01
1.001861237455159426e-04,1.923312993312720209e-05,9.997757297242060304e-05,3.944060517824254930e-05,9.997411370277404785e-01
7.173552876338362694e-05,1.794022864487487823e-05,8.581027213949710131e-05,2.479879913153126836e-05,9.997996687889099121e-01
5.727732059312984347e-05,1.647007229621522129e-05,7.609012391185387969e-05,1.850048465712461621e-05,9.998317360877990723e-01
3.606766040320508182e-05,1.288827661483082920e-05,6.630973803112283349e-05,1.329579572484362870e-05,9.998713731765747070e-01
1.908813464979175478e-05,1.082535436580656096e-05,5.728327596443705261e-05,1.114196584239834920e-05,9.999016523361206055e-01
9.243226486432831734e-06,8.099477781797759235e-06,5.188321665627881885e-05,8.978044206742197275e-06,9.999217987060546875e-01
6.580089120689081028e-06,7.251964689203305170e-06,4.975936099071986973e-05,8.456554496660828590e-06,9.999279975891113281e-01
8.378382517548743635e-06,1.012734082905808464e-05,5.206621790421195328e-05,7.328623723878990859e-06,9.999220967292785645e-01
9.730733836477156729e-06,1.270760731131304055e-05,5.480236723087728024e-05,5.875800979993073270e-06,9.999168515205383301e-01
8.515226909366901964e-06,1.663338116486556828e-05,5.368409983930177987e-05,5.370527105696965009e-06,9.999158382415771484e-01
6.794747605454176664e-06,1.885174060589633882e-05,5.028598025091923773e-05,4.873565558227710426e-06,9.999191164970397949e-01
5.880722255824366584e-06,2.056053381238598377e-05,5.042654447606764734e-05,4.875662853009998798e-06,9.999183416366577148e-01
5.419058652478270233e-06,2.321241845493204892e-05,5.157587293069809675e-05,5.212819814914837480e-06,9.999147057533264160e-01
6.475523150584194809e-06,2.838325053744483739e-05,5.501560008269734681e-05,6.224759999895468354e-06,9.999039173126220703e-01
8.398398676945362240e-06,3.374711741344071925e-05,5.741963104810565710e-05,7.371465926553355530e-06,9.998930096626281738e-01
1.134299236582592130e-05,4.396360964165069163e-05,5.841253368998877704e-05,8.765811799094080925e-06,9.998775720596313477e-01
1.386133681080536917e-05,5.176939157536253333e-05,5.639620212605223060e-05,9.789027899387292564e-06,9.998682737350463867e-01
1.868909566837828606e-05,7.029412518022581935e-05,5.677248555002734065e-05,1.229182907991344109e-05,9.998419880867004395e-01
1.475237604608992115e-05,3.639275382738560438e-05,5.523556319531053305e-05,1.054215317708440125e-05,9.998830556869506836e-01
1.212318602483719587e-05,1.934274223458487540e-05,5.583594611380249262e-05,1.000909560389118269e-05,9.999027252197265625e-01
9.708996913104783744e-06,1.364616400678642094e-05,5.308978870743885636e-05,9.384203622175846249e-06,9.999142885208129883e-01
9.206883078149985522e-06,1.361617432849016041e-05,4.963599712937138975e-05,9.405760465597268194e-06,9.999182224273681641e-01
1.488331599830416963e-05,1.833340138546191156e-05,5.101040005683898926e-05,1.275668637390481308e-05,9.999029636383056641e-01
1.893754961201921105e-05,2.432383189443498850e-05,4.984172119293361902e-05,1.531912312202621251e-05,9.998915195465087891e-01
2.198539914388675243e-05,2.872743971238378435e-05,4.703629019786603749e-05,1.970630728465039283e-05,9.998826384544372559e-01
2.135344948328565806e-05,3.576626841095276177e-05,4.419118704390712082e-05,2.633637450344394892e-05,9.998722672462463379e-01
1.921325747389346361e-05,3.352203566464595497e-05,4.131747482460923493e-05,2.774432323349174112e-05,9.998781681060791016e-01
2.628739275678526610e-05,5.185759437154047191e-05,3.922637915820814669e-05,3.810586713370867074e-05,9.998444318771362305e-01
4.376240030978806317e-05,7.616708171553909779e-05,3.987147283623926342e-05,5.701267946278676391e-05,9.997832179069519043e-01
6.907599890837445855e-05,9.826727909967303276e-05,4.100126170669682324e-05,8.127600449370220304e-05,9.997103214263916016e-01
1.136106657213531435e-04,1.103606118704192340e-04,4.354562406660988927e-05,9.828639304032549262e-05,9.996343255043029785e-01
1.690359495114535093e-04,1.564817212056368589e-04,4.480412826524116099e-05,1.480777864344418049e-04,9.994815587997436523e-01
3.126357332803308964e-04,2.753220906015485525e-04,4.895167876384221017e-05,2.348481939407065511e-04,9.991282820701599121e-01
8.720270125195384026e-04,8.001436945050954819e-04,6.431301153497770429e-05,4.274080274626612663e-04,9.978359937667846680e-01
1.147629576735198498e-03,1.599543611519038677e-03,8.278494351543486118e-05,8.293591672554612160e-04,9.963406920433044434e-01
1.791596063412725925e-03,2.337211277335882187e-03,1.071347360266372561e-04,1.520796446129679680e-03,9.942431449890136719e-01
1.507973074913024902e-01,5.619152914732694626e-03,1.939221401698887348e-04,2.406208077445626259e-03,8.409834504127502441e-01
