3.044045157730579376e-02,7.794110774993896484e-01,7.073210179805755615e-02,4.633298888802528381e-02,7.308334857225418091e-02
2.431669970974326134e-03,9.655134677886962891e-01,1.184124778956174850e-02,6.177281960844993591e-03,1.403629221022129059e-02
1.995905913645401597e-04,9.946041107177734375e-01,2.076656324788928032e-03,5.987480981275439262e-04,2.520855050534009933e-03
1.216949240188114345e-04,9.959897994995117188e-01,1.322557800449430943e-03,3.517709264997392893e-04,2.214105101302266121e-03
3.754912904696539044e-05,9.985330104827880859e-01,4.216153465677052736e-04,1.583921257406473160e-04,8.493969799019396305e-04
9.912884706864133477e-06,9.995624423027038574e-01,1.076596527127549052e-04,6.763183046132326126e-05,2.522614086046814919e-04
2.542908305258606561e-06,9.998444318771362305e-01,3.259643926867283881e-05,3.246756750741042197e-05,8.797129703452810645e-05
8.993619076136383228e-07,9.999253153800964355e-01,1.305706064158584923e-05,2.023542219831142575e-05,4.037506732856854796e-05
1.288508769903273787e-06,9.999088048934936523e-01,1.319619059358956292e-05,2.655364369275048375e-05,5.014494672650471330e-05
6.459292194449517410e-07,9.999398589134216309e-01,7.886022103775758296e-06,2.030625364568550140e-05,3.126886804238893092e-05
9.788285524336970411e-07,9.999220967292785645e-01,8.934516699810046703e-06,2.670714093255810440e-05,4.121216989005915821e-05
5.313228257364244200e-07,9.999454021453857422e-01,5.745608177676331252e-06,2.116211362590547651e-05,2.714583206397946924e-05
8.213544901991554070e-07,9.999285340309143066e-01,6.839600700914161280e-06,2.731572385528124869e-05,3.640573777374811471e-05
3.592759014736657264e-07,9.999608397483825684e-01,3.728177944140043110e-06,1.624520518817007542e-05,1.874337431218009442e-05
2.219063048869429622e-07,9.999717473983764648e-01,2.545152483435231261e-06,1.295089168706908822e-05,1.254623566637746990e-05
1.373815479155382491e-07,9.999787807464599609e-01,1.975478426174959168e-06,9.794482139113824815e-06,9.358508577861357480e-06
1.085500400677119615e-07,9.999831914901733398e-01,1.637563741496705916e-06,7.714517778367735445e-06,7.358815764746395871e-06
2.802211724883818533e-07,9.999723434448242188e-01,2.592382543298299424e-06,1.182683445222210139e-05,1.303776116401422769e-05
2.763114821391354781e-07,9.999715089797973633e-01,2.692401267267996445e-06,1.255445840797619894e-05,1.302801774727413431e-05
2.344524148156779120e-07,9.999747276306152344e-01,2.461007170495577157e-06,1.134756894316524267e-05,1.122161393141141161e-05
2.158307808031167951e-07,9.999779462814331055e-01,2.187663085351232439e-06,9.850414244283456355e-06,9.759367458173073828e-06
1.868338870281149866e-07,9.999815225601196289e-01,1.830737687669170555e-06,8.127634828269947320e-06,8.382467058254405856e-06
1.557853721578794648e-07,9.999841451644897461e-01,1.514119048806605861e-06,7.275094958458794281e-06,6.956126071600010619e-06
1.581913977588556008e-07,9.999840259552001953e-01,1.539894469715363812e-06,7.442939022439531982e-06,6.829666745034046471e-06
1.634495561120274942e-07,9.999833703041076660e-01,1.600487166797393002e-06,7.735660801699850708e-06,7.194617410277714953e-06
1.290304538770215004e-07,9.999848604202270508e-01,1.442967686671181582e-06,7.130919129849644378e-06,6.439853223128011450e-06
1.038034440625779098e-07,9.999871253967285156e-01,1.280888000110280700e-06,6.107058197812875733e-06,5.365597644413355738e-06
2.548869986185309244e-07,9.999785423278808594e-01,2.093305738526396453e-06,9.326433428213931620e-06,9.832948308030609041e-06
1.622946967927418882e-07,9.999817609786987305e-01,1.810586013561987784e-06,7.839897989470046014e-06,8.345312380697578192e-06
9.840611170375268557e-08,9.999861717224121094e-01,1.469973085477249697e-06,6.050472620700020343e-06,6.217533609742531553e-06
7.147442460109232343e-08,9.999885559082031250e-01,1.223340859723975882e-06,5.102623617858625948e-06,5.064087872597156093e-06
6.198990121220049332e-08,9.999893903732299805e-01,1.078221885109087452e-06,4.931009243591688573e-06,4.584412181429797783e-06
6.096112059594815946e-08,9.999912977218627930e-01,8.927613635023590177e-07,4.012339559267275035e-06,3.727545163201284595e-06
5.864888663609235664e-08,9.999935626983642578e-01,6.851922762507456355e-07,2.865868736989796162e-06,2.775709162960993126e-06
1.547510635191429174e-07,9.999884366989135742e-01,1.127320047089597210e-06,4.931131570629077032e-06,5.338230039342306554e-06
1.642785747435482335e-07,9.999864101409912109e-01,9.742791462485911325e-07,6.790783118049148470e-06,5.657237579725915566e-06
2.781863770451309392e-07,9.999755620956420898e-01,1.051226945492089726e-06,1.476618399465223774e-05,8.295718544104602188e-06
1.327795473571313778e-07,9.999824166297912598e-01,6.459051746787736192e-07,1.144254656537668779e-05,5.282995971356285736e-06
6.202951396971911890e-08,9.999907016754150391e-01,3.576595872800680809e-07,6.144358849269337952e-06,2.688868107725284062e-06
4.388746788208663929e-08,9.999931454658508301e-01,2.647404357958293986e-07,4.610359155776677653e-06,1.865318722593656275e-06
4.193246283534790564e-08,9.999917149543762207e-01,2.787552091376710450e-07,6.017958639858989045e-06,2.100500978485797532e-06
3.525542524585034698e-08,9.999907612800598145e-01,2.798894627176196082e-07,6.808765647292602807e-06,2.107835371134569868e-06
2.413031729986414575e-08,9.999922513961791992e-01,2.488982602244504960e-07,5.581355253525543958e-06,1.861457121776766144e-06
1.934824567229043168e-08,9.999936819076538086e-01,2.244242409688013140e-07,4.354767952463589609e-06,1.649598516451078467e-06
1.813056904609311459e-08,9.999946355819702148e-01,1.965159839301122702e-07,3.747362825379241258e-06,1.450033437322417740e-06
1.758837520071665494e-08,9.999947547912597656e-01,1.812380077126363176e-07,3.682094757095910609e-06,1.393486400047549978e-06
1.833938867434881104e-08,9.999946355819702148e-01,1.871450763246684801e-07,3.682277338157291524e-06,1.452412561775417998e-06
2.090664175113943202e-08,9.999948143959045410e-01,2.094578803735203110e-07,3.420437906243023463e-06,1.489478222538309637e-06
2.790652331441378919e-08,9.999947547912597656e-01,2.372337206679731025e-07,3.399485422050929628e-06,1.573136501065164339e-06
3.065475695507302589e-08,9.999947547912597656e-01,2.460400310155819170e-07,3.334906523377867416e-06,1.607159106242761482e-06
3.040459972680764622e-08,9.999950528144836426e-01,2.284269413621586864e-07,3.094354724453296512e-06,1.482261382079741452e-06
3.579846108436868235e-08,9.999948143959045410e-01,2.143512176644435385e-07,3.483967020656564273e-06,1.413304971720208414e-06
3.660352376755326986e-08,9.999943971633911133e-01,2.106072116703217034e-07,3.912246484105708078e-06,1.381550873702508397e-06
3.338024612276058178e-08,9.999941587448120117e-01,2.101788112440772238e-07,4.190676008875016123e-06,1.369636606796120759e-06
3.453773089745482139e-08,9.999939799308776855e-01,2.342012379585867166e-07,4.172733952145790681e-06,1.462716795685992111e-06
3.462704256662618718e-08,9.999946355819702148e-01,2.601842652438790537e-07,3.565478209566208534e-06,1.461517626921704505e-06
8.900584447246728814e-08,9.999904632568359375e-01,5.501538566932140384e-07,5.488011538545833901e-06,3.354434056745958515e-06
8.782672722418283229e-08,9.999898672103881836e-01,5.833014142808679026e-07,5.972658073005732149e-06,3.469434659564285539e-06
6.697312926462473115e-08,9.999909996986389160e-01,4.617938884621253237e-07,5.684380539605626836e-06,2.732034772634506226e-06
4.875378323276891024e-08,9.999920129776000977e-01,3.590043036183487857e-07,5.501730356627376750e-06,2.130833763658301905e-06
3.719718222328083357e-08,9.999930858612060547e-01,2.910501279984600842e-07,4.859600721829337999e-06,1.679609226812317502e-06
3.545577698105262243e-08,9.999942183494567871e-01,2.537729812956968090e-07,4.049030394526198506e-06,1.379255081701558083e-06
4.378345863642607583e-08,9.999945163726806641e-01,2.669371781394147547e-07,3.788528147197212093e-06,1.338240736004081555e-06
5.079589726619815337e-08,9.999942183494567871e-01,2.894195461067283759e-07,3.949086931243073195e-06,1.465822606405708939e-06
6.050275658253667643e-08,9.999926686286926270e-01,3.334850759983964963e-07,5.136379968462279066e-06,1.717873033157957252e-06
6.207804403857153375e-08,9.999907612800598145e-01,3.866329620905162301e-07,6.848352768429322168e-06,1.952372258529067039e-06
6.641823802056023851e-08,9.999884366989135742e-01,4.541226701348932693e-07,8.992799848783761263e-06,2.112004494847496971e-06
7.127580659016530262e-08,9.999861717224121094e-01,5.111923542244767305e-07,1.114576025429414585e-05,2.122194473486160859e-06
7.078415364958345890e-08,9.999837279319763184e-01,5.753440746047999710e-07,1.332511874352348968e-05,2.155980155293946154e-06
6.573615962679468794e-08,9.999826550483703613e-01,6.059223096599453129e-07,1.457362395740346983e-05,2.026099764407263137e-06
5.565436111965027521e-08,9.999841451644897461e-01,6.295730372585239820e-07,1.338295078312512487e-05,1.843942300183698535e-06
6.828754806065262528e-08,9.999811649322509766e-01,8.022031465770851355e-07,1.564071862958371639e-05,2.333250222363858484e-06
6.905297311732283561e-08,9.999804496765136719e-01,1.021374600895796902e-06,1.559206430101767182e-05,2.812204684232710861e-06
6.350268932919789222e-08,9.999815821647644043e-01,1.302485543419606984e-06,1.377997432427946478e-05,3.201720801371266134e-06
7.438602978027120116e-08,9.999811649322509766e-01,1.900696361190057360e-06,1.283560504816705361e-05,4.014498244941933081e-06
7.947205205027785269e-08,9.999818801879882812e-01,2.362929535593139008e-06,1.115597933676326647e-05,4.419689503265544772e-06
8.827328201732598245e-08,9.999837279319763184e-01,2.367118213442154229e-06,9.308280823461245745e-06,4.400393663672730327e-06
9.300604375539478497e-08,9.999847412109375000e-01,2.346677320019807667e-06,8.222162250604014844e-06,4.572108537104213610e-06
9.020251212632501847e-08,9.999856352806091309e-01,2.292633553224732168e-06,7.250658200064208359e-06,4.604813511832617223e-06
8.708542509339167736e-08,9.999864697456359863e-01,2.201343704655300826e-06,6.498964467027690262e-06,4.567689302348298952e-06
7.396216972210822860e-08,9.999877214431762695e-01,1.854067477324861102e-06,6.165208105812780559e-06,4.128370164835359901e-06
6.589306877913259086e-08,9.999885559082031250e-01,1.499554969086602796e-06,6.402657163562253118e-06,3.494662223602063023e-06
5.665200575322160148e-08,9.999887943267822266e-01,1.223029471475456376e-06,6.960631253605242819e-06,3.014380354215973057e-06
4.707593603825444006e-08,9.999888539314270020e-01,1.022277047013631091e-06,7.556515356554882601e-06,2.538570925025851466e-06
3.920421676184560056e-08,9.999886155128479004e-01,8.949376706368639134e-07,8.047491064644418657e-06,2.295004833285929635e-06
3.525239833379600896e-08,9.999884366989135742e-01,8.165551435013185255e-07,8.542344403394963592e-06,2.185879793614731170e-06
3.515684809940466948e-08,9.999875426292419434e-01,8.416851642323308624e-07,9.179529115499462932e-06,2.334282726224046201e-06
3.109417434643546585e-08,9.999884366989135742e-01,8.609601422904233914e-07,8.299288310809060931e-06,2.328295522602275014e-06
2.904249996049657057e-08,9.999892711639404297e-01,8.907662163437635172e-07,7.443273261742433533e-06,2.405977284070104361e-06
3.357025946115754778e-08,9.999884366989135742e-01,9.847093451753607951e-07,7.909287887741811574e-06,2.698946445889305323e-06
3.997981323777821672e-08,9.999867081642150879e-01,1.038219011206820142e-06,9.287176908401306719e-06,2.857765593944350258e-06
4.029153544138353027e-08,9.999867081642150879e-01,9.682112249720375985e-07,9.532692274660803378e-06,2.644977939780801535e-06
3.847601703910186188e-08,9.999879598617553711e-01,8.683245482643542346e-07,8.845640877552796155e-06,2.280633225382189266e-06
3.922830060787418915e-08,9.999880194664001465e-01,8.580478265685087536e-07,8.981229257187806070e-06,2.138741137969191186e-06
4.298101785593644308e-08,9.999872446060180664e-01,9.114554018196940888e-07,9.652606422605458647e-06,2.133902626155759208e-06
4.478090431803138927e-08,9.999862909317016602e-01,9.668871143730939366e-07,1.049906040861969814e-05,2.147728537238435820e-06
4.572208922581921797e-08,9.999858736991882324e-01,1.017795398183807265e-06,1.087096825358457863e-05,2.115570623573148623e-06
5.380128698107000673e-08,9.999845027923583984e-01,1.191582555293280166e-06,1.196664470626274124e-05,2.273803147545550019e-06
6.359359616681103944e-08,9.999819993972778320e-01,1.427047777724510524e-06,1.389270255458541214e-05,2.533909992052940652e-06
8.855406008478894364e-08,9.999746084213256836e-01,2.249450290037202649e-06,1.949197758221998811e-05,3.485535671643447131e-06
1.080021334587399906e-07,9.999689459800720215e-01,3.027373622899176553e-06,2.373047936998773366e-05,4.182099928584648296e-06
1.195347039129046607e-07,9.999669790267944336e-01,3.311707132525043562e-06,2.526067328290082514e-05,4.316063950682291761e-06
1.288927080622670474e-07,9.999669790267944336e-01,3.234976020394242369e-06,2.537947511882521212e-05,4.277574134903261438e-06
1.808771372679984779e-07,9.999560117721557617e-01,3.931598257622681558e-06,3.474359982647001743e-05,5.126484666106989607e-06
3.246016149205388501e-07,9.999231696128845215e-01,6.139391643955605105e-06,6.264288094826042652e-05,7.574076335004065186e-06
4.408548761603015009e-07,9.998942613601684570e-01,7.939638635434675962e-06,8.818077913019806147e-05,9.109891834668815136e-06
4.530135981895000441e-07,9.998687505722045898e-01,9.109083293878939003e-06,1.117554638767614961e-04,9.824277185543905944e-06
5.222549930294917431e-07,9.997945427894592285e-01,1.171178791992133483e-05,1.811391121009364724e-04,1.202431303681805730e-05
4.606436903031863039e-07,9.997170567512512207e-01,1.210214031743817031e-05,2.576124388724565506e-04,1.270886696147499606e-05
3.071792775699577760e-07,9.997354149818420410e-01,6.391706392605556175e-06,2.496732049621641636e-04,8.234859706135466695e-06
2.415768278751784237e-07,9.997919797897338867e-01,3.541110345395281911e-06,1.987495197681710124e-04,5.415364739747019485e-06
1.939196465627901489e-07,9.998840093612670898e-01,2.030159521382302046e-06,1.101971720345318317e-04,3.533712060743710026e-06
1.139570784403076686e-07,9.999543428421020508e-01,1.061952161762746982e-06,4.235259257256984711e-05,2.186388655900373124e-06
7.463701479082374135e-08,9.999799728393554688e-01,6.663772751380747650e-07,1.760817394824698567e-05,1.677387444942723960e-06
5.332957897508094902e-08,9.999892711639404297e-01,5.212389169173547998e-07,8.621124834462534636e-06,1.541348979117174167e-06
4.107156215127361065e-08,9.999926090240478516e-01,4.643353292976826197e-07,5.371618499339092523e-06,1.547572082927217707e-06
5.378466383376689919e-08,9.999926090240478516e-01,5.478956381921307184e-07,4.930318027618341148e-06,1.932361101353308186e-06
5.872108488347294042e-08,9.999920129776000977e-01,6.325303161247575190e-07,4.956643351761158556e-06,2.346328301428002305e-06
6.191557133661262924e-08,9.999918341636657715e-01,6.313352400866278913e-07,5.059820068709086627e-06,2.392265514572500251e-06
6.598764912268961780e-08,9.999915361404418945e-01,6.079105219214397948e-07,5.522404990188078955e-06,2.266003548356820829e-06
6.092322735185007332e-08,9.999917745590209961e-01,5.706315278075635433e-07,5.546509783016517758e-06,2.049283011729130521e-06
5.259529345380542509e-08,9.999928474426269531e-01,4.964375648341956548e-07,4.859859927819343284e-06,1.738555511110462248e-06
4.953524523898522602e-08,9.999937415122985840e-01,4.732574154786561849e-07,4.022154826088808477e-06,1.571524535393109545e-06
4.747457893472528667e-08,9.999942183494567871e-01,5.025318614571006037e-07,3.462919266894459724e-06,1.656544668549031485e-06
4.534360797947556421e-08,9.999945163726806641e-01,5.389729267335496843e-07,3.098964498349232599e-06,1.829032726163859479e-06
3.942941262380372791e-08,9.999945163726806641e-01,5.837293315380520653e-07,2.843715492417686619e-06,2.015290647250367329e-06
3.360132794227865816e-08,9.999947547912597656e-01,5.831879548168217298e-07,2.517720531614031643e-06,2.070410346277640201e-06
3.010079652199237898e-08,9.999948143959045410e-01,6.173358997330069542e-07,2.283127059854450636e-06,2.219938323833048344e-06
3.192000974649999989e-08,9.999946355819702148e-01,6.587990810658084229e-07,2.311968273716047406e-06,2.389148676229524426e-06
3.671981119168776786e-08,9.999947547912597656e-01,6.136152137514727656e-07,2.405240820735343732e-06,2.189535280194832012e-06
3.849723029247797967e-08,9.999949932098388672e-01,5.444495059236942325e-07,2.453781917211017571e-06,1.907969817693810910e-06
4.250069807198997296e-08,9.999949932098388672e-01,5.392269031290197745e-07,2.505545353415072896e-06,1.880013087429688312e-06
4.613829318600437546e-08,9.999950528144836426e-01,5.488751639859401621e-07,2.421568296995246783e-06,1.917319877975387499e-06
5.724550788954729796e-08,9.999947547912597656e-01,6.218822932169132400e-07,2.416654524495243095e-06,2.138990112143801525e-06
6.601320023946755100e-08,9.999946355819702148e-01,6.849682563370151911e-07,2.296314050909131765e-06,2.358170604566112161e-06
7.798221446364550502e-08,9.999942183494567871e-01,7.819576239853631705e-07,2.201765937570598908e-06,2.688027052499819547e-06
1.060633891825091268e-07,9.999931454658508301e-01,1.002546468953369185e-06,2.362384293519426137e-06,3.316017910037771799e-06
1.496117363330995431e-07,9.999921321868896484e-01,1.227771804224175867e-06,2.549257715145358816e-06,4.018125764559954405e-06
2.306683768438233528e-07,9.999902248382568359e-01,1.599348934178124182e-06,2.792385430439026095e-06,5.222428171691717580e-06
2.744065739079815103e-07,9.999888539314270020e-01,1.775933696990250610e-06,3.108362079728976823e-06,5.895423328183824196e-06
3.925549094674352091e-07,9.999862909317016602e-01,1.964238890650449321e-06,4.573329533741343766e-06,6.789669441786827520e-06
4.374324475975299720e-07,9.999844431877136230e-01,2.054268634310574271e-06,6.128599125077016652e-06,7.005383395153330639e-06
5.417304009824874811e-07,9.999823570251464844e-01,2.034924136751214974e-06,8.459458513243589550e-06,6.592808858840726316e-06
6.051248533367470372e-07,9.999805092811584473e-01,1.889237069008231629e-06,1.083485676645068452e-05,6.138454864412778988e-06
6.140618324934621342e-07,9.999804496765136719e-01,1.600632231202325784e-06,1.194384185509989038e-05,5.406705440691439435e-06
5.034628998146217782e-07,9.999815821647644043e-01,1.195617869598208927e-06,1.267931656911969185e-05,3.998469765065237880e-06
3.374009907020081300e-07,9.999828338623046875e-01,7.556540140285505913e-07,1.363285718980478123e-05,2.511190814402652904e-06
2.103326295355145703e-07,9.999818801879882812e-01,5.477540412357484456e-07,1.558708572702016681e-05,1.768598281159938779e-06
1.365639548112085322e-07,9.999799728393554688e-01,4.110328291062614881e-07,1.813343260437250137e-05,1.316423208663763944e-06
9.681286172735781292e-08,9.999777078628540039e-01,3.876039045280776918e-07,2.062282510451041162e-05,1.214900180457334500e-06
7.380997146810841514e-08,9.999777078628540039e-01,4.072573744906549109e-07,2.058841710095293820e-05,1.167384652944747359e-06
6.523877260633526021e-08,9.999799728393554688e-01,4.547350158645713236e-07,1.833765054470859468e-05,1.168631115433527157e-06
5.728701424345672422e-08,9.999826550483703613e-01,4.902310593024594709e-07,1.563952719152439386e-05,1.138314701165654697e-06
6.430567367488038144e-08,9.999815821647644043e-01,5.702866587853350211e-07,1.650143894948996603e-05,1.230312932420929428e-06
8.489919167686821311e-08,9.999802708625793457e-01,8.378187885682564229e-07,1.715150028758216649e-05,1.541259280202211812e-06
1.269436751272223773e-07,9.999766349792480469e-01,1.321154627476062160e-06,1.970628727576695383e-05,2.249615590699249879e-06
1.757896086473920150e-07,9.999729394912719727e-01,2.120596263921470381e-06,2.164663237635977566e-05,3.100445383097394370e-06
2.867819262064585928e-07,9.999667406082153320e-01,4.063067535753361881e-06,2.431049688311759382e-05,4.561599325825227425e-06
4.949248477714718319e-07,9.999577999114990234e-01,7.592800102429464459e-06,2.702546044019982219e-05,7.087108770065242425e-06
7.593723694299114868e-07,9.999474287033081055e-01,1.267419156647520140e-05,2.905246219597756863e-05,1.009698189591290429e-05
1.289381430069624912e-06,9.999201297760009766e-01,2.528581353544723243e-05,3.682314491015858948e-05,1.645991324039641768e-05
2.117033773174625821e-06,9.998738765716552734e-01,5.233414776739664376e-05,4.526064003584906459e-05,2.638776277308352292e-05
2.847411451512016356e-06,9.998496770858764648e-01,6.684880645480006933e-05,5.209085429669357836e-05,2.850844794011209160e-05
3.056082505281665362e-06,9.998385906219482422e-01,7.097711932146921754e-05,6.056935671949759126e-05,2.676785516086965799e-05
3.517435288813430816e-06,9.997922182083129883e-01,9.125165524892508984e-05,8.035040082177147269e-05,3.258830111008137465e-05
4.044927209179149941e-06,9.997505545616149902e-01,9.671573934610933065e-05,1.133664991357363760e-04,3.529813693603500724e-05
5.002765647077467293e-06,9.996591806411743164e-01,9.605327795725315809e-05,2.017968072323128581e-04,3.796476084971800447e-05
7.049535724945599213e-06,9.993741512298583984e-01,1.373486302327364683e-04,4.257914260961115360e-04,5.565513856709003448e-05
1.204841737489914522e-05,9.985271692276000977e-01,2.264564827783033252e-04,1.143298111855983734e-03,9.093846892938017845e-05
1.588761551829520613e-05,9.960846900939941406e-01,3.353551437612622976e-04,3.424036316573619843e-03,1.400420878781005740e-04
9.932330613082740456e-06,9.955966472625732422e-01,2.463327255100011826e-04,4.044189117848873138e-03,1.028645565384067595e-04
6.006984222040046006e-06,9.968392252922058105e-01,1.660329435253515840e-04,2.930011367425322533e-03,5.865256025572307408e-05
5.165386482985923067e-06,9.977622032165527344e-01,1.305310870520770550e-04,2.062411513179540634e-03,3.961499169236049056e-05
5.847146894666366279e-06,9.984732270240783691e-01,1.095638217520900071e-04,1.379455090500414371e-03,3.195435783709399402e-05
4.904716661258134991e-06,9.991176724433898926e-01,6.635837780777364969e-05,7.866257219575345516e-04,2.436429713270626962e-05
3.899421244568657130e-06,9.993805289268493652e-01,4.232182618579827249e-05,5.533138173632323742e-04,2.005045098485425115e-05
2.936946430054376833e-06,9.995406270027160645e-01,2.907180714828427881e-05,4.089942958671599627e-04,1.844606413214933127e-05
2.451281716275843792e-06,9.996125698089599609e-01,2.406852945568971336e-05,3.408071352168917656e-04,2.001894426939543337e-05
1.982735739147756249e-06,9.997071027755737305e-01,1.897703259601257741e-05,2.522443246562033892e-04,1.970741686818655580e-05
1.869115294539369643e-06,9.997921586036682129e-01,1.662393151491414756e-05,1.692295190878212452e-04,2.016724101849831641e-05
1.683904315541440155e-06,9.998614788055419922e-01,1.585653990332502872e-05,9.941187454387545586e-05,2.159014184144325554e-05
1.604512704034277704e-06,9.999023675918579102e-01,1.474638338549993932e-05,5.931637861067429185e-05,2.189106271544005722e-05
1.534269927105924580e-06,9.999297857284545898e-01,1.242303096660180017e-05,3.646425102488137782e-05,1.977994543267413974e-05
1.465577952330932021e-06,9.999430179595947266e-01,1.027869438985362649e-05,2.759783637884538621e-05,1.752223943185526878e-05
1.593109118402935565e-06,9.999470114707946777e-01,9.187376235786359757e-06,2.570383003330789506e-05,1.648082070460077375e-05
1.287228883484203834e-06,9.999556541442871094e-01,7.141242804209468886e-06,2.247817610623314977e-05,1.333651107415789738e-05
1.078941863852378447e-06,9.999586939811706543e-01,6.708257387799676508e-06,2.076871896861121058e-05,1.269681342819239944e-05
1.013104565572575666e-06,9.999605417251586914e-01,6.719987595715792850e-06,1.837963463913183659e-05,1.335938577540218830e-05
1.269907215828425251e-06,9.999577999114990234e-01,7.521465704485308379e-06,1.963037720997817814e-05,1.371076177747454494e-05
1.863037709881609771e-06,9.999542832374572754e-01,8.573447303206194192e-06,2.146724182239267975e-05,1.384993356623454019e-05
2.852730858649010770e-06,9.999527931213378906e-01,8.785562386037781835e-06,2.262856105517130345e-05,1.290613545279484242e-05
2.680112174857640639e-06,9.999601840972900391e-01,6.794942237320356071e-06,1.948351928149349988e-05,1.087439068214735016e-05
1.754337972670327872e-06,9.999685287475585938e-01,5.082260031485930085e-06,1.544997940072789788e-05,9.101659088628366590e-06
1.475627982472360600e-06,9.999688863754272461e-01,5.075658009445760399e-06,1.505414729763288051e-05,9.513982149655930698e-06
1.456512677577848081e-06,9.999648332595825195e-01,6.147664407762931660e-06,1.565659840707667172e-05,1.197252368001500145e-05
1.334180865342204925e-06,9.999635219573974609e-01,6.829308404121547937e-06,1.498011897638207301e-05,1.325238736171741039e-05
1.658194719311723020e-06,9.999560117721557617e-01,8.014793820620980114e-06,1.834938848332967609e-05,1.600736868567764759e-05
2.205544433309114538e-06,9.999411106109619141e-01,9.992671948566567153e-06,2.682875492610037327e-05,1.992416946450248361e-05
2.811107833622372709e-06,9.999230504035949707e-01,1.160727788374060765e-05,3.993308200733736157e-05,2.266793489980045706e-05
2.314865241714869626e-06,9.999282360076904297e-01,9.221056643582414836e-06,4.404481296660378575e-05,1.612205778656061739e-05
1.536993750050896779e-06,9.999374151229858398e-01,5.693848379451083019e-06,4.664137668441981077e-05,8.712780072528403252e-06
8.978245205071289092e-07,9.999437928199768066e-01,3.575663185984012671e-06,4.650799382943660021e-05,5.253814379102550447e-06
6.149180080683436245e-07,9.999443292617797852e-01,2.296394995937589556e-06,4.920831634080968797e-05,3.580634938771254383e-06
4.198426495349849574e-07,9.999430179595947266e-01,1.513167831035389099e-06,5.240631435299292207e-05,2.577018449301249348e-06
3.798348586769861868e-07,9.999257326126098633e-01,1.342579366792051587e-06,7.007418753346428275e-05,2.424910007903235964e-06
3.687856349188223248e-07,9.999058246612548828e-01,1.257770009033265524e-06,9.031256922753527761e-05,2.206735189247410744e-06
5.229866246736492030e-07,9.998544454574584961e-01,1.545212512610305566e-06,1.410462573403492570e-04,2.438669525872683153e-06
7.210467174445511773e-07,9.998102784156799316e-01,2.010405523833469488e-06,1.842075871536508203e-04,2.755926516329054721e-06
9.514658927400887478e-07,9.997979402542114258e-01,3.147258667013375089e-06,1.945605035871267319e-04,3.411049647183972411e-06
1.092940465241554193e-06,9.998242855072021484e-01,3.924997145077213645e-06,1.671079080551862717e-04,3.520862037476035766e-06
1.326544293078768533e-06,9.998234510421752930e-01,5.074307864560978487e-06,1.661789865465834737e-04,3.911179192073177546e-06
1.574298039486166090e-06,9.998269677162170410e-01,6.814624612161424011e-06,1.599916431587189436e-04,4.707971129391808063e-06
1.681123535490769427e-06,9.998474121093750000e-01,8.941437954490538687e-06,1.365542702842503786e-04,5.406530362961348146e-06
2.098954837492783554e-06,9.998391866683959961e-01,1.486576911702286452e-05,1.363422925351187587e-04,7.457013907696818933e-06
2.843463335011620075e-06,9.998240470886230469e-01,2.573478195699863136e-05,1.359263260383158922e-04,1.145476471720030531e-05
3.112722879450302571e-06,9.998178482055664062e-01,2.972775291709695011e-05,1.369051606161519885e-04,1.232333306688815355e-05
4.035541223856853321e-06,9.997736811637878418e-01,3.221659062546677887e-05,1.770280796336010098e-04,1.314060682489071041e-05
6.643084816460032016e-06,9.996018409729003906e-01,4.357648867880925536e-05,3.294218913652002811e-04,1.856575545389205217e-05
1.728017014102078974e-05,9.984969496726989746e-01,1.126118877436965704e-04,1.323206233792006969e-03,4.986891144653782248e-05
3.028400169569067657e-05,9.958840012550354004e-01,2.798312052618712187e-04,3.693690989166498184e-03,1.121237728511914611e-04
3.369074329384602606e-05,9.945322275161743164e-01,4.141549579799175262e-04,4.873038735240697861e-03,1.468012051191180944e-04
2.685053732420783490e-05,9.949559569358825684e-01,2.628276997711509466e-04,4.661974962800741196e-03,9.237415360985323787e-05
2.121054421877488494e-05,9.945322275161743164e-01,1.784949854481965303e-04,5.208263173699378967e-03,5.977436740067787468e-05
1.844500911829527467e-05,9.943529963493347168e-01,1.404319482389837503e-04,5.442019551992416382e-03,4.612639895640313625e-05
1.505819545855047181e-05,9.950806498527526855e-01,1.084357645595446229e-04,4.756853450089693069e-03,3.891558662871830165e-05
1.268577580049168319e-05,9.962462782859802246e-01,9.260780643671751022e-05,3.612082684412598610e-03,3.624402961577288806e-05
8.279390385723672807e-06,9.974370002746582031e-01,6.391161150531843305e-05,2.458706032484769821e-03,3.213555100956000388e-05
5.038378731114789844e-06,9.984700083732604980e-01,4.058627382619306445e-05,1.457361737266182899e-03,2.703234349610283971e-05
4.416196588863385841e-06,9.988605380058288574e-01,3.166111855534836650e-05,1.078317756764590740e-03,2.498435969755519181e-05
4.994480150344315916e-06,9.988971352577209473e-01,2.842854701157193631e-05,1.043208991177380085e-03,2.624425906105898321e-05
5.464066816784907132e-06,9.988673329353332520e-01,2.376354314037598670e-05,1.076796324923634529e-03,2.655891330505255610e-05
4.672670456784544513e-06,9.990936517715454102e-01,1.820490797399543226e-05,8.590373909100890160e-04,2.437684634060133249e-05
3.540603984220069833e-06,9.993894100189208984e-01,1.550361776025965810e-05,5.680571193806827068e-04,2.349345413676928729e-05
2.611812988106976263e-06,9.996354579925537109e-01,1.392607646266696975e-05,3.244037507101893425e-04,2.358697929594200104e-05
2.579452939244220033e-06,9.997437596321105957e-01,1.388362943544052541e-05,2.156216796720400453e-04,2.412749927316326648e-05
2.221590193585143425e-06,9.998225569725036621e-01,1.257701114809606224e-05,1.400566397933289409e-04,2.266629235236905515e-05
2.029004235737374984e-06,9.998604059219360352e-01,1.212445840792497620e-05,1.034368833643384278e-04,2.195470551669131964e-05
1.909172851810581051e-06,9.998817443847656250e-01,1.139226424129446968e-05,8.490223262924700975e-05,2.004127600230276585e-05
2.786971435853047296e-06,9.998579025268554688e-01,1.290488035010639578e-05,1.042877265717834234e-04,2.211866922152694315e-05
6.703543931507738307e-06,9.997273087501525879e-01,2.014156416407786310e-05,2.128358464688062668e-04,3.293881309218704700e-05
1.246138072019675747e-05,9.995023012161254883e-01,2.763679003692232072e-05,4.134586197324097157e-04,4.409515895531512797e-05
1.551932837173808366e-05,9.993602633476257324e-01,2.791846418404020369e-05,5.562749574892222881e-04,4.003057983936741948e-05
1.083729512174613774e-05,9.994392991065979004e-01,2.045322435151319951e-05,5.059439572505652905e-04,2.337050500500481576e-05
6.313879566732794046e-06,9.994808435440063477e-01,1.372719361825147644e-05,4.849764809478074312e-04,1.413395966665120795e-05
4.553032795229228213e-06,9.993880391120910645e-01,9.832553587330039591e-06,5.874097696505486965e-04,1.012761094898451120e-05
3.912010924977948889e-06,9.992148876190185547e-01,9.186368515656795353e-06,7.631300832144916058e-04,8.789032108325045556e-06
2.985709670610958710e-06,9.990783333778381348e-01,8.128627086989581585e-06,9.028160711750388145e-04,7.867512977099977434e-06
2.488891368557233363e-06,9.989886879920959473e-01,7.753564204904250801e-06,9.935989510267972946e-04,7.547426776000065729e-06
2.135610657205688767e-06,9.989769458770751953e-01,7.612456556671531871e-06,1.006200327537953854e-03,7.206689588201697916e-06
2.049089516731328331e-06,9.990412592887878418e-01,7.745116818114183843e-06,9.423170122317969799e-04,6.599797416129149497e-06
2.573614665379864164e-06,9.989475607872009277e-01,9.248826245311647654e-06,1.033488893881440163e-03,7.137879492802312598e-06
2.708969986997544765e-06,9.990676045417785645e-01,9.232452612195629627e-06,9.138498571701347828e-04,6.683595529466401786e-06
2.690332621568813920e-06,9.992428421974182129e-01,9.321730431111063808e-06,7.390510290861129761e-04,6.140135610621655360e-06
3.170639729432878084e-06,9.992573261260986328e-01,1.044343753164866939e-05,7.228596368804574013e-04,6.283376933424733579e-06
3.667103101179236546e-06,9.992214441299438477e-01,1.176871046482119709e-05,7.558003999292850494e-04,7.267411547218216583e-06
5.323887307895347476e-06,9.988602995872497559e-01,1.473222891945624724e-05,1.109776087105274200e-03,9.789093383005820215e-06
8.970794624474365264e-06,9.981690049171447754e-01,2.296212369401473552e-05,1.783905201591551304e-03,1.523709215689450502e-05
1.502240866102511063e-05,9.970683455467224121e-01,3.804689549724571407e-05,2.852434292435646057e-03,2.618723010527901351e-05
5.091271304991096258e-05,9.905032515525817871e-01,1.486282853875309229e-04,9.210814721882343292e-03,8.637761493446305394e-05
7.586202991660684347e-05,9.843868017196655273e-01,2.176573325414210558e-04,1.521319430321455002e-02,1.063507006620056927e-04
8.683535270392894745e-05,9.692434072494506836e-01,2.408686414128169417e-04,3.032694198191165924e-02,1.019222399918362498e-04
9.700301598059013486e-05,9.549044966697692871e-01,2.773976011667400599e-04,4.462530836462974548e-02,9.573000716045498848e-05
8.443487604381516576e-05,9.426083564758300781e-01,2.721204655244946480e-04,5.694408342242240906e-02,9.097784641198813915e-05
8.899265230866149068e-05,9.373410344123840332e-01,2.763074298854917288e-04,6.220016255974769592e-02,9.350876644020900130e-05
9.518434671917930245e-05,9.367647767066955566e-01,3.012992383446544409e-04,6.273317337036132812e-02,1.054307358572259545e-04
6.037310595274902880e-05,9.585452675819396973e-01,2.483504649717360735e-04,4.104465991258621216e-02,1.012629290926270187e-04
4.092305243830196559e-05,9.728301763534545898e-01,2.178342692786827683e-04,2.680928818881511688e-02,1.016694368445314467e-04
2.613648393889889121e-05,9.832035899162292480e-01,1.850539847509935498e-04,1.648703962564468384e-02,9.813204815145581961e-05
2.035924808296840638e-05,9.878275394439697266e-01,1.685994939180091023e-04,1.188391447067260742e-02,9.952665277523919940e-05
1.955319203261751682e-05,9.904295802116394043e-01,1.589420135132968426e-04,9.288254193961620331e-03,1.036779576679691672e-04
2.242768459836952388e-05,9.919272065162658691e-01,1.611187472008168697e-04,7.780367974191904068e-03,1.087330747395753860e-04
3.263641337980516255e-05,9.914124608039855957e-01,1.941153313964605331e-04,8.225092664361000061e-03,1.356050925096496940e-04
5.349016282707452774e-05,9.904735684394836426e-01,2.512803475838154554e-04,9.049750864505767822e-03,1.719417195999994874e-04
7.952380838105455041e-05,9.895845055580139160e-01,3.011897788383066654e-04,9.828415699303150177e-03,2.063611464109271765e-04
1.081352529581636190e-04,9.900781512260437012e-01,3.260413941461592913e-04,9.275016374886035919e-03,2.126603212673217058e-04
9.512980614090338349e-05,9.932631850242614746e-01,2.353968884563073516e-04,6.238613743335008621e-03,1.676515821600332856e-04
7.058741903165355325e-05,9.953163266181945801e-01,1.698069827398285270e-04,4.303931258618831635e-03,1.393014827044680715e-04
4.951127993990667164e-05,9.963559508323669434e-01,1.361418107990175486e-04,3.334003733471035957e-03,1.243633741978555918e-04
5.153437450644560158e-05,9.962712526321411133e-01,1.349709491478279233e-04,3.416175721213221550e-03,1.261121215065941215e-04
4.325057307141833007e-05,9.965109229087829590e-01,1.032324871630407870e-04,3.240300808101892471e-03,1.022663273033685982e-04
3.780571933020837605e-05,9.970502853393554688e-01,7.307509076781570911e-05,2.766221063211560249e-03,7.260689017130061984e-05
4.199932300252839923e-05,9.971709251403808594e-01,6.136843148851767182e-05,2.660673577338457108e-03,6.493274850072339177e-05
3.368682519067078829e-05,9.974942207336425781e-01,4.972146416548639536e-05,2.365441294386982918e-03,5.692466584150679410e-05
2.321821921213995665e-05,9.981291294097900391e-01,4.130187880946323276e-05,1.761619467288255692e-03,4.473897206480614841e-05
1.694309685262851417e-05,9.982237815856933594e-01,3.274134724051691592e-05,1.691854791715741158e-03,3.464866676949895918e-05
9.491307537246029824e-06,9.983508586883544922e-01,2.107157160935457796e-05,1.595044508576393127e-03,2.354825301154050976e-05
6.966389264562167227e-06,9.980086684226989746e-01,1.710405013000126928e-05,1.947831013239920139e-03,1.947165037563536316e-05
6.358546670526266098e-06,9.971752166748046875e-01,1.615074324945453554e-05,2.783267758786678314e-03,1.896091453090775758e-05
7.110248134267749265e-06,9.956344962120056152e-01,1.587218321219552308e-05,4.323754459619522095e-03,1.873747532954439521e-05
7.576908501505386084e-06,9.934053421020507812e-01,1.542558493383694440e-05,6.553564220666885376e-03,1.808890556276310235e-05
8.621692359156440943e-06,9.894167780876159668e-01,2.107717773469630629e-05,1.053150277584791183e-02,2.200864219048526138e-05
9.085450983548071235e-06,9.873188138008117676e-01,2.851788121915888041e-05,1.261720340698957443e-02,2.643072912178467959e-05
8.960234481492079794e-06,9.886991381645202637e-01,3.766526060644537210e-05,1.122297439724206924e-02,3.125586954411119223e-05
1.034011256706435233e-05,9.908483624458312988e-01,5.241181497694924474e-05,9.052806533873081207e-03,3.605328311095945537e-05
1.546889507153537124e-05,9.921236038208007812e-01,8.971852366812527180e-05,7.720656692981719971e-03,5.050219988333992660e-05
1.870858613983727992e-05,9.940415620803833008e-01,1.488338166382163763e-04,5.714008118957281113e-03,7.680151611566543579e-05
2.393441900494508445e-05,9.950767159461975098e-01,2.697909658309072256e-04,4.515359643846750259e-03,1.141775428550317883e-04
2.733719702519010752e-05,9.961803555488586426e-01,3.206720284651964903e-04,3.348992438986897469e-03,1.226603926625102758e-04
2.533034239604603499e-05,9.970067143440246582e-01,2.488746831659227610e-04,2.622816013172268867e-03,9.630424028728157282e-05
3.666171687655150890e-05,9.957870244979858398e-01,2.666490909177809954e-04,3.797479672357439995e-03,1.121274035540409386e-04
6.892872625030577183e-05,9.910103082656860352e-01,4.150214372202754021e-04,8.309977129101753235e-03,1.958194043254479766e-04
1.121574532589875162e-04,9.803676605224609375e-01,8.040578686632215977e-04,1.832964830100536346e-02,3.865554172080010176e-04
1.677366672083735466e-04,9.671393036842346191e-01,1.455885125324130058e-03,3.063626959919929504e-02,6.007313495501875877e-04
1.358786248601973057e-04,9.703513383865356445e-01,1.342868781648576260e-03,2.775523625314235687e-02,4.145939892623573542e-04
1.151497854152694345e-04,9.718380570411682129e-01,1.283598598092794418e-03,2.644846588373184204e-02,3.146910748910158873e-04
1.192537529277615249e-04,9.722337722778320312e-01,1.101075205951929092e-03,2.628898806869983673e-02,2.569690695963799953e-04
1.259008713532239199e-04,9.758380651473999023e-01,1.019991119392216206e-03,2.277752943336963654e-02,2.384446124779060483e-04
1.245822641067206860e-04,9.811767339706420898e-01,1.058411085978150368e-03,1.739003323018550873e-02,2.501386625226587057e-04
1.090851728804409504e-04,9.864053726196289062e-01,1.013451488688588142e-03,1.220687385648488998e-02,2.652045513968914747e-04
5.351684740162454545e-05,9.921143651008605957e-01,6.480941665358841419e-04,6.967353168874979019e-03,2.166642952943220735e-04
2.994931310240644962e-05,9.953396916389465332e-01,3.914265544153749943e-04,4.072380252182483673e-03,1.664273731876164675e-04
2.187920836149714887e-05,9.968305230140686035e-01,2.359290956519544125e-04,2.785422606393694878e-03,1.262419536942616105e-04
1.736962076392956078e-05,9.976976513862609863e-01,1.542596146464347839e-04,2.027475275099277496e-03,1.032764121191576123e-04
1.624398100830148906e-05,9.980192780494689941e-01,1.106545314542017877e-04,1.762196654453873634e-03,9.151754784397780895e-05
1.755812081682961434e-05,9.980270266532897949e-01,8.582467125961557031e-05,1.784919411875307560e-03,8.457204239675775170e-05
2.043474160018377006e-05,9.979760050773620605e-01,7.318150892388075590e-05,1.852405373938381672e-03,7.791141251800581813e-05
2.256546395074110478e-05,9.979695677757263184e-01,6.154103175504133105e-05,1.874879235401749611e-03,7.137515058275312185e-05
2.597516504465602338e-05,9.977471232414245605e-01,5.016039722249843180e-05,2.112072426825761795e-03,6.469699292210862041e-05
3.612242289818823338e-05,9.969468116760253906e-01,4.735690163215622306e-05,2.902510110288858414e-03,6.704039697069674730e-05
4.428585816640406847e-05,9.955045580863952637e-01,4.191345578874461353e-05,4.340020939707756042e-03,6.929968367330729961e-05
4.121971505810506642e-05,9.942842125892639160e-01,3.689682489493861794e-05,5.570139270275831223e-03,6.753939669579267502e-05
3.807941902778111398e-05,9.928768277168273926e-01,3.282933175796642900e-05,6.991294678300619125e-03,6.095284697948954999e-05
4.853091377299278975e-05,9.903218150138854980e-01,3.210341674275696278e-05,9.541984647512435913e-03,5.559773853747174144e-05
5.346741454559378326e-05,9.882788658142089844e-01,2.842190406227018684e-05,1.159037742763757706e-02,4.885630187345668674e-05
5.304778460413217545e-05,9.859157204627990723e-01,2.558197047619614750e-05,1.395869534462690353e-02,4.692911898018792272e-05
6.136655429145321250e-05,9.822040796279907227e-01,2.506354394427035004e-05,1.766045950353145599e-02,4.892031574854627252e-05
9.506804053671658039e-05,9.697601795196533203e-01,2.730608684942126274e-05,3.006033413112163544e-02,5.706615047529339790e-05
1.315749250352382660e-04,9.476057887077331543e-01,3.072988329222425818e-05,5.216454342007637024e-02,6.738242518622428179e-05
1.747795322444289923e-04,9.205151796340942383e-01,3.209141868865117431e-05,7.920470088720321655e-02,7.327760249609127641e-05
1.647554745431989431e-04,9.154293537139892578e-01,3.017252129211556166e-05,8.430448174476623535e-02,7.117925269994884729e-05
1.488815032644197345e-04,9.223158955574035645e-01,3.025216028618160635e-05,7.743398100137710571e-02,7.103406824171543121e-05
1.622763666091486812e-04,9.274117946624755859e-01,3.450459917075932026e-05,7.231623679399490356e-02,7.513346645282581449e-05
1.763705513440072536e-04,9.396246075630187988e-01,3.826646570814773440e-05,6.008429825305938721e-02,7.634882058482617140e-05
2.561486908234655857e-04,9.499833583831787109e-01,4.305603579268790781e-05,4.963473603129386902e-02,8.265225915238261223e-05
3.246346313972026110e-04,9.575811624526977539e-01,5.483451968757435679e-05,4.192434251308441162e-02,1.150969692389480770e-04
3.638794878497719765e-04,9.593685865402221680e-01,7.896148599684238434e-05,4.000447317957878113e-02,1.841554185375571251e-04
2.560504944995045662e-04,9.722620248794555664e-01,8.378538768738508224e-05,2.718300372362136841e-02,2.150706714019179344e-04
1.709026255412027240e-04,9.832866191864013672e-01,7.630296749994158745e-05,1.629145629703998566e-02,1.746567286318168044e-04
9.364567085867747664e-05,9.912612438201904297e-01,6.585893424926325679e-05,8.452581241726875305e-03,1.267095940420404077e-04
6.622214277740567923e-05,9.951649308204650879e-01,5.947226236457936466e-05,4.611802287399768829e-03,9.747187868924811482e-05
5.328833140083588660e-05,9.974043965339660645e-01,4.863135836785659194e-05,2.425399376079440117e-03,6.822151772212237120e-05
4.961568993167020380e-05,9.982216954231262207e-01,4.374358468339778483e-05,1.628847909159958363e-03,5.610367952613160014e-05
8.183342288248240948e-05,9.977964758872985840e-01,5.702714406652376056e-05,1.990960445255041122e-03,7.375252607744187117e-05
7.272157381521537900e-05,9.978190660476684570e-01,5.110749407322145998e-05,1.982705667614936829e-03,7.449511758750304580e-05
4.492851076065562665e-05,9.980499744415283203e-01,3.099223249591886997e-05,1.825685030780732632e-03,4.835448271478526294e-05
3.209304122719913721e-05,9.979401230812072754e-01,2.088620567519683391e-05,1.975599210709333420e-03,3.130571712972596288e-05
5.378495188779197633e-05,9.964993000030517578e-01,2.371914160903543234e-05,3.377052256837487221e-03,4.619167884811758995e-05
3.774883225560188293e-05,9.960914254188537598e-01,1.886215250124223530e-05,3.813838819041848183e-03,3.811571514233946800e-05
3.649034260888583958e-05,9.930466413497924805e-01,2.010051684919744730e-05,6.859425920993089676e-03,3.728812953340820968e-05
3.238916906411759555e-05,9.891682863235473633e-01,1.796226206352002919e-05,1.074803899973630905e-02,3.336349618621170521e-05
2.494528962415643036e-05,9.866400957107543945e-01,1.326505753240780905e-05,1.329800952225923538e-02,2.363649582548532635e-05
1.878983312053605914e-05,9.833664894104003906e-01,9.627131476008798927e-06,1.658837124705314636e-02,1.669687480898573995e-05
1.659309236856643111e-05,9.758345484733581543e-01,8.534950211469549686e-06,2.412508055567741394e-02,1.528284701635129750e-05
2.124088860000483692e-05,9.564632177352905273e-01,1.185786913993069902e-05,4.348274692893028259e-02,2.099905032082460821e-05
3.024480429303366691e-05,9.060506820678710938e-01,1.642840834392700344e-05,9.387391060590744019e-02,2.866531758627388626e-05
4.302012166590429842e-05,8.011503815650939941e-01,2.181661693612113595e-05,1.987476050853729248e-01,3.712012767209671438e-05
6.775578367523849010e-05,6.454125046730041504e-01,2.237090302514843643e-05,3.544614613056182861e-01,3.590286360122263432e-05
1.194638825836591423e-04,3.498318195343017578e-01,1.750281444401480258e-05,6.500029563903808594e-01,2.827116622938774526e-05
9.088393562706187367e-05,4.142697155475616455e-02,6.303350801317719743e-06,9.584644436836242676e-01,1.143797544500557706e-05
2.204677002737298608e-05,3.918904811143875122e-03,1.688516249487292953e-06,9.960542321205139160e-01,3.113375896646175534e-06
2.736715714490856044e-06,6.955595454201102257e-04,4.599106091518478934e-07,9.993004202842712402e-01,8.546333560843777377e-07
7.882672434789128602e-07,3.558251482900232077e-04,2.881768637053028215e-07,9.996426701545715332e-01,4.358854255315236514e-07
3.478162113879079698e-07,2.685321378521621227e-04,2.348093204318502103e-07,9.997306466102600098e-01,2.994745500473072752e-07
1.438956900301491260e-07,1.800059835659340024e-04,1.791928241345885908e-07,9.998193979263305664e-01,2.290573775098891929e-07
5.961259574860378052e-08,8.529145270586013794e-05,1.226778607588130399e-07,9.999142885208129883e-01,1.706100647425046191e-07
2.818038069563044701e-08,3.735137579496949911e-05,8.038293941581287072e-08,9.999624490737915039e-01,1.222516914367588470e-07
1.724407461267674080e-08,1.905219687614589930e-05,5.725129170741638518e-08,9.999808073043823242e-01,9.323444771780486917e-08
1.618130518465932255e-08,1.318818976869806647e-05,5.189160035001805227e-08,9.999866485595703125e-01,8.790784278289720532e-08
1.567998886287114146e-08,1.003141824185149744e-05,5.215942522340810683e-08,9.999898672103881836e-01,9.493852104469624464e-08
2.241248786560845474e-08,9.923686775437090546e-06,6.362634508150222246e-08,9.999898672103881836e-01,1.199984325239711325e-07
4.659000296669546515e-08,1.238489312527235597e-05,9.275182577539453632e-08,9.999872446060180664e-01,1.785001728649149300e-07
8.533444884051277768e-08,1.467100173613289371e-05,1.312557600385844125e-07,9.999848604202270508e-01,2.550936812895088224e-07
1.758072158963841503e-07,1.773127041815314442e-05,2.067013866735578631e-07,9.999813437461853027e-01,4.161763342835911317e-07
3.731213666924304562e-07,2.728937397478148341e-05,3.930898628823342733e-07,9.999710321426391602e-01,8.922685879042546730e-07
6.714583946632046718e-07,5.120360219734720886e-05,8.011862746570841409e-07,9.999449253082275391e-01,2.302392431374755688e-06
7.750167583253642078e-07,6.366602610796689987e-05,1.234830278917797841e-06,9.999301433563232422e-01,4.155974693276220933e-06
8.158258424373343587e-07,5.725372830056585371e-05,1.406784235769009683e-06,9.999355077743530273e-01,5.051175776316085830e-06
1.065052742887928616e-06,4.366043503978289664e-05,1.254437506759131793e-06,9.999492168426513672e-01,4.818427441932726651e-06
9.800745601751259528e-07,3.194262535544112325e-05,9.591303751221857965e-07,9.999622106552124023e-01,3.886442300427006558e-06
5.833775844621413853e-07,1.992692705243825912e-05,5.561348075389105361e-07,9.999769926071166992e-01,1.915514076245017350e-06
4.370363058114890009e-07,1.143700501415878534e-05,3.000331219027430052e-07,9.999870061874389648e-01,8.042460990509425756e-07
3.886139836595248198e-07,7.570574325654888526e-06,1.790713639593377593e-07,9.999914169311523438e-01,3.964004520184971625e-07
3.374048276327812346e-07,4.949765298079000786e-06,1.142831536071753362e-07,9.999942183494567871e-01,2.135835615035830415e-07
2.261680123183396063e-07,3.668117642519064248e-06,8.039321386377196177e-08,9.999958276748657227e-01,1.349894063196188654e-07
2.016033704421715811e-07,3.270447450631763786e-06,6.772459926196461311e-08,9.999964237213134766e-01,1.030260960988016450e-07
1.778795706286473433e-07,2.984488446600153111e-06,5.978134964834680432e-08,9.999966621398925781e-01,8.607643309233026230e-08
2.288202693989660474e-07,3.094012299698079005e-06,6.307499944568917272e-08,9.999965429306030273e-01,9.085433561040190398e-08
4.110536337975645438e-07,3.573818730728817172e-06,7.179277616842227872e-08,9.999958276748657227e-01,1.118350496653874870e-07
4.487866078761726385e-07,4.388813977129757404e-06,8.545057283981805085e-08,9.999948143959045410e-01,1.542849759061937220e-07
4.108368898414482828e-07,5.449760465126018971e-06,1.042138961793170893e-07,9.999937415122985840e-01,2.076089629099442391e-07
4.565465872019558446e-07,5.709802280762232840e-06,1.171792121112957830e-07,9.999934434890747070e-01,2.309008095835451968e-07
5.483216796164924745e-07,5.677034550899406895e-06,1.248027672318130499e-07,9.999933242797851562e-01,2.543028188028984005e-07
6.637185947511170525e-07,5.815398253616876900e-06,1.429815057463201811e-07,9.999930858612060547e-01,3.228123262033477658e-07
7.475900929421186447e-07,5.870647783012827858e-06,1.538993643634967157e-07,9.999928474426269531e-01,3.846825507025641855e-07
7.971750619617523625e-07,6.713735274388454854e-06,1.652122989526105812e-07,9.999918341636657715e-01,4.736217817935539642e-07
8.124422379296447616e-07,7.594676389999222010e-06,1.667114588599361014e-07,9.999907612800598145e-01,5.636592277369345538e-07
6.670213110737677198e-07,6.911985110491514206e-06,1.562020770506933331e-07,9.999917745590209961e-01,5.419985882326727733e-07
5.722866944779525511e-07,6.331221356958849356e-06,1.471133685981840244e-07,9.999924898147583008e-01,4.838025802200718317e-07
5.552339530368044507e-07,5.332622549758525565e-06,1.410744232543947874e-07,9.999935626983642578e-01,3.975304707637405954e-07
6.023944365551869851e-07,4.691794856626074761e-06,1.453028346531937132e-07,9.999942183494567871e-01,3.489924438326852396e-07
5.667013738275272772e-07,4.563988113659434021e-06,1.649537892944863415e-07,9.999943971633911133e-01,3.634661993601184804e-07
4.349096514033590211e-07,4.894534868071787059e-06,2.114593371516093612e-07,9.999939799308776855e-01,4.723106030724011362e-07
4.184966542197798844e-07,5.657885139953577891e-06,2.697720162814221112e-07,9.999930858612060547e-01,6.321214982563105877e-07
4.138589702051831409e-07,6.157087227620650083e-06,3.444252740791853284e-07,9.999922513961791992e-01,8.173623200491419993e-07
4.562114668260619510e-07,7.474621270375791937e-06,4.721065920421096962e-07,9.999903440475463867e-01,1.181190441457147244e-06
6.198507662702468224e-07,9.600625162420328707e-06,7.260715619850088842e-07,9.999868869781494141e-01,2.108653461618814617e-06
7.619802886438264977e-07,1.216976488649379462e-05,1.082609173863602336e-06,9.999825954437255859e-01,3.373998424649471417e-06
9.597599728294881061e-07,1.416078066540649161e-05,1.512058588559739292e-06,9.999785423278808594e-01,4.773776709043886513e-06
1.156911139332805760e-06,1.592958142282441258e-05,1.897691504382237326e-06,9.999748468399047852e-01,6.084751476009842008e-06
1.838418256738805212e-06,1.715557482384610921e-05,2.438862566123134457e-06,9.999707937240600586e-01,7.780304258631076664e-06
4.434060429048258811e-06,2.310041054442990571e-05,4.432838522916426882e-06,9.999494552612304688e-01,1.851267916208598763e-05
1.429125313734402880e-05,4.223832002026028931e-05,1.134857484430540353e-05,9.998563528060913086e-01,7.580070814583450556e-05
2.529020093788858503e-05,7.524339162046089768e-05,2.370745096413884312e-05,9.996238946914672852e-01,2.518436522223055363e-04
3.599996125558391213e-05,1.158055893029086292e-04,3.799254409386776388e-05,9.992178678512573242e-01,5.923223798163235188e-04
8.020670065889135003e-05,1.940583169925957918e-04,5.594905087491497397e-05,9.982551932334899902e-01,1.414565136656165123e-03
1.086505653802305460e-04,3.114347346127033234e-04,7.238937541842460632e-05,9.969077706336975098e-01,2.599669154733419418e-03
1.088553981389850378e-04,3.751705808099359274e-04,7.552693568868562579e-05,9.965752363204956055e-01,2.865191083401441574e-03
8.337449253303930163e-05,3.976660955231636763e-04,5.987152326270006597e-05,9.970619082450866699e-01,2.397159812971949577e-03
5.724843140342272818e-05,3.879578725900501013e-04,4.403288403409533203e-05,9.977613091468811035e-01,1.749517279677093029e-03
4.574692866299301386e-05,3.995110164396464825e-04,2.843358743120916188e-05,9.984107613563537598e-01,1.115535735152661800e-03
3.789824040723033249e-05,3.341413976158946753e-04,1.833378519222605973e-05,9.989456534385681152e-01,6.639544735662639141e-04
3.717656363733112812e-05,2.641897590365260839e-04,1.102857459045480937e-05,9.993021488189697266e-01,3.854295355267822742e-04
3.610930070863105357e-05,2.027625014306977391e-04,8.446761967206839472e-06,9.994390606880187988e-01,3.136373707093298435e-04
3.335668588988482952e-05,1.504052197560667992e-04,7.599798209412256256e-06,9.995002746582031250e-01,3.083740302827209234e-04
2.960795791295822710e-05,1.181643383461050689e-04,6.620828116865595803e-06,9.995649456977844238e-01,2.806206466630101204e-04
2.197286448790691793e-05,8.932060154620558023e-05,4.198224360152380541e-06,9.997130036354064941e-01,1.714983955025672913e-04
2.161393604183103889e-05,6.552145350724458694e-05,3.944115178455831483e-06,9.997509121894836426e-01,1.579194213263690472e-04
1.525599418528145179e-05,4.157284638495184481e-05,3.596113401727052405e-06,9.997909069061279297e-01,1.485591346863657236e-04
8.745396371523384005e-06,2.463474083924666047e-05,2.512757646400132217e-06,9.998605847358703613e-01,1.034714150591753423e-04
6.203993507369887084e-06,1.688037446001544595e-05,1.736323611112311482e-06,9.999061822891235352e-01,6.891768134664744139e-05
1.816367916762828827e-02,2.839213084371294826e-05,4.452671419130638242e-06,9.816611409187316895e-01,1.421900524292141199e-04
