4.577551502734422684e-03,8.679348230361938477e-01,6.653925031423568726e-02,2.276349626481533051e-02,3.818474709987640381e-02
4.275504397810436785e-05,9.914259910583496094e-01,5.716763436794281006e-03,7.888798136264085770e-04,2.025642897933721542e-03
1.338972924713743851e-05,9.936846494674682617e-01,4.454120527952909470e-03,3.522802144289016724e-04,1.495412783697247505e-03
1.280958349525462836e-05,9.896082878112792969e-01,7.411709520965814590e-03,4.434695001691579819e-04,2.523737726733088493e-03
1.636962679185671732e-06,9.975999593734741211e-01,1.699129352346062660e-03,1.316704438067972660e-04,5.675654392689466476e-04
3.448420216045633424e-07,9.994249939918518066e-01,3.816116077359765768e-04,4.561592868412844837e-05,1.474011951358988881e-04
1.442876111923396820e-07,9.997846484184265137e-01,1.303265889873728156e-04,2.334958480787463486e-05,6.153609865577891469e-05
9.535045819575316273e-08,9.998910427093505859e-01,6.000030043651349843e-05,1.377730677631916478e-05,3.499926970107480884e-05
9.926706212581848376e-08,9.999183416366577148e-01,4.003787034889683127e-05,1.258865086128935218e-05,2.893776036216877401e-05
1.064419592466947506e-07,9.999312162399291992e-01,2.988329470099415630e-05,1.338972924713743851e-05,2.546661562519147992e-05
9.707245851586776553e-08,9.999430179595947266e-01,2.176157067879103124e-05,1.398028871335554868e-05,2.122434307239018381e-05
8.130611206524918089e-08,9.999557733535766602e-01,1.417226394551107660e-05,1.412642632203642279e-05,1.577182592882309109e-05
8.000817786069092108e-08,9.999597668647766113e-01,1.092234651878243312e-05,1.619618342374451458e-05,1.292467277380637825e-05
9.150598145879484946e-08,9.999521374702453613e-01,1.219024397869361565e-05,2.205675991717725992e-05,1.363600404147291556e-05
1.011077941370785993e-07,9.999381303787231445e-01,1.510844140284461901e-05,3.153422221657820046e-05,1.512616017862455919e-05
9.736878325838915771e-08,9.999266862869262695e-01,1.632971907383762300e-05,4.288895434001460671e-05,1.391931891703279689e-05
2.006696036005450878e-07,9.998597502708435059e-01,2.635474083945155144e-05,9.039977157954126596e-05,2.335506360395811498e-05
1.796029209799598902e-07,9.998458027839660645e-01,2.879538078559562564e-05,1.017577087623067200e-04,2.345074426557403058e-05
1.307883081835825578e-07,9.998742938041687012e-01,2.669894274731632322e-05,7.882800855441018939e-05,2.009076342801563442e-05
9.156743630001074052e-08,9.999057054519653320e-01,2.738170951488427818e-05,4.828167584491893649e-05,1.848253305070102215e-05
2.307334909801284084e-07,9.998199939727783203e-01,5.402337410487234592e-05,8.576077379984781146e-05,3.994363214587792754e-05
5.929115332037326880e-07,9.995955824851989746e-01,1.164522545877844095e-04,1.922710653161630034e-04,9.500731539446860552e-05
2.097949192148007569e-07,9.997844696044921875e-01,6.760557880625128746e-05,9.987437078962102532e-05,4.775942215928807855e-05
7.329217055485059973e-08,9.999102354049682617e-01,2.916795165219809860e-05,4.111657835892401636e-05,1.943463939824141562e-05
1.340778368330575177e-07,9.998860359191894531e-01,3.264136103098280728e-05,5.414355109678581357e-05,2.707488783926237375e-05
9.065112038797451532e-08,9.999314546585083008e-01,1.821418118197470903e-05,3.303646371932700276e-05,1.724250432744156569e-05
4.212437332284935110e-08,9.999701976776123047e-01,6.864543138362932950e-06,1.506083845015382394e-05,7.895097041910048574e-06
2.190257575307441584e-08,9.999853968620300293e-01,2.651458316904609092e-06,8.004710252862423658e-06,3.837883014057297260e-06
1.229143542502697528e-08,9.999911785125732422e-01,1.362935336146620102e-06,5.086871624371269718e-06,2.268806156280334108e-06
8.992572020360967144e-09,9.999939203262329102e-01,9.158180773738422431e-07,3.591246922951540910e-06,1.625385834813641850e-06
1.125486370767703193e-08,9.999943971633911133e-01,8.215017714974237606e-07,3.247965651098638773e-06,1.577293232912779786e-06
1.501506652346051851e-08,9.999936819076538086e-01,8.208940585063828621e-07,3.782939529628492892e-06,1.720734303489734884e-06
1.700693452733048616e-08,9.999931454658508301e-01,7.526305125793442130e-07,4.263868959242245182e-06,1.685213533164642286e-06
1.684683148539534159e-08,9.999929070472717285e-01,6.833187740085122641e-07,4.774364242621231824e-06,1.607398075975652318e-06
1.562988494185901800e-08,9.999933242797851562e-01,5.745353064412483945e-07,4.673949206335237250e-06,1.405832108503091149e-06
1.399243210187250952e-08,9.999934434890747070e-01,5.093290837976383045e-07,4.813870873476844281e-06,1.295424453928717412e-06
1.240460179019464704e-08,9.999935626983642578e-01,4.714213730494520860e-07,4.765330231748521328e-06,1.222214450535830110e-06
1.196783649959343165e-08,9.999934434890747070e-01,4.557840043162286747e-07,4.933243417326593772e-06,1.154246433543448802e-06
2.865917814176555112e-08,9.999862909317016602e-01,1.155939571617636830e-06,9.772881639946717769e-06,2.700179720704909414e-06
3.559386385632024030e-08,9.999806880950927734e-01,1.954082335942075588e-06,1.347472243651282042e-05,3.828670742223039269e-06
2.798551790306191833e-08,9.999804496765136719e-01,2.395082447037566453e-06,1.332354349870001897e-05,3.766542022276553325e-06
2.524960507344076177e-08,9.999791383743286133e-01,3.291059783805394545e-06,1.361566683044657111e-05,3.952455244871089235e-06
3.022379502226613113e-08,9.999762177467346191e-01,4.144639206060674042e-06,1.550296838104259223e-05,4.084165993845090270e-06
4.828653032973306836e-08,9.999693632125854492e-01,4.911859832645859569e-06,2.111155845341272652e-05,4.579815140459686518e-06
8.417585917186443112e-08,9.999591112136840820e-01,7.227213245641905814e-06,2.782999763439875096e-05,5.827362201671348885e-06
1.352993734826668515e-07,9.999492764472961426e-01,1.268594496650621295e-05,2.974292510771192610e-05,8.054638783505652100e-06
2.055282664059632225e-07,9.999308586120605469e-01,2.623494947329163551e-05,3.038215254491660744e-05,1.229049303219653666e-05
7.889094604252022691e-07,9.997916817665100098e-01,9.930640953825786710e-05,6.632630538661032915e-05,4.190782055957242846e-05
6.338805746963771526e-07,9.996731877326965332e-01,2.137740084435790777e-04,4.942084706271998584e-05,6.295953062362968922e-05
1.710148012534773443e-06,9.990466237068176270e-01,6.768812309019267559e-04,9.299926750827580690e-05,1.818062737584114075e-04
1.087536929844645783e-06,9.989103078842163086e-01,8.476280490867793560e-04,6.727987783960998058e-05,1.736908452585339546e-04
7.763379130665271077e-07,9.989578723907470703e-01,8.441757527180016041e-04,4.852860001847147942e-05,1.485227112425491214e-04
6.764511226720060222e-07,9.987415671348571777e-01,1.063692150637507439e-03,4.009147596661932766e-05,1.539487857371568680e-04
6.908166483299282845e-07,9.987431764602661133e-01,1.063303672708570957e-03,4.591559627442620695e-05,1.468489499529823661e-04
4.434688207766157575e-07,9.993441104888916016e-01,5.319878691807389259e-04,4.119817822356708348e-05,8.224723569583147764e-05
4.877641117673192639e-07,9.994684457778930664e-01,3.865014004986733198e-04,6.725588173139840364e-05,7.731830555712804198e-05
3.566231328022695379e-07,9.997784495353698730e-01,1.258149277418851852e-04,5.829016299685463309e-05,3.705847848323173821e-05
2.350127346062436118e-07,9.998744726181030273e-01,5.718508327845484018e-05,4.729267675429582596e-05,2.073325777018908411e-05
1.178538866497547133e-07,9.999282956123352051e-01,2.755512650765012950e-05,3.252034002798609436e-05,1.147899820352904499e-05
8.097059378542326158e-08,9.999415874481201172e-01,1.962105670827440917e-05,2.907488487835507840e-05,9.616854185878764838e-06
6.540697228274439112e-08,9.999511837959289551e-01,1.513503411842975765e-05,2.509202749934047461e-05,8.542531759303528816e-06
5.022575422231057019e-08,9.999601840972900391e-01,1.193536991195287555e-05,2.045693145191762596e-05,7.287259904842358083e-06
4.650823370866419282e-08,9.999654293060302734e-01,9.936623428075108677e-06,1.830804831115528941e-05,6.283203219936694950e-06
5.005886549724891665e-08,9.999661445617675781e-01,9.771856639417819679e-06,1.769456321198958904e-05,6.354436663968954235e-06
5.700514904560805007e-08,9.999639987945556641e-01,1.117846204579109326e-05,1.758873804647009820e-05,7.177518909884383902e-06
5.653703993857561727e-08,9.999626278877258301e-01,1.357186101813567802e-05,1.551151581224985421e-05,8.272073500847909600e-06
8.855136002239305526e-08,9.999488592147827148e-01,2.186735946452245116e-05,1.666981188463978469e-05,1.254634298675227910e-05
1.339369930519751506e-07,9.999387264251708984e-01,2.753523949650116265e-05,1.814286042645107955e-05,1.547676038171630353e-05
1.614014735196178663e-07,9.999369382858276367e-01,2.952922659460455179e-05,1.682474976405501366e-05,1.657969369261991233e-05
1.616021592099059490e-07,9.999468326568603516e-01,2.447358747303951532e-05,1.431281816621776670e-05,1.428073574061272666e-05
1.464649415083840722e-07,9.999573826789855957e-01,1.861165219452232122e-05,1.199893904413329437e-05,1.179925584438024089e-05
1.453617386459882255e-07,9.999608397483825684e-01,1.662632530496921390e-05,1.117592455557314679e-05,1.110189441533293575e-05
1.249579639761577710e-07,9.999659061431884766e-01,1.405405146215343848e-05,9.987050361814908683e-06,9.951038009603507817e-06
1.150322788134872098e-07,9.999666810035705566e-01,1.381496258545666933e-05,9.497555765847209841e-06,9.873541785054840147e-06
1.645680356432421831e-07,9.999470710754394531e-01,2.595117257442325354e-05,1.117928241001209244e-05,1.565910679346416146e-05
3.058171387237962335e-07,9.998797178268432617e-01,7.131092570489272475e-05,1.479992079111980274e-05,3.388456389075145125e-05
5.726666358896181919e-07,9.996865987777709961e-01,2.183952601626515388e-04,1.969249933608807623e-05,7.479438500013202429e-05
9.647363867770764045e-07,9.992573261260986328e-01,5.790942814201116562e-04,2.577005034254398197e-05,1.369630190310999751e-04
1.459413169868639670e-06,9.985320568084716797e-01,1.228324021212756634e-03,3.329140963614918292e-05,2.048587484750896692e-04
1.667535229898930993e-06,9.979655146598815918e-01,1.760768704116344452e-03,4.014286241726949811e-05,2.319373306818306446e-04
1.662395447965536732e-06,9.981782436370849609e-01,1.560272998176515102e-03,5.361058356356807053e-05,2.061392733594402671e-04
2.561554993008030578e-06,9.978601336479187012e-01,1.759196864441037178e-03,1.146355643868446350e-04,2.634882403071969748e-04
1.315826921199914068e-06,9.987313747406005859e-01,9.992963168770074844e-04,1.145929418271407485e-04,1.533794566057622433e-04
4.677308993450424168e-07,9.995615482330322266e-01,3.028571954928338528e-04,7.734204700682312250e-05,5.780698484159074724e-05
1.956531576752240653e-07,9.998484253883361816e-01,8.135416283039376140e-05,4.940854705637320876e-05,2.053946627711411566e-05
9.046353710573384888e-08,9.999359846115112305e-01,2.265060538775287569e-05,3.309792373329401016e-05,8.149444511218462139e-06
5.283781234766138368e-08,9.999623298645019531e-01,8.150182111421599984e-06,2.539959677960723639e-05,4.066552719450555742e-06
4.274254905567431706e-08,9.999691247940063477e-01,4.136768438911531121e-06,2.411296372883953154e-05,2.667848775672609918e-06
3.474069742992469401e-08,9.999761581420898438e-01,2.302989969393820502e-06,1.967931893886998296e-05,1.802708766263094731e-06
3.078694632563383493e-08,9.999809265136718750e-01,1.418318220203218516e-06,1.635847729630768299e-05,1.339983896286867093e-06
2.989470715419884073e-08,9.999829530715942383e-01,1.075708723874413408e-06,1.475063163525192067e-05,1.158249119725951459e-06
3.383852487104377360e-08,9.999824166297912598e-01,1.038999585034616757e-06,1.521457124908920377e-05,1.207045897899661213e-06
3.903722145537358301e-08,9.999817609786987305e-01,1.107149046220001765e-06,1.576137765368912369e-05,1.298459665122209117e-06
4.534092923336174863e-08,9.999817609786987305e-01,1.453740082979493309e-06,1.519386569270864129e-05,1.582206209604919422e-06
5.410960923768470821e-08,9.999812841415405273e-01,2.225960997748188674e-06,1.426153175998479128e-05,2.077239287245902233e-06
7.159326287364820018e-08,9.999786019325256348e-01,4.057638761878479272e-06,1.410677032254170626e-05,3.134059170406544581e-06
1.130038569385760638e-07,9.999721646308898926e-01,9.383146789332386106e-06,1.248167154699331149e-05,5.723470167140476406e-06
2.128580263160984032e-07,9.999454021453857422e-01,3.006240149261429906e-05,1.150139632954960689e-05,1.286592487304005772e-05
5.305046215653419495e-07,9.998242259025573730e-01,1.248204644070938230e-04,1.312973381573101506e-05,3.737895531230606139e-05
1.044709733832860366e-06,9.995429515838623047e-01,3.626734833233058453e-04,1.433170837117359042e-05,7.908348925411701202e-05
1.323988726653624326e-06,9.993156790733337402e-01,5.649428348988294601e-04,1.394337868987349793e-05,1.040159622789360583e-04
1.079076696441916283e-06,9.994538426399230957e-01,4.494989698287099600e-04,1.207773038913728669e-05,8.353120938409119844e-05
7.871532261560787447e-07,9.996498823165893555e-01,2.803509996738284826e-04,1.086177690012846142e-05,5.809868889627978206e-05
5.282559527586272452e-07,9.997714161872863770e-01,1.762740284902974963e-04,9.663060154707636684e-06,4.214171349303796887e-05
3.883727970332984114e-07,9.998163580894470215e-01,1.376508735120296478e-04,9.384731129102874547e-06,3.618445407482795417e-05
3.420788630137394648e-07,9.998261928558349609e-01,1.268437918042764068e-04,1.137959225161466748e-05,3.525934516801498830e-05
2.510828096546902088e-07,9.998458623886108398e-01,1.105616029235534370e-04,1.359182169835548848e-05,2.965571547974832356e-05
1.734030803390851361e-07,9.998691678047180176e-01,9.188713738694787025e-05,1.587973929417785257e-05,2.296963612025137991e-05
3.484869068870466435e-07,9.997806549072265625e-01,1.438037288608029485e-04,3.418864434934221208e-05,4.090635411557741463e-05
3.118708491456345655e-07,9.997759461402893066e-01,1.428173709427937865e-04,4.375322168925777078e-05,3.715083221322856843e-05
5.594429808297718409e-07,9.996529817581176758e-01,1.993267505895346403e-04,8.575717220082879066e-05,6.135415605967864394e-05
3.655411546787945554e-07,9.997244477272033691e-01,1.346947537967935205e-04,1.004876394290477037e-04,4.003943831776268780e-05
1.946533529917360283e-07,9.998366832733154297e-01,6.253537867451086640e-05,8.144126331899315119e-05,1.913243977469392121e-05
1.189330589568271535e-07,9.998984336853027344e-01,2.952272188849747181e-05,6.214839959284290671e-05,9.809625225898344070e-06
1.118312056291870249e-07,9.999296665191650391e-01,1.735937075864057988e-05,4.633326170733198524e-05,6.520936040033120662e-06
1.273932355161377927e-07,9.999343752861022949e-01,1.570741733303293586e-05,4.319698200561106205e-05,6.637436399614671245e-06
1.469224031325211399e-07,9.999274015426635742e-01,1.881845673779025674e-05,4.533317041932605207e-05,8.382474334212020040e-06
1.693650517609057715e-07,9.999293088912963867e-01,2.090467933157924563e-05,4.057721889694221318e-05,9.058051546162459999e-06
1.875848312238304061e-07,9.999411106109619141e-01,1.794625313777942210e-05,3.272205503890290856e-05,8.015947969397529960e-06
2.011810238400357775e-07,9.999513626098632812e-01,1.473811698815552518e-05,2.660269092302769423e-05,7.076377642079023644e-06
2.043084350589197129e-07,9.999575614929199219e-01,1.398035419697407633e-05,2.144806785508990288e-05,6.783203843951923773e-06
2.603341897611244349e-07,9.999510049819946289e-01,2.030944961006753147e-05,1.961794987437315285e-05,8.770385647949296981e-06
5.713220048164657783e-07,9.998702406883239746e-01,7.876037852838635445e-05,2.792405575746670365e-05,2.257331834698561579e-05
1.335556930825987365e-06,9.993323683738708496e-01,5.395775660872459412e-04,4.482015356188639998e-05,8.187971252482384443e-05
3.020988060598028824e-06,9.958922863006591797e-01,3.756097052246332169e-03,7.193310739239677787e-05,2.766383404377847910e-04
4.641686700779246166e-06,9.851492643356323242e-01,1.416291669011116028e-02,1.021491625579074025e-04,5.810334696434438229e-04
5.196534402784891427e-06,9.704293012619018555e-01,2.864448726177215576e-02,1.245060120709240437e-04,7.965706172399222851e-04
5.923500339122256264e-06,9.549496173858642578e-01,4.398052394390106201e-02,1.606380683369934559e-04,9.032855159603059292e-04
5.563600097957532853e-06,9.466786980628967285e-01,5.226879566907882690e-02,1.926581753650680184e-04,8.543225121684372425e-04
5.054529538028873503e-06,9.568690657615661621e-01,4.217745363712310791e-02,2.417952491668984294e-04,7.066043326631188393e-04
3.984560407843673602e-06,9.847561717033386230e-01,1.461585424840450287e-02,2.849209995474666357e-04,3.390392230357974768e-04
3.649098289315588772e-06,9.904106259346008301e-01,8.869720622897148132e-03,4.730688815470784903e-04,2.428527513984590769e-04
3.180500243615824729e-06,9.928086400032043457e-01,6.211901083588600159e-03,7.745864568278193474e-04,2.015725185628980398e-04
2.927095465565798804e-06,9.936147928237915039e-01,5.129351280629634857e-03,1.075647771358489990e-03,1.772887771949172020e-04
2.458680000927415676e-06,9.944608211517333984e-01,3.932796884328126907e-03,1.444005058147013187e-03,1.599222450749948621e-04
1.576013687554222997e-06,9.971960783004760742e-01,1.779441488906741142e-03,9.316122741438448429e-04,9.122094343183562160e-05
9.451686651118507143e-07,9.990013241767883301e-01,5.690401885658502579e-04,3.885021433234214783e-04,4.025165617349557579e-05
7.113621904863975942e-07,9.996200799942016602e-01,1.842613419285044074e-04,1.744463079376146197e-04,2.041088373516686261e-05
5.801198312838096172e-07,9.998247623443603516e-01,7.173614721978083253e-05,9.016170952236279845e-05,1.274095393455354497e-05
4.878697268395626452e-07,9.998967647552490234e-01,3.696666681207716465e-05,5.595870970864780247e-05,9.847464752965606749e-06
3.704176094743161229e-07,9.999316930770874023e-01,2.319460509170312434e-05,3.649869540822692215e-05,8.292183338198810816e-06
3.201185165835340740e-07,9.999448657035827637e-01,2.120837962138466537e-05,2.490226870577316731e-05,8.699063073436263949e-06
2.939665932899515610e-07,9.999490380287170410e-01,2.317103644600138068e-05,1.743975008139386773e-05,1.001598047878360376e-05
2.850009934718400473e-07,9.999441504478454590e-01,2.976979885715991259e-05,1.328033613390289247e-05,1.249101933353813365e-05
3.107130623902776279e-07,9.999234676361083984e-01,4.800706301466561854e-05,1.021143361867871135e-05,1.799425626813899726e-05
3.866410906994133256e-07,9.998689889907836914e-01,9.341019176645204425e-05,8.782346412772312760e-06,2.838795990101061761e-05
5.347505407371500041e-07,9.997261762619018555e-01,2.142904268112033606e-04,9.797835446079261601e-06,4.925996472593396902e-05
9.681816663942299783e-07,9.988549351692199707e-01,9.965682402253150940e-04,1.524670096841873601e-05,1.322620955761522055e-04
2.405387704129680060e-06,9.942118525505065918e-01,5.398753564804792404e-03,2.632771247590426356e-05,3.606578102335333824e-04
5.759273790317820385e-06,9.767459630966186523e-01,2.244553714990615845e-02,4.163661287748254836e-05,7.610747124999761581e-04
9.222894732374697924e-06,9.555791616439819336e-01,4.335181042551994324e-02,5.010847235098481178e-05,1.009727129712700844e-03
8.101585990516468883e-06,9.714791774749755859e-01,2.780553326010704041e-02,4.135488779866136611e-05,6.659062928520143032e-04
4.925580924464156851e-06,9.887696504592895508e-01,1.083949860185384750e-02,3.280495002400130033e-05,3.531594993546605110e-04
2.936075588877429254e-06,9.954911470413208008e-01,4.277721513062715530e-03,2.740015406743623316e-05,2.006978465942665935e-04
1.821066348384192679e-06,9.979134202003479004e-01,1.935529173351824284e-03,2.270566983497701585e-05,1.264644088223576546e-04
1.096949290513293818e-06,9.991023540496826172e-01,8.046282455325126648e-04,1.725413494568783790e-05,7.462844223482534289e-05
5.927063284616451710e-07,9.996958374977111816e-01,2.556730178184807301e-04,1.281493496207986027e-05,3.502401523292064667e-05
3.994625785708194599e-07,9.998652935028076172e-01,1.023765944410115480e-04,1.286447695747483522e-05,1.903935662994626909e-05
3.660030074570386205e-07,9.999089241027832031e-01,5.932956628384999931e-05,1.775763666955754161e-05,1.359887573926243931e-05
4.402813544857053785e-07,9.998923540115356445e-01,6.222893716767430305e-05,3.029217441508080810e-05,1.464747219870332628e-05
4.360429954886058113e-07,9.998520612716674805e-01,7.907074905233457685e-05,5.137519110576249659e-05,1.707142473605927080e-05
4.384113765354413772e-07,9.998264312744140625e-01,9.185068483930081129e-05,6.374579970724880695e-05,1.746141788316890597e-05
3.390721872165158857e-07,9.998914003372192383e-01,5.177102138986811042e-05,4.542119495454244316e-05,1.108817014028318226e-05
2.880485396872245474e-07,9.999335408210754395e-01,2.619047882035374641e-05,3.254211696912534535e-05,7.513801392633467913e-06
2.217802119730549748e-07,9.999580383300781250e-01,1.375041210849303752e-05,2.264313297928310931e-05,5.347651040210621431e-06
1.988988174161931966e-07,9.999682903289794922e-01,9.265113476430997252e-06,1.772486211848445237e-05,4.434673428477253765e-06
2.143138146948331269e-07,9.999727010726928711e-01,7.742908564978279173e-06,1.505368709331378341e-05,4.292956873541697860e-06
2.574757047568709822e-07,9.999721646308898926e-01,8.798265298537444323e-06,1.364023046335205436e-05,5.114642590342555195e-06
2.808997408010327490e-07,9.999721646308898926e-01,1.003895977191859856e-05,1.152357344835763797e-05,5.951716957497410476e-06
2.956241758056421531e-07,9.999706745147705078e-01,1.229109057021560147e-05,9.676616173237562180e-06,7.099684808054007590e-06
3.487116373435128480e-07,9.999618530273437500e-01,1.941966911545023322e-05,8.641127351438626647e-06,9.846441571426112205e-06
4.294166728868731298e-07,9.999505281448364258e-01,2.877062252082396299e-05,7.790134986862540245e-06,1.249558135896222666e-05
5.682903747583623044e-07,9.999284744262695312e-01,4.581394750857725739e-05,7.601596280437661335e-06,1.755693119775969535e-05
1.670962660682562273e-06,9.996933937072753906e-01,2.266682422487065196e-04,1.387642805639188737e-05,6.449517968576401472e-05
2.105580961142550223e-06,9.994331002235412598e-01,4.527031269390136003e-04,1.464247179683297873e-05,9.739317465573549271e-05
2.411828518233960494e-06,9.989709854125976562e-01,8.608682546764612198e-04,1.643895484448876232e-05,1.493446616223081946e-04
3.286082346676266752e-06,9.972143173217773438e-01,2.467113547027111053e-03,2.307117210875730962e-05,2.922089188359677792e-04
6.685495009151054546e-06,9.848127961158752441e-01,1.421708706766366959e-02,5.173637327970936894e-05,9.116888977587223053e-04
1.111146957555320114e-05,9.418773055076599121e-01,5.600981041789054871e-02,9.168160613626241684e-05,2.009988762438297272e-03
1.292608976655174047e-05,9.402532577514648438e-01,5.788220837712287903e-02,1.214120711665600538e-04,1.730206073261797428e-03
1.186431745736626908e-05,9.750744700431823730e-01,2.393441088497638702e-02,1.187748930533416569e-04,8.603618480265140533e-04
8.473975867673289031e-06,9.928908348083496094e-01,6.660304497927427292e-03,1.042757867253385484e-04,3.361030831001698971e-04
4.498456746659940109e-06,9.982076883316040039e-01,1.587747596204280853e-03,7.846941298339515924e-05,1.216666132677346468e-04
1.993735168070998043e-06,9.995320439338684082e-01,3.660925431177020073e-04,5.403775503509677947e-05,4.572394027491100132e-05
1.053396658790006768e-06,9.998156428337097168e-01,1.181133047793991864e-04,4.193608765490353107e-05,2.320763633179012686e-05
6.950008923922723625e-07,9.998986721038818359e-01,5.074958608020097017e-05,3.640379509306512773e-05,1.356826396659016609e-05
6.532148404403415043e-07,9.999163150787353516e-01,2.860013591998722404e-05,4.456743772607296705e-05,9.874804163700900972e-06
1.078151967703888658e-06,9.998719692230224609e-01,3.091733742621727288e-05,8.433500624960288405e-05,1.159932162408949807e-05
2.218951749455300160e-06,9.997213482856750488e-01,5.967218385194428265e-05,1.956126070581376553e-04,2.123201738868374377e-05
3.873376499541336671e-06,9.993575215339660645e-01,1.422650675522163510e-04,4.519033827818930149e-04,4.445308150025084615e-05
4.733849891636054963e-06,9.988003969192504883e-01,3.238535136915743351e-04,7.904647500254213810e-04,8.050189353525638580e-05
4.837097094423370436e-06,9.981847405433654785e-01,5.620358861051499844e-04,1.131720608100295067e-03,1.165774810942821205e-04
3.203226469850051217e-06,9.985288381576538086e-01,5.689503741450607777e-04,7.965789409354329109e-04,1.024495504680089653e-04
2.001855136768426746e-06,9.994106292724609375e-01,2.677243610378354788e-04,2.753299777396023273e-04,4.435525988810695708e-05
1.618488681742746849e-06,9.997474551200866699e-01,1.205602166010066867e-04,1.093572354875504971e-04,2.100610254274215549e-05
1.493644504080293700e-06,9.998646378517150879e-01,6.422340084100142121e-05,5.643542317557148635e-05,1.334825537924189121e-05
1.412490973962121643e-06,9.999130964279174805e-01,4.048522168886847794e-05,3.467494752840138972e-05,1.029347731673624367e-05
1.441436893401260022e-06,9.999301433563232422e-01,3.392452708794735372e-05,2.449268686177674681e-05,1.000544034468475729e-05
1.601983740329160355e-06,9.999330043792724609e-01,3.432681114645674825e-05,1.975773557205684483e-05,1.124775644711917266e-05
1.960787813004571944e-06,9.999252557754516602e-01,4.160485332249663770e-05,1.787519613571930677e-05,1.331674775428837165e-05
2.584182539067114703e-06,9.999060630798339844e-01,5.701398549717850983e-05,1.770486051100306213e-05,1.658352084632497281e-05
3.395347675905213691e-06,9.998799562454223633e-01,7.806656503817066550e-05,1.768120455380994827e-05,2.092717841151170433e-05
4.476024059840710834e-06,9.998334050178527832e-01,1.156392827397212386e-04,1.768548827385529876e-05,2.888653034460730851e-05
6.159466465760488063e-06,9.997673630714416504e-01,1.690374047029763460e-04,1.855154368968214840e-05,3.889748040819540620e-05
8.843135219649411738e-06,9.996311664581298828e-01,2.842777466867119074e-04,2.079525802400894463e-05,5.489505929290316999e-05
8.780327334534376860e-06,9.995359182357788086e-01,3.712025354616343975e-04,2.021879299718420953e-05,6.382396531989797950e-05
1.014183817460434511e-05,9.991662502288818359e-01,6.953190895728766918e-04,2.383187711529899389e-05,1.045097451424226165e-04
1.838266689446754754e-05,9.976323843002319336e-01,2.072003437206149101e-03,4.092874951311387122e-05,2.362949890084564686e-04
4.364070628071203828e-05,9.916574358940124512e-01,7.614446338266134262e-03,7.842129707569256425e-05,6.060512969270348549e-04
7.734802784398198128e-05,9.790974855422973633e-01,1.958032324910163879e-02,1.223097206093370914e-04,1.122515765018761158e-03
1.180699400720186532e-04,9.624143242835998535e-01,3.586273640394210815e-02,1.606134028406813741e-04,1.444234396331012249e-03
1.002352510113269091e-04,9.768388867378234863e-01,2.215073630213737488e-02,1.148088704212568700e-04,7.952900486998260021e-04
4.045828245580196381e-05,9.945398569107055664e-01,5.141764413565397263e-03,6.039101572241634130e-05,2.175178815377876163e-04
1.124454956880072132e-05,9.988381266593933105e-01,1.050031278282403946e-03,3.338803435326553881e-05,6.729547021677717566e-05
4.296683982829563320e-06,9.996069669723510742e-01,3.321071853861212730e-04,2.420470627839677036e-05,3.235708936699666083e-05
2.151539547412539832e-06,9.997838735580444336e-01,1.682085858192294836e-04,2.227380718977656215e-05,2.340829087188467383e-05
1.087216560335946269e-06,9.998794794082641602e-01,8.395848271902650595e-05,1.945379517565015703e-05,1.602005977474618703e-05
4.776688911078963429e-07,9.999462366104125977e-01,3.048908183700405061e-05,1.463912121835164726e-05,8.099524166027549654e-06
3.105705843609030126e-07,9.999662637710571289e-01,1.356914435746148229e-05,1.501158203609520569e-05,4.793896550836507231e-06
2.809182149121625116e-07,9.999666810035705566e-01,8.437759788648691028e-06,2.094660703733097762e-05,3.733208814082900062e-06
2.953857745069399243e-07,9.999573230743408203e-01,6.629914423683658242e-06,3.222125815227627754e-05,3.557750915206270292e-06
3.190977224676316837e-07,9.999386668205261230e-01,6.861244401079602540e-06,5.000664168619550765e-05,4.136721599934389815e-06
6.152594096420216374e-07,9.998497962951660156e-01,1.723903551464900374e-05,1.237348333233967423e-04,8.608029020251706243e-06
8.544450338376918808e-07,9.997658729553222656e-01,3.222580926376394928e-05,1.887531543616205454e-04,1.216286091221263632e-05
5.945502152826520614e-07,9.998838901519775391e-01,1.901280847960151732e-05,8.955584053182974458e-05,7.001730409683659673e-06
5.202372790336085018e-07,9.999400377273559570e-01,1.039500602928455919e-05,4.484495002543553710e-05,4.231744696880923584e-06
5.357051122700795531e-07,9.999594688415527344e-01,6.956749530218075961e-06,2.989902895933482796e-05,3.099638661296921782e-06
7.069905336720694322e-07,9.999635219573974609e-01,6.950018814677605405e-06,2.559578388172667474e-05,3.143518142678658478e-06
1.031527744999038987e-06,9.999603033065795898e-01,9.315198440162930638e-06,2.539310662541538477e-05,3.965511041315039620e-06
1.338294396191486157e-06,9.999563097953796387e-01,1.300774329138221219e-05,2.428704647172708064e-05,5.009607320971554145e-06
1.414355210727080703e-06,9.999568462371826172e-01,1.546821658848784864e-05,2.054875403700862080e-05,5.749269803345669061e-06
1.769850314303766936e-06,9.999503493309020996e-01,2.084559309878386557e-05,1.939486901392228901e-05,7.573484253953211010e-06
2.773531377897597849e-06,9.999274015426635742e-01,3.579387339414097369e-05,2.186756682931445539e-05,1.226861786562949419e-05
3.984549493907252327e-06,9.998989105224609375e-01,5.563996091950684786e-05,2.415192466287408024e-05,1.724099274724721909e-05
4.767794052895624191e-06,9.998760223388671875e-01,7.444306538673117757e-05,2.347204645047895610e-05,2.129398671968374401e-05
5.783766937383916229e-06,9.998477697372436523e-01,9.656017209636047482e-05,2.349710848648101091e-05,2.637737270561046898e-05
7.061007181619061157e-06,9.998229146003723145e-01,1.163108536275103688e-04,2.296781894983723760e-05,3.078952067880891263e-05
7.156726042012451217e-06,9.998096823692321777e-01,1.291695371037349105e-04,2.071566632366739213e-05,3.328582170070149004e-05
6.997591299295891076e-06,9.997910857200622559e-01,1.468111440772190690e-04,1.882689139165449888e-05,3.628618651418946683e-05
7.464620011887745932e-06,9.997467398643493652e-01,1.844763901317492127e-04,1.968194555956870317e-05,4.164641723036766052e-05
8.436126336164306849e-06,9.996641874313354492e-01,2.561721485108137131e-04,2.041524385276716202e-05,5.087310637463815510e-05
1.103200338548049331e-05,9.993392825126647949e-01,5.421222303993999958e-04,2.326560934307053685e-05,8.430476736975833774e-05
2.757847141765523702e-05,9.971402883529663086e-01,2.532068174332380295e-03,4.669269401347264647e-05,2.534071973059326410e-04
5.725766095565631986e-05,9.864073991775512695e-01,1.274029910564422607e-02,8.641008025733754039e-05,7.086115656420588493e-04
1.211102426168508828e-04,9.435582160949707031e-01,5.450405925512313843e-02,1.306442864006385207e-04,1.685999101027846336e-03
1.532870228402316570e-04,9.239513278007507324e-01,7.408338040113449097e-02,1.257158583030104637e-04,1.686361734755337238e-03
9.135648724623024464e-05,9.579786062240600586e-01,4.097514227032661438e-02,8.279007306555286050e-05,8.720054174773395061e-04
4.210684346617199481e-05,9.822982549667358398e-01,1.719999499619007111e-02,5.799135033157654107e-05,4.016832972411066294e-04
2.185839366575237364e-05,9.923790097236633301e-01,7.343463134020566940e-03,4.812391125597059727e-05,2.074200892820954323e-04
1.056819382938556373e-05,9.970738887786865234e-01,2.782611176371574402e-03,3.459188155829906464e-05,9.834649245021864772e-05
6.254840627661906183e-06,9.986414313316345215e-01,1.269708038307726383e-03,2.601247251732274890e-05,5.654306005453690886e-05
4.809190158994169906e-06,9.991350173950195312e-01,7.975888438522815704e-04,2.250127363367937505e-05,4.000569606432691216e-05
4.778664333571214229e-06,9.992423653602600098e-01,6.929948576726019382e-04,2.204988231824245304e-05,3.778513564611785114e-05
5.489487648446811363e-06,9.992299079895019531e-01,7.011539419181644917e-04,2.356456388952210546e-05,3.984710565418936312e-05
7.375445875368313864e-06,9.990063309669494629e-01,9.109501843340694904e-04,2.668964953045360744e-05,4.868732139584608376e-05
9.590933586878236383e-06,9.986237883567810059e-01,1.278293202631175518e-03,2.654475611052475870e-05,6.172688154038041830e-05
1.111488199967425317e-05,9.982389211654663086e-01,1.651092316024005413e-03,2.540301466069649905e-05,7.350416854023933411e-05
1.866113234427757561e-05,9.967826604843139648e-01,3.058036090806126595e-03,3.215345350326970220e-05,1.083880997612141073e-04
2.905523251683916897e-05,9.938452243804931641e-01,5.933021660894155502e-03,3.834855306195095181e-05,1.543801336083561182e-04
4.765550329466350377e-05,9.884077906608581543e-01,1.127865444868803024e-02,4.430364424479193985e-05,2.216439461335539818e-04
7.064735837047919631e-05,9.801454544067382812e-01,1.942887715995311737e-02,5.224732376518659294e-05,3.027330385521054268e-04
9.275250340579077601e-05,9.747079014778137207e-01,2.479479834437370300e-02,6.704973202431574464e-05,3.374689258635044098e-04
1.554350892547518015e-04,9.613301157951354980e-01,3.792207688093185425e-02,1.273611414944753051e-04,4.650460032280534506e-04
3.175378369633108377e-04,8.978476524353027344e-01,1.005416661500930786e-01,3.470209194347262383e-04,9.460926521569490433e-04
4.293129022698849440e-04,7.823516726493835449e-01,2.150386720895767212e-01,6.960701430216431618e-04,1.484361360780894756e-03
4.161507822573184967e-04,6.830844283103942871e-01,3.129696547985076904e-01,1.725010457448661327e-03,1.804707804694771767e-03
4.048242699354887009e-04,6.810694932937622070e-01,3.149532079696655273e-01,2.064241562038660049e-03,1.508134300820529461e-03
2.363387320656329393e-04,8.566361069679260254e-01,1.414215862751007080e-01,9.937704307958483696e-04,7.121792295947670937e-04
1.489530841354280710e-04,9.410639405250549316e-01,5.798999220132827759e-02,4.426637315191328526e-04,3.545033396221697330e-04
1.320290757576003671e-04,9.672957658767700195e-01,3.203424811363220215e-02,2.820899826474487782e-04,2.558254636824131012e-04
1.325219345744699240e-04,9.774958491325378418e-01,2.192734181880950928e-02,2.171473024645820260e-04,2.270316908834502101e-04
1.248579792445525527e-04,9.822854399681091309e-01,1.719962619245052338e-02,1.746122579788789153e-04,2.153995010303333402e-04
1.118862055591307580e-04,9.849658012390136719e-01,1.456609368324279785e-02,1.395545259583741426e-04,2.165638870792463422e-04
1.189911054098047316e-04,9.824522137641906738e-01,1.704707182943820953e-02,1.262972364202141762e-04,2.553893718868494034e-04
1.384683710057288408e-04,9.763136506080627441e-01,2.309546805918216705e-02,1.197769088321365416e-04,3.326546575408428907e-04
1.685427560005337000e-04,9.645891785621643066e-01,3.466176614165306091e-02,1.207888853969052434e-04,4.597955266945064068e-04
1.943020179169252515e-04,9.465910792350769043e-01,5.247551202774047852e-02,1.213047798955813050e-04,6.177659379318356514e-04
2.200386952608823776e-04,9.259307980537414551e-01,7.293255627155303955e-02,1.242271682713180780e-04,7.924033561721444130e-04
2.495977387297898531e-04,8.879463076591491699e-01,1.106304600834846497e-01,1.333864202024415135e-04,1.040253555402159691e-03
2.853430341929197311e-04,7.933540344238281250e-01,2.046858221292495728e-01,1.468426344217732549e-04,1.527951098978519440e-03
4.165084974374622107e-04,4.995137453079223633e-01,4.971966743469238281e-01,2.154128596885129809e-04,2.657550852745771408e-03
3.856561961583793163e-04,1.871155351400375366e-01,8.094378113746643066e-01,2.042173873633146286e-04,2.856779377907514572e-03
2.986741019412875175e-04,1.049300283193588257e-01,8.921999335289001465e-01,1.742695749271661043e-04,2.397140488028526306e-03
3.325252328068017960e-04,1.441797316074371338e-01,8.532803654670715332e-01,1.791080139810219407e-04,2.028243849053978920e-03
3.890716470777988434e-04,2.808071672916412354e-01,7.167874574661254883e-01,1.970329030882567167e-04,1.819227472878992558e-03
3.541740297805517912e-04,4.338397979736328125e-01,5.641756057739257812e-01,1.822873600758612156e-04,1.448060851544141769e-03
3.576403250917792320e-04,4.907557070255279541e-01,5.074598789215087891e-01,1.807584194466471672e-04,1.246078172698616982e-03
3.624992095865309238e-04,4.835248589515686035e-01,5.147352814674377441e-01,1.810425601433962584e-04,1.196334720589220524e-03
4.059248894918709993e-04,4.318139255046844482e-01,5.664035677909851074e-01,1.907005644170567393e-04,1.185808447189629078e-03
4.428478423506021500e-04,3.854686319828033447e-01,6.127403378486633301e-01,1.900458883028477430e-04,1.158063183538615704e-03
4.468498809728771448e-04,3.347189426422119141e-01,6.635032296180725098e-01,1.670363708399236202e-04,1.163823762908577919e-03
4.680285637732595205e-04,2.626831233501434326e-01,7.355554103851318359e-01,1.429995900252833962e-04,1.150466036051511765e-03
4.341407620813697577e-04,2.224107980728149414e-01,7.758799195289611816e-01,1.147155126091092825e-04,1.160288462415337563e-03
3.679755609482526779e-04,1.997521072626113892e-01,7.986290454864501953e-01,9.437761764274910092e-05,1.156542915850877762e-03
3.286913270130753517e-04,1.662230789661407471e-01,8.322436809539794922e-01,8.273466664832085371e-05,1.121817971579730511e-03
2.604875771794468164e-04,1.176009774208068848e-01,8.810189962387084961e-01,6.654673052253201604e-05,1.052912091836333275e-03
2.068645844701677561e-04,9.836191684007644653e-02,9.003675580024719238e-01,5.332365981303155422e-05,1.010290579870343208e-03
1.775568089215084910e-04,9.300065040588378906e-02,9.058557748794555664e-01,4.847143281949684024e-05,9.175206650979816914e-04
2.030688337981700897e-04,8.661130815744400024e-02,9.122363328933715820e-01,5.454047641251236200e-05,8.947746828198432922e-04
1.547944120829924941e-04,2.999765053391456604e-02,9.690676927566528320e-01,4.330971933086402714e-05,7.364937919192016125e-04
1.113011967390775681e-04,9.756543673574924469e-03,9.895122051239013672e-01,3.484620174276642501e-05,5.850011366419494152e-04
8.770691783865913749e-05,4.259006585925817490e-03,9.951833486557006836e-01,2.898756247304845601e-05,4.409835964906960726e-04
8.052100747590884566e-05,3.783809253945946693e-03,9.957542419433593750e-01,2.249648969154804945e-05,3.589040425140410662e-04
7.657984679099172354e-05,4.705473780632019043e-03,9.948756098747253418e-01,1.750082992657553405e-05,3.248194989282637835e-04
7.343389006564393640e-05,6.193746346980333328e-03,9.934128522872924805e-01,1.442877601220970973e-05,3.054925764445215464e-04
7.322793680941686034e-05,6.350862793624401093e-03,9.932679533958435059e-01,1.291559146920917556e-05,2.949822519440203905e-04
6.178089097375050187e-05,4.330755211412906647e-03,9.953171014785766602e-01,1.009036895993631333e-05,2.803039678838104010e-04
4.919151979265734553e-05,3.372893901541829109e-03,9.963172674179077148e-01,7.241114872158505023e-06,2.534881932660937309e-04
4.399275712785311043e-05,3.148222574964165688e-03,9.965646862983703613e-01,6.063729415473062545e-06,2.371345472056418657e-04
4.343546606833115220e-05,3.188901348039507866e-03,9.965274333953857422e-01,5.911920197831932455e-06,2.342907391721382737e-04
3.843206650344654918e-05,2.957481425255537033e-03,9.967694878578186035e-01,5.413211511040572077e-06,2.291591081302613020e-04
3.357700552442111075e-05,2.706958446651697159e-03,9.970338344573974609e-01,4.872153112955857068e-06,2.207960642408579588e-04
3.185380046488717198e-05,2.767572179436683655e-03,9.969786405563354492e-01,4.831306341657182202e-06,2.171636733692139387e-04
3.011158150911796838e-05,3.017110051587224007e-03,9.967300891876220703e-01,5.291320576361613348e-06,2.173414395656436682e-04
3.719450978678651154e-05,3.972120117396116257e-03,9.957417845726013184e-01,7.896068382251542062e-06,2.409621665719896555e-04
4.612160410033538938e-05,5.795633420348167419e-03,9.938685297966003418e-01,1.647436147322878242e-05,2.732597640715539455e-04
4.893389632343314588e-05,5.675384309142827988e-03,9.939520955085754395e-01,3.610733983805403113e-05,2.874227939173579216e-04
4.285211616661399603e-05,4.624719731509685516e-03,9.949808716773986816e-01,6.798199319746345282e-05,2.835272462107241154e-04
3.846844265353865921e-05,3.921559080481529236e-03,9.957057833671569824e-01,7.084781100274994969e-05,2.633802068885415792e-04
3.011695298482663929e-05,3.748267423361539841e-03,9.959651231765747070e-01,3.897482747561298311e-05,2.176031703129410744e-04
2.252663034596480429e-05,2.930975751951336861e-03,9.968445897102355957e-01,1.759984661475755274e-05,1.841889607021585107e-04
1.641922972339671105e-05,1.671629026532173157e-03,9.981530904769897461e-01,8.675741810293402523e-06,1.502473751315847039e-04
1.271900418942095712e-05,8.617434650659561157e-04,9.989929795265197754e-01,5.037263690610416234e-06,1.276250986848026514e-04
1.080301626643631607e-05,5.535188829526305199e-04,9.993166923522949219e-01,3.803505023824982345e-06,1.152422846644185483e-04
1.014336703519802541e-05,4.055783792864531279e-04,9.994765520095825195e-01,3.389588982827262953e-06,1.043781667249277234e-04
1.080827223631786183e-05,3.267320571467280388e-04,9.995619654655456543e-01,3.529902869559009559e-06,9.690306615084409714e-05
1.360694386676186696e-05,3.282380639575421810e-04,9.995583295822143555e-01,4.346561127022141591e-06,9.548354864818975329e-05
1.874925692391116172e-05,4.071531293448060751e-04,9.994654059410095215e-01,6.484453024313552305e-06,1.021881325868889689e-04
2.460231735312845558e-05,5.518253892660140991e-04,9.993019104003906250e-01,1.085378335119457915e-05,1.107959251385182142e-04
2.861516804841812700e-05,6.970240501686930656e-04,9.991393089294433594e-01,1.826229163270909339e-05,1.168521921499632299e-04
3.089063829975202680e-05,7.712785736657679081e-04,9.990481734275817871e-01,2.938951365649700165e-05,1.202680723508819938e-04
4.026974056614562869e-05,9.884946048259735107e-04,9.987645149230957031e-01,6.942456820979714394e-05,1.373602863168343902e-04
1.621708652237430215e-04,2.147760475054383278e-03,9.965801239013671875e-01,8.517266251146793365e-04,2.581377339083701372e-04
9.808236500248312950e-04,7.754186633974313736e-03,9.429140090942382812e-01,4.764022305607795715e-02,7.107885903678834438e-04
7.722346927039325237e-04,4.941328894346952438e-03,1.367039233446121216e-01,8.572527170181274414e-01,3.298163937870413065e-04
2.599580693640746176e-05,2.069774782285094261e-04,1.243412494659423828e-03,9.985143542289733887e-01,9.202459295920561999e-06
1.022296487462881487e-06,2.016914550040382892e-05,3.911050953320227563e-05,9.999390840530395508e-01,6.521069622067443561e-07
9.764589492533559678e-08,5.477626928040990606e-06,5.107341166876722127e-06,9.999891519546508789e-01,1.473364648063579807e-07
1.845434027814008004e-08,2.872408231269218959e-06,1.481708636674738955e-06,9.999955892562866211e-01,7.100740617715928238e-08
4.866002267789326652e-09,1.641436710997368209e-06,4.017257708710531006e-07,9.999978542327880859e-01,3.265062176183164411e-08
1.841249264167288402e-09,9.008684287437063176e-07,1.148914989812510612e-07,9.999989271163940430e-01,1.453188236411051548e-08
9.286307833811235923e-10,5.796077289232925978e-07,4.576448731086202315e-08,9.999993443489074707e-01,8.255951478020051582e-09
6.128598184496070189e-10,4.410705969348782673e-07,2.632754636522349756e-08,9.999995231628417969e-01,6.230279847585507014e-09
5.249191636913508319e-10,4.044358377086609835e-07,2.009602084740436112e-08,9.999996423721313477e-01,5.776471301288665927e-09
6.808835717464489790e-10,3.851924645914550638e-07,1.983142183803465741e-08,9.999996423721313477e-01,6.306774658071390149e-09
9.592807659331015202e-10,4.028728994853736367e-07,2.199904081123804644e-08,9.999996423721313477e-01,7.683206071362747025e-09
1.601445198673445702e-09,5.359304395824437961e-07,2.980151059261970659e-08,9.999995231628417969e-01,1.154757178767340520e-08
3.021029648664352862e-09,8.037201268962235190e-07,4.799380803888197988e-08,9.999990463256835938e-01,2.115207387021200702e-08
6.868749569122201137e-09,1.325075118074892089e-06,8.790599537178422906e-08,9.999985694885253906e-01,4.448151358360519225e-08
1.947769412424804614e-08,2.112151605615508743e-06,1.638372140178034897e-07,9.999976158142089844e-01,9.403203904412293923e-08
4.542411247143718356e-08,3.492583118713810109e-06,2.931247991000418551e-07,9.999958872795104980e-01,1.990360232184684719e-07
6.339195834925703821e-08,4.878946583630749956e-06,4.322846791637857677e-07,9.999942183494567871e-01,3.357392870384501293e-07
9.073501416878571035e-08,5.421023161034099758e-06,4.736313030662131496e-07,9.999936819076538086e-01,3.937145436339051230e-07
9.482648977154894965e-08,4.711375368060544133e-06,4.248167329023999628e-07,9.999943971633911133e-01,3.743949434920068597e-07
6.519374551317014266e-08,3.433291340115829371e-06,3.130493837488756981e-07,9.999958276748657227e-01,2.806207248795544729e-07
5.239583700245020736e-08,2.558639835115172900e-06,1.929522568389074877e-07,9.999969601631164551e-01,1.744993056718158186e-07
4.555469246270149597e-08,1.749214334267890081e-06,1.247263838877188391e-07,9.999979734420776367e-01,1.172808339333641925e-07
2.329005788226368168e-08,1.504799570284376387e-06,8.883776558832323644e-08,9.999982118606567383e-01,9.600395145525908447e-08
9.345481721823034604e-09,1.317997202932019718e-06,6.571572441771422746e-08,9.999985694885253906e-01,8.014044539095266373e-08
4.129375508199473188e-09,9.004518233268754557e-07,4.064884961962889065e-08,9.999989271163940430e-01,5.242692679985339055e-08
2.329862303085405983e-09,6.318285841189208440e-07,2.453940872726434463e-08,9.999993443489074707e-01,3.250304914104162890e-08
1.769175916876974952e-09,5.088043053547153249e-07,1.659536152942564513e-08,9.999995231628417969e-01,2.232447293692985113e-08
1.686440986858883662e-09,4.306400001041765790e-07,1.267261318105283863e-08,9.999995231628417969e-01,1.724663967195283476e-08
1.588028153420850686e-09,4.477798256630194373e-07,1.198775834154730546e-08,9.999995231628417969e-01,1.787036296718724770e-08
1.429517726414530898e-09,5.274158070278645027e-07,1.318804265793005470e-08,9.999995231628417969e-01,2.201994497852410859e-08
1.828628692912559472e-09,6.332491579996712971e-07,1.480654798768910041e-08,9.999993443489074707e-01,2.806816290501501499e-08
2.395311726743898362e-09,7.705851885475567542e-07,1.825249640319270839e-08,9.999991059303283691e-01,3.978621165856566222e-08
3.421173122575282832e-09,1.193908701679902151e-06,2.746349991866736673e-08,9.999986886978149414e-01,6.842822841690576752e-08
6.214435632756476480e-09,1.658582277741516009e-06,4.073119086456244986e-08,9.999982118606567383e-01,1.059301624195541081e-07
1.648026071165986650e-08,1.900743541227711830e-06,5.753646448170002259e-08,9.999978542327880859e-01,1.440983936618067673e-07
4.724513757992099272e-08,2.273009613418253139e-06,8.168990461854264140e-08,9.999973773956298828e-01,1.994601461774436757e-07
1.593384837406119914e-07,2.916370931416167878e-06,1.303097292293387000e-07,9.999965429306030273e-01,3.073462835345708299e-07
2.557706579864316154e-07,4.215757144265808165e-06,2.354912851387780393e-07,9.999947547912597656e-01,5.735171271226136014e-07
2.794160707253467990e-07,5.293410140438936651e-06,3.670701858027314302e-07,9.999933242797851562e-01,8.192212135327281430e-07
2.182895713076504762e-07,6.376327291945926845e-06,5.170080612515448593e-07,9.999917745590209961e-01,1.131144244936876930e-06
2.171331061617820524e-07,1.045755925588309765e-05,9.276930086343782023e-07,9.999860525131225586e-01,2.283301228089840151e-06
2.393491911334422184e-07,1.581945980433374643e-05,1.601297981324023567e-06,9.999778270721435547e-01,4.433781214174814522e-06
3.192066913015878526e-07,2.292468525411095470e-05,2.808597173498128541e-06,9.999653100967407227e-01,8.708327186468522996e-06
5.190702268009772524e-07,3.164297595503740013e-05,4.940027338307118043e-06,9.999464750289916992e-01,1.644746953388676047e-05
8.126739317049214151e-07,4.279196582501754165e-05,7.058496066747466102e-06,9.999265670776367188e-01,2.276125815114937723e-05
5.673946361639536917e-07,4.185589568805880845e-05,6.352576747303828597e-06,9.999330043792724609e-01,1.825993967941030860e-05
2.582131628514616750e-07,3.332136111566796899e-05,4.415455805428791791e-06,9.999505281448364258e-01,1.147629518527537584e-05
9.532190858863032190e-08,2.166651938750874251e-05,2.335808176212594844e-06,9.999704360961914062e-01,5.401407634053612128e-06
3.363216904972432530e-08,1.689891360001638532e-05,1.392936383126652800e-06,9.999785423278808594e-01,3.145836444673477672e-06
1.439024899241303501e-08,1.622479794605169445e-05,9.817640602705068886e-07,9.999804496765136719e-01,2.354503067181212828e-06
9.906575115792293218e-09,1.532463284092955291e-05,7.331577194236160722e-07,9.999819993972778320e-01,1.860757834037940484e-06
9.260488376128250820e-09,1.270868597202934325e-05,6.447045279855956323e-07,9.999849796295166016e-01,1.575675469212001190e-06
9.790264599018883018e-09,1.248833905265200883e-05,6.471531719398626592e-07,9.999853372573852539e-01,1.541872393318044487e-06
1.185381481860758868e-08,1.424651145498501137e-05,7.764993483760918025e-07,9.999830722808837891e-01,1.889492750706267543e-06
1.609751265618797333e-08,1.734072429826483130e-05,1.123192987506627105e-06,9.999786019325256348e-01,2.858670541172614321e-06
2.834236312310167705e-08,2.752652471826877445e-05,2.209036665590247139e-06,9.999639987945556641e-01,6.257817858568159863e-06
5.733084762482576480e-08,4.702763544628396630e-05,5.574695023824460804e-06,9.999268054962158203e-01,2.047277848760131747e-05
1.685524608774358057e-07,8.402945240959525108e-05,1.861566488514654338e-05,9.997872710227966309e-01,1.098959764931350946e-04
5.146227408658887725e-07,1.190778275486081839e-04,5.101331771584227681e-05,9.992601275444030762e-01,5.692545673809945583e-04
1.112012455450894777e-06,1.447110407752916217e-04,9.966010111384093761e-05,9.977436661720275879e-01,2.010786207392811775e-03
1.644203507566999178e-06,1.709781208774074912e-04,1.435411977581679821e-04,9.950036406517028809e-01,4.680294543504714966e-03
1.516870838713657577e-06,2.162285236408933997e-04,1.539547956781461835e-04,9.926911592483520508e-01,6.937060505151748657e-03
1.276387138204881921e-06,2.383109531365334988e-04,1.316916750511154532e-04,9.925943613052368164e-01,7.034334819763898849e-03
1.073330281542439479e-06,2.432430774206295609e-04,9.499082807451486588e-05,9.942066669464111328e-01,5.454094614833593369e-03
7.178945793384627905e-07,2.014856581808999181e-04,5.718235479434952140e-05,9.972254037857055664e-01,2.515202155336737633e-03
3.394831082914606668e-07,1.518153148936107755e-04,3.006773476954549551e-05,9.990241527557373047e-01,7.935581379570066929e-04
1.561620024403964635e-07,1.897535985335707664e-04,2.353859781578648835e-05,9.993225932121276855e-01,4.639173275791108608e-04
9.039075621330994181e-08,2.499497786629945040e-04,2.155506444978527725e-05,9.993791580200195312e-01,3.492816758807748556e-04
7.599319928885961417e-08,2.289221156388521194e-04,1.593111483089160174e-05,9.995566010475158691e-01,1.984203845495358109e-04
8.630824055444463738e-08,1.639468682697042823e-04,9.138127097685355693e-06,9.997416138648986816e-01,8.512210479239001870e-05
9.682024426638236037e-08,1.259059063158929348e-04,6.052786829968681559e-06,9.998215436935424805e-01,4.637008169083856046e-05
1.525276474012571271e-07,1.197778256027959287e-04,6.739305263181449845e-06,9.998276829719543457e-01,4.562710819300264120e-05
2.399031586719502229e-07,1.345880591543391347e-04,8.706566404725890607e-06,9.998011589050292969e-01,5.524556763703003526e-05
4.161850597483862657e-07,1.905749522848054767e-04,1.196476205223007128e-05,9.997243285179138184e-01,7.265758904395624995e-05
7.740063097116944846e-07,2.327014663023874164e-04,1.528905886516440660e-05,9.996658563613891602e-01,8.532082574674859643e-05
1.463252601752174087e-06,2.924291766248643398e-04,1.821171463234350085e-05,9.995926022529602051e-01,9.529860835755243897e-05
2.681807472981745377e-06,3.676849009934812784e-04,2.370191396039444953e-05,9.994840025901794434e-01,1.220005360664799809e-04
3.094729208896751516e-06,4.107560380361974239e-04,2.781983312161173671e-05,9.994199872016906738e-01,1.382920600008219481e-04
2.296885895702871494e-06,3.869253268931061029e-04,2.530817619117442518e-05,9.994673728942871094e-01,1.180627441499382257e-04
2.102318603647290729e-06,3.092006663791835308e-04,2.294955811521504074e-05,9.995677471160888672e-01,9.805524314288049936e-05
1.425789378117769957e-06,2.028309681918472052e-04,1.611218976904638112e-05,9.997176527976989746e-01,6.190987915033474565e-05
8.702660920789639931e-07,1.431327546015381813e-04,1.043924476107349619e-05,9.998105764389038086e-01,3.499279409879818559e-05
6.414932727238920052e-07,1.177987869596108794e-04,8.023963346204254776e-06,9.998506307601928711e-01,2.294222758791875094e-05
5.532216960091318469e-07,9.568509267410263419e-05,6.523529918922577053e-06,9.998811483383178711e-01,1.603308191988617182e-05
1.089952093025203794e-06,6.145217776065692306e-05,5.000862074666656554e-06,9.999231100082397461e-01,9.338350537291262299e-06
2.330396910110721365e-06,4.297673876862972975e-05,4.527887995209312066e-06,9.999434947967529297e-01,6.574700819328427315e-06
3.207252120773773640e-06,3.258690048824064434e-05,4.034983248857315630e-06,9.999551773071289062e-01,5.066111953055951744e-06
2.279222144352388568e-06,2.601520282041747123e-05,3.335552264616126195e-06,9.999641180038452148e-01,4.256348802300635725e-06
1.096608230000128970e-06,2.257857158838305622e-05,2.795031150526483543e-06,9.999697208404541016e-01,3.844891125481808558e-06
4.857665771851316094e-07,1.924692696775309741e-05,2.566443072282709181e-06,9.999737739562988281e-01,3.958924935432150960e-06
3.344325705256778747e-07,1.954094659595284611e-05,2.947831262645195238e-06,9.999721050262451172e-01,5.003452770324656740e-06
4.147958350131375482e-07,2.694614158826880157e-05,4.587088824337115511e-06,9.999595284461975098e-01,8.524846634827554226e-06
5.434468448584084399e-07,3.411464422242715955e-05,6.337297691061394289e-06,9.999471306800842285e-01,1.183684344141511247e-05
7.156763786042574793e-07,3.383622242836281657e-05,7.187896244431613013e-06,9.999449849128723145e-01,1.318933391303289682e-05
8.795441885922627989e-07,4.390319372760131955e-05,8.811885891191195697e-06,9.999281764030456543e-01,1.835950570239219815e-05
1.176712203232455067e-06,5.779166167485527694e-05,1.425645950803300366e-05,9.998868107795715332e-01,3.992820711573585868e-05
1.820694706111680716e-06,7.701540016569197178e-05,2.459065763105172664e-05,9.998040795326232910e-01,9.254909673472866416e-05
2.602119366201804951e-06,1.074854517355561256e-04,3.672988896141760051e-05,9.996718764305114746e-01,1.812854752643033862e-04
3.992125584773020819e-06,1.855482696555554867e-04,6.651772855548188090e-05,9.992773532867431641e-01,4.665183369070291519e-04
9.048942956724204123e-06,3.472659154795110226e-04,1.578914234414696693e-04,9.977754950523376465e-01,1.710223150439560413e-03
1.938362584041897207e-05,6.010631914250552654e-04,2.603586763143539429e-04,9.947240948677062988e-01,4.395036492496728897e-03
2.845293056452646852e-05,9.500735905021429062e-04,3.200859937351197004e-04,9.905976057052612305e-01,8.103782311081886292e-03
3.465646659606136382e-05,1.193224685266613960e-03,3.087012446485459805e-04,9.883326888084411621e-01,1.013071741908788681e-02
2.467054582666605711e-05,1.185968518257141113e-03,1.863985089585185051e-04,9.920283555984497070e-01,6.574557162821292877e-03
1.337326739303534850e-05,1.040891511365771294e-03,9.732660691952332854e-05,9.957426190376281738e-01,3.105784300714731216e-03
7.610576176375616342e-06,9.647705592215061188e-04,5.023636913392692804e-05,9.975489974021911621e-01,1.428389688953757286e-03
4.698520569945685565e-06,1.032187137752771378e-03,3.406906398595310748e-05,9.980434775352478027e-01,8.855090127326548100e-04
3.662458539110957645e-06,1.310082967393100262e-03,3.621652649599127471e-05,9.976795911788940430e-01,9.704054682515561581e-04
5.140216671861708164e-06,2.443923382088541985e-03,7.517754420405253768e-05,9.945427179336547852e-01,2.933003008365631104e-03
1.521716876595746726e-05,4.191068001091480255e-03,2.364834799664095044e-04,9.802798628807067871e-01,1.527742762118577957e-02
8.037998486543074250e-05,7.074856199324131012e-03,1.401839312165975571e-03,7.918149828910827637e-01,1.996279358863830566e-01
1.562982797622680664e-04,2.337749348953366280e-03,2.785487798973917961e-03,1.704641133546829224e-01,8.242563605308532715e-01
9.680081711849197745e-05,2.940040430985391140e-04,1.745092216879129410e-03,1.664166711270809174e-02,9.812223911285400391e-01
4.186012665741145611e-05,5.793381205876357853e-05,9.460402652621269226e-04,2.216912107542157173e-03,9.967373013496398926e-01
2.776708788587711751e-05,1.529763358121272177e-05,5.974276573397219181e-04,5.405530682764947414e-04,9.988189935684204102e-01
2.565377326391171664e-05,5.865046205144608393e-06,4.361956671345978975e-04,1.947502169059589505e-04,9.993374943733215332e-01
2.733456494752317667e-05,2.726651928242063150e-06,3.363148425705730915e-04,8.869593148119747639e-05,9.995450973510742188e-01
2.543171285651624203e-05,1.542545987831545062e-06,2.504305739421397448e-04,4.333285687607713044e-05,9.996793270111083984e-01
1.733409408188890666e-05,1.144489829130179714e-06,1.821994083002209663e-04,2.238881097582634538e-05,9.997770190238952637e-01
1.357011387881357223e-05,1.078112973118550144e-06,1.445059606339782476e-04,1.474555392633192241e-05,9.998261332511901855e-01
1.003276793198892847e-05,1.050980358741071541e-06,1.204844666062854230e-04,1.092615912057226524e-05,9.998576045036315918e-01
6.970968115638243034e-06,1.072858481165894773e-06,1.047261539497412741e-04,8.898012310964986682e-06,9.998783469200134277e-01
5.470600171975092962e-06,1.103020963455492165e-06,9.568582754582166672e-05,8.098179932858329266e-06,9.998896718025207520e-01
5.074380169389769435e-06,1.217933686348260380e-06,9.161745401797816157e-05,8.631193850305862725e-06,9.998933076858520508e-01
5.146534931554924697e-06,1.511428422418248374e-06,8.829303260426968336e-05,9.549379683448933065e-06,9.998954534530639648e-01
6.203330940479645506e-06,1.973557800738490187e-06,8.737572352401912212e-05,1.183953008876414970e-05,9.998925924301147461e-01
7.548276244051521644e-06,2.419453949187300168e-06,8.393454481847584248e-05,1.503256953583331779e-05,9.998911619186401367e-01
9.420069545740261674e-06,2.696422825465560891e-06,8.436235657427459955e-05,1.919673741213046014e-05,9.998843073844909668e-01
1.628047357371542603e-05,2.992531335621606559e-06,8.863961556926369667e-05,2.677607517398428172e-05,9.998651742935180664e-01
3.605403981055133045e-05,3.666166094262734987e-06,9.530051465844735503e-05,4.366564098745584488e-05,9.998213052749633789e-01
5.092878564028069377e-05,3.542248350640875287e-06,9.138228051597252488e-05,5.723380309063941240e-05,9.997968673706054688e-01
4.933979653287678957e-05,3.069568492719554342e-06,8.312678983202204108e-05,6.061512613086961210e-05,9.998039007186889648e-01
4.119040022487752140e-05,3.095842430411721580e-06,7.978588837431743741e-05,6.225511606317013502e-05,9.998137354850769043e-01
5.683825293090194464e-05,3.598703415264026262e-06,9.223850065609440207e-05,7.217636448331177235e-05,9.997750520706176758e-01
7.416259177261963487e-05,5.028537543694255874e-06,1.172982447315007448e-04,8.736239396966993809e-05,9.997162222862243652e-01
4.183869532425887883e-05,4.569750217342516407e-06,1.026269310386851430e-04,8.326301758643239737e-05,9.997677206993103027e-01
4.670640919357538223e-05,4.873649686487624422e-06,9.290371235692873597e-05,1.097155400202609599e-04,9.997457861900329590e-01
5.842601603944785893e-05,5.704207069356925786e-06,9.400214185006916523e-05,1.544522965559735894e-04,9.996874332427978516e-01
1.211271082866005599e-04,7.065614681778242812e-06,1.014883819152601063e-04,2.406473067821934819e-04,9.995296001434326172e-01
1.322591453790664673e-01,1.839257492974866182e-05,2.237016742583364248e-04,4.893074510619044304e-04,8.670094609260559082e-01
