1.949830912053585052e-02,6.464692950248718262e-01,1.540462523698806763e-01,6.482787430286407471e-02,1.151582524180412292e-01
1.961885020136833191e-03,7.739378809928894043e-01,1.269531399011611938e-01,9.489490650594234467e-03,8.765758574008941650e-02
5.960536072961986065e-04,6.973975300788879395e-01,1.697287410497665405e-01,2.358440542593598366e-03,1.299192309379577637e-01
2.234285639133304358e-04,6.728851795196533203e-01,1.853328794240951538e-01,7.002939237281680107e-04,1.408583223819732666e-01
1.325411431025713682e-04,7.458271980285644531e-01,1.469491273164749146e-01,2.294563018949702382e-04,1.068616136908531189e-01
7.727414777036756277e-05,8.183552026748657227e-01,1.044692248106002808e-01,1.080657675629481673e-04,7.699009031057357788e-02
5.700371184502728283e-05,8.720493912696838379e-01,7.866268604993820190e-02,6.983148341532796621e-05,4.916108399629592896e-02
4.693646042142063379e-05,9.239927530288696289e-01,4.565157741308212280e-02,5.685164433089084923e-05,3.025187738239765167e-02
2.824039438564796001e-05,9.683309197425842285e-01,1.775399595499038696e-02,4.441447890712879598e-05,1.384246069937944412e-02
1.584514211572241038e-05,9.833115935325622559e-01,8.608026430010795593e-03,4.278090636944398284e-05,8.021696470677852631e-03
8.030891876842360944e-06,9.919831156730651855e-01,3.882134333252906799e-03,3.566364466678351164e-05,4.091021604835987091e-03
4.151553639530902728e-06,9.958784580230712891e-01,1.916337409056723118e-03,2.999730531882960349e-05,2.171022817492485046e-03
2.542913080105790868e-06,9.976916909217834473e-01,1.057530753314495087e-03,2.237907756352797151e-05,1.225788728334009647e-03
1.510205152044363786e-06,9.989603757858276367e-01,4.571553145069628954e-04,1.626135599508415908e-05,5.646861973218619823e-04
1.031844590215769131e-06,9.994708299636840820e-01,2.229953679488971829e-04,1.190543753182282671e-05,2.931395138148218393e-04
6.818254973950388376e-07,9.996932744979858398e-01,1.225081796292215586e-04,9.024716746353078634e-06,1.745460031088441610e-04
1.144533484875864815e-06,9.995546936988830566e-01,1.654796651564538479e-04,1.626005359867122024e-05,2.624502521939575672e-04
1.087018517864635214e-06,9.995827078819274902e-01,1.489167188992723823e-04,1.566566425026394427e-05,2.516690874472260475e-04
8.203430752473650500e-07,9.997100234031677246e-01,9.922821482177823782e-05,1.238132608705200255e-05,1.774723205016925931e-04
6.546136432916682679e-07,9.998003244400024414e-01,6.569200922967866063e-05,9.765316463017370552e-06,1.235748059116303921e-04
4.647349669539835304e-07,9.998783469200134277e-01,3.800000558840110898e-05,6.598777872568462044e-06,7.672794890822842717e-05
3.655351861198141705e-07,9.999082088470458984e-01,2.641916398715693504e-05,6.154610218800371513e-06,5.880882599740289152e-05
2.530448455217992887e-07,9.999372959136962891e-01,1.733258795866277069e-05,4.792497747985180467e-06,4.033581353724002838e-05
1.791953820884373272e-07,9.999525547027587891e-01,1.236734169651754200e-05,4.058776539750397205e-06,3.079122325289063156e-05
1.391437933762063039e-07,9.999615550041198730e-01,9.403742296854034066e-06,3.987848685937933624e-06,2.500857954146340489e-05
1.188333982327094418e-07,9.999654293060302734e-01,8.389104550587944686e-06,3.940388978662667796e-06,2.210043021477758884e-05
1.051878228963687434e-07,9.999727010726928711e-01,6.201917130965739489e-06,3.816516255028545856e-06,1.721743137750308961e-05
9.026257430377881974e-08,9.999818801879882812e-01,3.550466772139770910e-06,3.487547473923768848e-06,1.106874060496920720e-05
7.656716860537926550e-08,9.999879598617553711e-01,1.958031589310849085e-06,3.368616489751730114e-06,6.715713880112161860e-06
6.050829171044824761e-08,9.999904632568359375e-01,1.281228946936607827e-06,3.286953869974240661e-06,4.853732207266148180e-06
6.407610442238365067e-08,9.999898672103881836e-01,1.377609123665024526e-06,3.491327788651688024e-06,5.235483058640966192e-06
7.409560254245661781e-08,9.999879598617553711e-01,1.828246126933663618e-06,3.709806151164229959e-06,6.462475084845209494e-06
9.599022376960419933e-08,9.999842643737792969e-01,2.809765192068880424e-06,4.461363914742833003e-06,8.463065569230820984e-06
1.054739158234951901e-07,9.999806880950927734e-01,4.288975105737335980e-06,4.741417797049507499e-06,1.018910916172899306e-05
1.197809638142643962e-07,9.999775290489196777e-01,5.697938831872306764e-06,5.706955107598332688e-06,1.081916161638218910e-05
1.736412116315477761e-07,9.999678134918212891e-01,8.384257853322196752e-06,9.550827599014155567e-06,1.405456168868113309e-05
2.319471406053708051e-07,9.999508857727050781e-01,1.206040815304731950e-05,1.843338577600661665e-05,1.830710607464425266e-05
2.035973238889710046e-07,9.999521374702453613e-01,1.138967854785732925e-05,2.136874900315888226e-05,1.499874542787438259e-05
1.403513891773400246e-07,9.999622106552124023e-01,9.516577847534790635e-06,1.693713602435309440e-05,1.116707153414608911e-05
1.102973143929375510e-07,9.999678134918212891e-01,8.907937626645434648e-06,1.307689944951562211e-05,1.008385606837691739e-05
8.037542187366852886e-08,9.999744892120361328e-01,7.285432729986496270e-06,9.346664228360168636e-06,8.882234396878629923e-06
5.814865389197620971e-08,9.999810457229614258e-01,4.606798938766587526e-06,7.361609277722891420e-06,6.948003829165827483e-06
5.659012103365057555e-08,9.999849796295166016e-01,2.727530954871326685e-06,6.749879958078963682e-06,5.438727384898811579e-06
8.019090813604634604e-08,9.999817609786987305e-01,2.792236500681610778e-06,8.512677595717832446e-06,6.925591151230037212e-06
1.810776950605941238e-07,9.999642372131347656e-01,6.049774128769058734e-06,1.391730074828956276e-05,1.559569318487774581e-05
3.477286725228623254e-07,9.999344348907470703e-01,1.256445921171689406e-05,2.058580503216944635e-05,3.197926344000734389e-05
5.152410267328377813e-07,9.999037981033325195e-01,2.066231354547198862e-05,2.644971755216829479e-05,4.852679558098316193e-05
5.724051561628584750e-07,9.998931884765625000e-01,2.267559102619998157e-05,3.017263952642679214e-05,5.333774970495142043e-05
5.381624532674322836e-07,9.999008178710937500e-01,2.015511017816606909e-05,2.879208477679640055e-05,4.967913628206588328e-05
4.894387757303775288e-07,9.999125003814697266e-01,1.683099253568798304e-05,2.554727871029172093e-05,4.461728167370893061e-05
5.308189088282233570e-07,9.999199509620666504e-01,1.551608693262096494e-05,2.254522041766904294e-05,4.137409996474161744e-05
5.500389761436963454e-07,9.999321699142456055e-01,1.391775276715634391e-05,1.804323073884006590e-05,3.536782242008484900e-05
8.949018024395627435e-07,9.998717308044433594e-01,2.676961594261229038e-05,3.083365663769654930e-05,6.973737617954611778e-05
6.529651273012859747e-07,9.998785257339477539e-01,2.727342507569119334e-05,2.835714258253574371e-05,6.521542672999203205e-05
4.181842712114303140e-07,9.999308586120605469e-01,1.698501546343322843e-05,1.540083212603349239e-05,3.634160020737908781e-05
3.084903710259823129e-07,9.999549388885498047e-01,1.135321963374735788e-05,1.064513071469264105e-05,2.272958772664424032e-05
2.885263654661684996e-07,9.999545812606811523e-01,1.073299063136801124e-05,1.151719152403529733e-05,2.283043431816622615e-05
2.523240709706442431e-07,9.999592304229736328e-01,9.285485248256009072e-06,9.855187272478360683e-06,2.129810854967217892e-05
2.225788051646304666e-07,9.999686479568481445e-01,6.667285560979507864e-06,7.946258847368881106e-06,1.642673123569693416e-05
3.026644321835192386e-07,9.999696016311645508e-01,5.659082944475812837e-06,9.143165698333177716e-06,1.524943490949226543e-05
3.706172719830647111e-07,9.999674558639526367e-01,5.396660526457708329e-06,1.050822538672946393e-05,1.631429404369555414e-05
3.805422181812900817e-07,9.999632835388183594e-01,5.837168373545864597e-06,1.129480460804188624e-05,1.923012132465373725e-05
2.908286944602878066e-07,9.999648928642272949e-01,5.586617135122651234e-06,1.033042281051166356e-05,1.877221075119450688e-05
2.039416813204297796e-07,9.999688863754272461e-01,4.842589078180026263e-06,8.788696504780091345e-06,1.727611561364028603e-05
1.651503822586164461e-07,9.999688267707824707e-01,4.614643330569379032e-06,8.910928954719565809e-06,1.750094452290795743e-05
1.466781043291121023e-07,9.999689459800720215e-01,3.997230578534072265e-06,1.043414886225946248e-05,1.631245686439797282e-05
1.254883130741291097e-07,9.999704360961914062e-01,3.083837327721994370e-06,1.282985340367304161e-05,1.343295934930210933e-05
9.325685823569074273e-08,9.999748468399047852e-01,2.249958924949169159e-06,1.283597339352127165e-05,9.949036211764905602e-06
1.332982009216721053e-07,9.999586939811706543e-01,3.838549218926345930e-06,2.031826443271711469e-05,1.702408189885318279e-05
7.193656159643069259e-08,9.999736547470092773e-01,2.891865506171598099e-06,1.237029118783539161e-05,1.097098447644384578e-05
4.178842516466829693e-08,9.999842643737792969e-01,1.850259195634862408e-06,7.531722985731903464e-06,6.282268714130623266e-06
2.905568585731543862e-08,9.999902248382568359e-01,1.160034344138693996e-06,4.775908109877491370e-06,3.784678710871958174e-06
2.512120111930471467e-08,9.999920129776000977e-01,9.627779036236461252e-07,3.833555638266261667e-06,3.197186742909252644e-06
2.297647938576119486e-08,9.999923706054687500e-01,9.861528269539121538e-07,3.303162429801886901e-06,3.257234084230731241e-06
2.579209024133888306e-08,9.999917745590209961e-01,1.208228695759316906e-06,2.992183226524502970e-06,3.991939138359157369e-06
3.034573481386360072e-08,9.999911785125732422e-01,1.455147867091000080e-06,2.557415200499235652e-06,4.802956937055569142e-06
3.666487558007247571e-08,9.999903440475463867e-01,1.748887257235764991e-06,2.285904884047340602e-06,5.630846771964570507e-06
7.835973292458220385e-08,9.999783635139465332e-01,4.099572379345772788e-06,3.985791863669874147e-06,1.342670839221682400e-05
9.120975619225646369e-08,9.999740719795227051e-01,5.485170277097495273e-06,4.261104550096206367e-06,1.603166128916200250e-05
9.964094971337544848e-08,9.999713897705078125e-01,6.579166438314132392e-06,4.390592948766425252e-06,1.752307434799149632e-05
1.056583514014164393e-07,9.999721646308898926e-01,6.678797490167198703e-06,4.035306574223795906e-06,1.694230559223797172e-05
1.005276502041851927e-07,9.999751448631286621e-01,5.811057235405314714e-06,3.795091515712556429e-06,1.504712781752459705e-05
1.034837922020415135e-07,9.999740123748779297e-01,5.978642093396047130e-06,3.891623236995656043e-06,1.601781332283280790e-05
1.057018863548364607e-07,9.999715089797973633e-01,7.019213171588489786e-06,3.699754188346560113e-06,1.771306779119186103e-05
1.302612844256145763e-07,9.999653100967407227e-01,9.231633157469332218e-06,3.729511490746517666e-06,2.159975883841980249e-05
1.643251152927405201e-07,9.999586343765258789e-01,1.184548182209255174e-05,4.465824986255029216e-06,2.496273373253643513e-05
2.186596077535796212e-07,9.999488592147827148e-01,1.549467560835182667e-05,5.699944267689716071e-06,2.965373823826666921e-05
2.703912116430728929e-07,9.999377131462097168e-01,2.012844743148889393e-05,7.124101557565154508e-06,3.472256503300741315e-05
3.219892903416621266e-07,9.999292492866516113e-01,2.350772956560831517e-05,8.525578778062481433e-06,3.837793337879702449e-05
3.422664747176895617e-07,9.999304413795471191e-01,2.278764804941602051e-05,8.915272701415233314e-06,3.738797749974764884e-05
3.610558110267447773e-07,9.999303817749023438e-01,2.268727257614955306e-05,9.025827239383943379e-06,3.744988862308673561e-05
3.936034431717416737e-07,9.999237060546875000e-01,2.523842522350605577e-05,9.445554496778640896e-06,4.119602090213447809e-05
4.149561050326155964e-07,9.999179244041442871e-01,2.805265648930799216e-05,9.877026059257332236e-06,4.371347313281148672e-05
4.180032533440680709e-07,9.999198913574218750e-01,2.833878534147515893e-05,9.286414751841221005e-06,4.208010795991867781e-05
4.874660248788131867e-07,9.999172687530517578e-01,2.960090023407246917e-05,9.152990060101728886e-06,4.341082239989191294e-05
9.160941090158303268e-07,9.998514056205749512e-01,5.274093928164802492e-05,1.573212284711189568e-05,7.922525401227176189e-05
1.012118559629016090e-06,9.998205900192260742e-01,6.563583883689716458e-05,1.784036976459901780e-05,9.479797881795093417e-05
9.889282637232099660e-07,9.998059272766113281e-01,7.447032839991152287e-05,1.835253897297661752e-05,1.001847849693149328e-04
8.351646556548075750e-07,9.998008608818054199e-01,8.150552457664161921e-05,1.816744588722940534e-05,9.872444206848740578e-05
6.722458465446834452e-07,9.998101592063903809e-01,8.111655915854498744e-05,1.789535781426820904e-05,9.019008575705811381e-05
6.830953225289704278e-07,9.997954368591308594e-01,9.062558092409744859e-05,1.856196649896446615e-05,9.463510650675743818e-05
8.578898587074945681e-07,9.997497200965881348e-01,1.156603393610566854e-04,2.068990033876616508e-05,1.130804594140499830e-04
9.792281616682885215e-07,9.997583031654357910e-01,1.071587539627216756e-04,2.104608574882149696e-05,1.124184273066930473e-04
9.572891030984465033e-07,9.998148679733276367e-01,7.432020356645807624e-05,2.177699752792250365e-05,8.797985356068238616e-05
6.730739983140665572e-07,9.998852014541625977e-01,3.814884621533565223e-05,2.319588929822202772e-05,5.275612784316763282e-05
3.720220149716624292e-07,9.999289512634277344e-01,1.752900789142586291e-05,2.416095594526268542e-05,2.893533383030444384e-05
2.002400378842139617e-07,9.999527931213378906e-01,8.019725100893992931e-06,2.355881224502809346e-05,1.538334981887601316e-05
1.242639484644314507e-07,9.999643564224243164e-01,3.975128493038937449e-06,2.288170071551576257e-05,8.658556907903403044e-06
9.564590897070956999e-08,9.999691843986511230e-01,2.521512442399398424e-06,2.234356907138135284e-05,5.860612418473465368e-06
8.833930564833281096e-08,9.999729394912719727e-01,2.034600129263708368e-06,2.026697984547354281e-05,4.692193670052802190e-06
8.592830624820635421e-08,9.999736547470092773e-01,1.560514760967635084e-06,2.072527058771811426e-05,3.928618298232322559e-06
1.162081204597598116e-07,9.999644756317138672e-01,1.810876142371853348e-06,2.877888073271606117e-05,4.882228040514746681e-06
1.746752928966088803e-07,9.999532699584960938e-01,2.919685130109428428e-06,3.594671579776331782e-05,7.643715434824116528e-06
2.042947926383931190e-07,9.999480843544006348e-01,3.759676701520220377e-06,3.835931056528352201e-05,9.585346560925245285e-06
3.130872983092558570e-07,9.999382495880126953e-01,5.748189778387313709e-06,4.200541297905147076e-05,1.377436456095892936e-05
5.071566988590348046e-07,9.999145269393920898e-01,1.130508553615072742e-05,4.811674807569943368e-05,2.547404801589436829e-05
8.272409104392863810e-07,9.998603463172912598e-01,3.183002263540402055e-05,4.923159576719626784e-05,5.785982284578494728e-05
1.234628825841355138e-06,9.997167587280273438e-01,9.539353050058707595e-05,5.256623626337386668e-05,1.340404560323804617e-04
1.682090555732429493e-06,9.994861483573913574e-01,2.119886776199564338e-04,5.868831067346036434e-05,2.414378686808049679e-04
2.423758587610791437e-06,9.992445111274719238e-01,3.510544192977249622e-04,6.461184239014983177e-05,3.374687512405216694e-04
2.894495082728099078e-06,9.992797374725341797e-01,3.501770261209458113e-04,6.365722219925373793e-05,3.035094996448606253e-04
3.298280034869094379e-06,9.993718266487121582e-01,3.084237687289714813e-04,6.813055370002985001e-05,2.482768031768500805e-04
3.015366701220045798e-06,9.994500279426574707e-01,2.766723628155887127e-04,6.868115451652556658e-05,2.016775106312707067e-04
3.184330353178665973e-06,9.993876218795776367e-01,3.287878935225307941e-04,7.522681698901578784e-05,2.051743213087320328e-04
3.261234496676479466e-06,9.993107318878173828e-01,3.904268378391861916e-04,8.097087265923619270e-05,2.145180042134597898e-04
3.866080987791065127e-06,9.990897178649902344e-01,5.510297487489879131e-04,8.673520642332732677e-05,2.687001833692193031e-04
4.104689651285298169e-06,9.988098740577697754e-01,7.765564369037747383e-04,8.158266427926719189e-05,3.278119838796555996e-04
4.181087206234224141e-06,9.985999464988708496e-01,9.488010546192526817e-04,7.686651952099055052e-05,3.702122776303440332e-04
4.254904069966869429e-06,9.986477494239807129e-01,9.082030155695974827e-04,8.280641486635431647e-05,3.569234395399689674e-04
4.460436684894375503e-06,9.987815618515014648e-01,7.528925780206918716e-04,1.102711830753833055e-04,3.507276414893567562e-04
4.555273790174396709e-06,9.989473223686218262e-01,5.912343622185289860e-04,1.401948247803375125e-04,3.167674876749515533e-04
4.038197403133381158e-06,9.992142915725708008e-01,4.071822622790932655e-04,1.604923018021509051e-04,2.140259457519277930e-04
3.743169372683041729e-06,9.994347691535949707e-01,2.600336156319826841e-04,1.652929204283282161e-04,1.362047914881259203e-04
5.269379926176043227e-06,9.994039535522460938e-01,2.582815650384873152e-04,2.099577686749398708e-04,1.225322484970092773e-04
8.264189091278240085e-06,9.992433786392211914e-01,3.343734424561262131e-04,2.675120194908231497e-04,1.464231318095698953e-04
9.664221579441800714e-06,9.990835189819335938e-01,4.453264700714498758e-04,2.734339213930070400e-04,1.880834606708958745e-04
9.353084351459983736e-06,9.989640712738037109e-01,5.655967397615313530e-04,2.280850894749164581e-04,2.329268318135291338e-04
9.219482308253645897e-06,9.987392425537109375e-01,7.568022119812667370e-04,2.037539961747825146e-04,2.909639733843505383e-04
8.239760973083321005e-06,9.985417127609252930e-01,9.282979881390929222e-04,1.750095398165285587e-04,3.467572678346186876e-04
8.698814781382679939e-06,9.982840418815612793e-01,1.129067619331181049e-03,1.431716664228588343e-04,4.350119270384311676e-04
1.094473282137187198e-05,9.979271888732910156e-01,1.389875193126499653e-03,1.485174725530669093e-04,5.234807613305747509e-04
1.343595704383915290e-05,9.976084828376770020e-01,1.633136300370097160e-03,1.816977601265534759e-04,5.632799584418535233e-04
1.497960511187557131e-05,9.976860284805297852e-01,1.595262787304818630e-03,2.002342371270060539e-04,5.034999339841306210e-04
1.623778553039301187e-05,9.979631304740905762e-01,1.364138908684253693e-03,2.104021550621837378e-04,4.460428608581423759e-04
1.346261069556931034e-05,9.985436201095581055e-01,9.001548169180750847e-04,1.875740272225812078e-04,3.552013367880135775e-04
1.152947697846684605e-05,9.989959597587585449e-01,5.610882071778178215e-04,1.691967481747269630e-04,2.622260944917798042e-04
1.029693248710827902e-05,9.991558194160461426e-01,4.221218696329742670e-04,1.789319940144196153e-04,2.328484406461939216e-04
9.327181032858788967e-06,9.993086457252502441e-01,3.349489124957472086e-04,1.391165569657459855e-04,2.078828692901879549e-04
7.059398285491624847e-06,9.995189905166625977e-01,2.121735451510176063e-04,9.735027560964226723e-05,1.644772855797782540e-04
4.975839146936777979e-06,9.996367096900939941e-01,1.462797954445704818e-04,7.793735130690038204e-05,1.341405877610668540e-04
4.044325578433927149e-06,9.996788501739501953e-01,1.293839304707944393e-04,6.336298247333616018e-05,1.242895086761564016e-04
2.507979161237017252e-06,9.997289776802062988e-01,1.002514036372303963e-04,5.496284575201570988e-05,1.133402256527915597e-04
1.529018732071563136e-06,9.997709393501281738e-01,8.058708044700324535e-05,4.828655801247805357e-05,9.872623923001810908e-05
1.418560373167565558e-06,9.997521042823791504e-01,8.517838432453572750e-05,5.270780093269422650e-05,1.086109841708093882e-04
9.161578873317921534e-07,9.997932910919189453e-01,6.889974611112847924e-05,4.424723374540917575e-05,9.260065417038276792e-05
6.574440476470044814e-07,9.998214840888977051e-01,5.796448022010736167e-05,3.994728831457905471e-05,8.000349043868482113e-05
5.051033440395258367e-07,9.998374581336975098e-01,5.133415106683969498e-05,3.496904537314549088e-05,7.580302190035581589e-05
3.775552670504112029e-07,9.998604059219360352e-01,4.149544838583096862e-05,3.170846684952266514e-05,6.604995724046602845e-05
3.334857012760039652e-07,9.998738765716552734e-01,3.516380820656195283e-05,3.104707866441458464e-05,5.956495442660525441e-05
3.021436043582070852e-07,9.998852014541625977e-01,3.068302976316772401e-05,3.021006887138355523e-05,5.364259777707047760e-05
3.518994162732269615e-07,9.998781681060791016e-01,3.266341082053259015e-05,3.181600186508148909e-05,5.701099507859908044e-05
4.824512416234938428e-07,9.998550415039062500e-01,4.067702684551477432e-05,3.733994162757880986e-05,6.645071698585525155e-05
7.060976940920227207e-07,9.998060464859008789e-01,6.139389006420969963e-05,4.266938049113377929e-05,8.916986553231254220e-05
1.199513462779577821e-06,9.997186660766601562e-01,9.826437599258497357e-05,4.641467967303469777e-05,1.355248095933347940e-04
1.719497390695323702e-06,9.996080398559570312e-01,1.435644808225333691e-04,5.162473826203495264e-05,1.950667647179216146e-04
1.690541694188141264e-06,9.995663762092590332e-01,1.659799017943441868e-04,5.549009802052751184e-05,2.103957522194832563e-04
1.835184548326651566e-06,9.995393157005310059e-01,1.943585375556722283e-04,5.914432767895050347e-05,2.053559728665277362e-04
2.225638354502734728e-06,9.995309710502624512e-01,2.114542003255337477e-04,6.224044773261994123e-05,1.930622529471293092e-04
2.511837692509288900e-06,9.995465874671936035e-01,2.012801560340449214e-04,6.823029980296269059e-05,1.813309645513072610e-04
2.549184955569216982e-06,9.995489120483398438e-01,2.004929556278511882e-04,6.936190038686618209e-05,1.786922221072018147e-04
3.077808287343941629e-06,9.994979500770568848e-01,2.285671798745170236e-04,7.298350828932598233e-05,1.974237675312906504e-04
3.099292598562897183e-06,9.994463324546813965e-01,2.573042875155806541e-04,7.280700083356350660e-05,2.204964257543906569e-04
3.458503442743676715e-06,9.993417859077453613e-01,3.020873118657618761e-04,7.466703391401097178e-05,2.779536880552768707e-04
3.243669198127463460e-06,9.992961883544921875e-01,3.131313715130090714e-04,7.653880311409011483e-05,3.108240780420601368e-04
2.991954943354357965e-06,9.993323683738708496e-01,3.033861867152154446e-04,6.886853952892124653e-05,2.924205036833882332e-04
2.716078597586601973e-06,9.994439482688903809e-01,2.575620892457664013e-04,5.007274012314155698e-05,2.457353693898767233e-04
2.435076567053329200e-06,9.995551705360412598e-01,2.008912560995668173e-04,3.739179010153748095e-05,2.040659164777025580e-04
2.074285930575570092e-06,9.996641874313354492e-01,1.377627631882205606e-04,2.875597419915720820e-05,1.672156649874523282e-04
1.719641772979230154e-06,9.997296929359436035e-01,1.032045402098447084e-04,2.283568028360605240e-05,1.424294605385512114e-04
1.413170025443832856e-06,9.997792840003967285e-01,7.992022437974810600e-05,1.955321204150095582e-05,1.198475220007821918e-04
1.130548980654566549e-06,9.998619556427001953e-01,4.727991472464054823e-05,1.598440940142609179e-05,7.360363088082522154e-05
1.197038272948702797e-06,9.998935461044311523e-01,3.369244950590655208e-05,1.723044078971724957e-05,5.426301504485309124e-05
1.476906277275702450e-06,9.998757839202880859e-01,3.846844265353865921e-05,2.086313543259166181e-05,6.337869126582518220e-05
1.918556336022447795e-06,9.998371601104736328e-01,5.424537084763869643e-05,2.416775532765313983e-05,8.240158786065876484e-05
1.734197098812728655e-06,9.998056292533874512e-01,6.710698653478175402e-05,2.242905247840099037e-05,1.031151041388511658e-04
1.294730395784426946e-06,9.998013377189636230e-01,6.831344217061996460e-05,1.988174881262239069e-05,1.092240345315076411e-04
8.922225447349774186e-07,9.998369216918945312e-01,5.331288411980494857e-05,1.643900213821325451e-05,9.243063686881214380e-05
6.815206461396883242e-07,9.998692274093627930e-01,4.044416346005164087e-05,1.469924882258055732e-05,7.492181612178683281e-05
5.578622790380904917e-07,9.998890161514282227e-01,3.242962702643126249e-05,1.413488917023641989e-05,6.381726416293531656e-05
5.300444172462448478e-07,9.998994469642639160e-01,2.807125747494865209e-05,1.490514750912552699e-05,5.697979213437065482e-05
5.249995638223481365e-07,9.999044537544250488e-01,2.513679100957233459e-05,1.697640072961803526e-05,5.302194040268659592e-05
5.035387857788009569e-07,9.999085664749145508e-01,2.396600757492706180e-05,1.961129055416677147e-05,4.727085251943208277e-05
4.355949556611449225e-07,9.999277591705322266e-01,1.810095091059338301e-05,1.681263893260620534e-05,3.684088369482196867e-05
3.541506998772092629e-07,9.999417662620544434e-01,1.423639241693308577e-05,1.364494073641253635e-05,3.000500328198540956e-05
3.441278124682867201e-07,9.999483823776245117e-01,1.307136426476063207e-05,1.132088073063641787e-05,2.690557266760151833e-05
2.315764788818341913e-07,9.999573230743408203e-01,1.195119057229021564e-05,9.230805517290718853e-06,2.135208524123299867e-05
1.829014451004695729e-07,9.999635219573974609e-01,1.042521671479335055e-05,7.069045295793330297e-06,1.877856630017049611e-05
1.726438796367801842e-07,9.999653100967407227e-01,9.534501259622629732e-06,5.938506546954158694e-06,1.901333598652854562e-05
1.283608241919864668e-07,9.999721646308898926e-01,6.894867965456796810e-06,5.455720383906736970e-06,1.531145608169026673e-05
8.960833497440034989e-08,9.999750852584838867e-01,5.599060841632308438e-06,5.260266789264278486e-06,1.396356583427404985e-05
6.374916239337835577e-08,9.999771714210510254e-01,4.782370979228289798e-06,4.885422640654724091e-06,1.320880710409255698e-05
4.982824108878958214e-08,9.999791979789733887e-01,3.912925421900581568e-06,4.873654233961133286e-06,1.184918801300227642e-05
4.043550205778956297e-08,9.999825954437255859e-01,2.876179905797471292e-06,4.947839897795347497e-06,9.466069968766532838e-06
3.248495161756181915e-08,9.999858140945434570e-01,2.029468532782630064e-06,4.950289621774572879e-06,7.093748990882886574e-06
3.211242827205751382e-08,9.999870061874389648e-01,1.741442929414915852e-06,5.197867722017690539e-06,5.945953489572275430e-06
3.835058137724445260e-08,9.999868869781494141e-01,1.862799763330258429e-06,5.281600806483766064e-06,6.007390766171738505e-06
4.742100401244897512e-08,9.999864697456359863e-01,1.942947619681945071e-06,5.475913894770201296e-06,5.975923158985096961e-06
5.554194970613934856e-08,9.999861717224121094e-01,2.095374838972929865e-06,5.669448910339269787e-06,5.909467745368601754e-06
7.592350925733626354e-08,9.999849796295166016e-01,2.414760501778800972e-06,6.589351869479287416e-06,6.023936293786391616e-06
1.130494453605024319e-07,9.999815225601196289e-01,2.952763452412909828e-06,8.535104825568851084e-06,6.803267751820385456e-06
1.895878085633739829e-07,9.999721050262451172e-01,4.421751327754464000e-06,1.315166537096956745e-05,1.012441498460248113e-05
2.988360563449532492e-07,9.999579191207885742e-01,8.396484190598130226e-06,1.593148044776171446e-05,1.740738116495776922e-05
4.966885285284661222e-07,9.999389648437500000e-01,1.608631828275974840e-05,1.524563958810176700e-05,2.914473225246183574e-05
1.068067490450630430e-06,9.998524785041809082e-01,4.533334140432998538e-05,2.604032306408043951e-05,7.520458166254684329e-05
1.170832092611817643e-06,9.997698664665222168e-01,8.014003105927258730e-05,2.914239848905708641e-05,1.195991935674101114e-04
1.413000290995114483e-06,9.996806979179382324e-01,1.214805160998366773e-04,3.180741623509675264e-05,1.645254669710993767e-04
1.607450144547328819e-06,9.996003508567810059e-01,1.680262939771637321e-04,2.879834755731280893e-05,2.011406613746657968e-04
1.743288976285839453e-06,9.995465874671936035e-01,2.000904933083802462e-04,2.864670568669680506e-05,2.229587989859282970e-04
1.706368379927880596e-06,9.995535016059875488e-01,2.041681145783513784e-04,2.799829417199362069e-05,2.126388426404446363e-04
1.756432311594835483e-06,9.995755553245544434e-01,1.899678027257323265e-04,2.981386569445021451e-05,2.029191964538767934e-04
1.831656277317961212e-06,9.996141791343688965e-01,1.705525792203843594e-04,3.209389615221880376e-05,1.813705603126436472e-04
1.751436002450645901e-06,9.997041225433349609e-01,1.254083472304046154e-04,2.856252103811129928e-05,1.401230401825159788e-04
1.449597903047106229e-06,9.997838139533996582e-01,8.660915045766159892e-05,2.159339601348619908e-05,1.066071054083295166e-04
1.226878680427034851e-06,9.998349547386169434e-01,6.323416164377704263e-05,1.800718382582999766e-05,8.256795263150706887e-05
9.926606026056106202e-07,9.998698234558105469e-01,4.623253335012122989e-05,1.628381141927093267e-05,6.664320244453847408e-05
7.602186542499111965e-07,9.999059438705444336e-01,2.933490941359195858e-05,1.408720981999067590e-05,4.991050082026049495e-05
5.413007215793186333e-07,9.999331235885620117e-01,1.763511318131349981e-05,1.283842175325844437e-05,3.584463411243632436e-05
4.835604272557247896e-07,9.999452829360961914e-01,1.339230948360636830e-05,1.078753211913863197e-05,3.011663829965982586e-05
4.613299324773834087e-07,9.999535083770751953e-01,1.028546921588713303e-05,9.547940862830728292e-06,2.625582419568672776e-05
3.638085104284982663e-07,9.999627470970153809e-01,7.527170055254828185e-06,7.243262643896741793e-06,2.201878305641002953e-05
6.724978902639122680e-07,9.999389648437500000e-01,1.162795251730130985e-05,1.180120216304203495e-05,3.695768100442364812e-05
4.326571172441617819e-07,9.999522566795349121e-01,8.888395313988439739e-06,9.414196028956212103e-06,2.889686220441944897e-05
3.301822175671986770e-07,9.999606013298034668e-01,7.343434390350012109e-06,8.113756848615594208e-06,2.353743184357881546e-05
3.323525845644326182e-07,9.999645948410034180e-01,6.920625310158357024e-06,7.363209988398011774e-06,2.071331437036860734e-05
4.628344072443724144e-07,9.999613761901855469e-01,7.729997378191910684e-06,8.641967724543064833e-06,2.189367296523414552e-05
5.731714622925210278e-07,9.999557733535766602e-01,8.452152542304247618e-06,1.073560088116209954e-05,2.446889629936777055e-05
6.835052204223757144e-07,9.999488592147827148e-01,8.891642210073769093e-06,1.409810920449672267e-05,2.746597601799294353e-05
7.954033662826986983e-07,9.999432563781738281e-01,8.555437489121686667e-06,1.918930684041697532e-05,2.824090552167035639e-05
7.620790825058065820e-07,9.999347329139709473e-01,7.833141353330574930e-06,3.006254519277717918e-05,2.656496508279815316e-05
6.475970621977467090e-07,9.999408125877380371e-01,5.427649739431217313e-06,3.490753442747518420e-05,1.825931394705548882e-05
4.810495397578051779e-07,9.999560117721557617e-01,4.082301074959104881e-06,2.697820855246391147e-05,1.245877774636028334e-05
3.768907959056377877e-07,9.999681115150451660e-01,3.778608970606001094e-06,1.720713771646842360e-05,1.055507891578599811e-05
4.889004685537656769e-07,9.999638199806213379e-01,5.542263807001290843e-06,1.481871913711074740e-05,1.526210689917206764e-05
3.639323722381959669e-07,9.999663829803466797e-01,6.628377832385012880e-06,9.936129572452045977e-06,1.668915319896768779e-05
3.354509203745692503e-07,9.999644756317138672e-01,7.466620900231646374e-06,8.377000085602048784e-06,1.935259388119447976e-05
3.169413389514375012e-07,9.999541044235229492e-01,9.611105269868858159e-06,8.352812983503099531e-06,2.759733433777000755e-05
2.500650282399874413e-07,9.999452829360961914e-01,1.172638530988479033e-05,8.959449587564449757e-06,3.380545240361243486e-05
1.910900664370274171e-07,9.999454021453857422e-01,1.159984094556421041e-05,9.673165550339035690e-06,3.317575828987173736e-05
1.385445074220115202e-07,9.999514222145080566e-01,9.873871022136881948e-06,9.563269486534409225e-06,2.901497100538108498e-05
9.138145173892553430e-08,9.999612569808959961e-01,7.203831501101376489e-06,8.848914148984476924e-06,2.262981433887034655e-05
7.151711400865679025e-08,9.999665021896362305e-01,5.909941592108225450e-06,8.633449397166259587e-06,1.895337663881946355e-05
5.647981282663749880e-08,9.999728202819824219e-01,4.433684352989075705e-06,8.054761565290391445e-06,1.454180346627254039e-05
5.262499414016019728e-08,9.999756813049316406e-01,3.616925368987722322e-06,8.401289960602298379e-06,1.232168688147794455e-05
4.907490946948200872e-08,9.999772310256958008e-01,3.201162144250702113e-06,8.633326615381520241e-06,1.088509816327132285e-05
5.481054543565733184e-08,9.999772906303405762e-01,3.170739319102722220e-06,8.668860573379788548e-06,1.068887286237441003e-05
6.613772285390950856e-08,9.999748468399047852e-01,3.663118604890769348e-06,9.163881259155459702e-06,1.226472249982180074e-05
9.033043113504390931e-08,9.999681115150451660e-01,5.356226211006287485e-06,1.053660434990888461e-05,1.583583616593386978e-05
1.331649173152982257e-07,9.999575614929199219e-01,8.431815331277903169e-06,1.225402411364484578e-05,2.155185757146682590e-05
2.007381283419817919e-07,9.999439120292663574e-01,1.309681920247385278e-05,1.335035540250828490e-05,2.939951991720590740e-05
2.754831882612052141e-07,9.999279975891113281e-01,1.899535709526389837e-05,1.305254136241273955e-05,3.957586886826902628e-05
2.792567954656988150e-07,9.999282360076904297e-01,1.978639738808851689e-05,1.181610150524647906e-05,3.983707574661821127e-05
3.360897267157270107e-07,9.999307394027709961e-01,1.839204924181103706e-05,1.153998164227232337e-05,3.896264024660922587e-05
5.306169441610109061e-07,9.999231100082397461e-01,1.978803811653051525e-05,1.312100994255160913e-05,4.339844599599018693e-05
7.612532613165967632e-07,9.999109506607055664e-01,2.278399733768310398e-05,1.548390719108283520e-05,4.998290023650042713e-05
1.334216449322411790e-06,9.998353719711303711e-01,4.195096698822453618e-05,2.957663309643976390e-05,9.170574048766866326e-05
1.120508613894344307e-06,9.998167157173156738e-01,4.508057463681325316e-05,3.912278043571859598e-05,9.806740126805379987e-05
8.752901408115576487e-07,9.998474121093750000e-01,3.599179035518318415e-05,3.974964056396856904e-05,7.598353113280609250e-05
4.628776650861254893e-07,9.999057054519653320e-01,1.956483174581080675e-05,2.897838567150756717e-05,4.528814679360948503e-05
3.107966222160030156e-07,9.999364614486694336e-01,1.300614439969649538e-05,2.017172482737805694e-05,3.007246596098411828e-05
2.590512906408548588e-07,9.999492168426513672e-01,1.026899371936451644e-05,1.633051215321756899e-05,2.389516703260596842e-05
2.317766671922072419e-07,9.999530315399169922e-01,9.799863619264215231e-06,1.339628124696901068e-05,2.361984479648526758e-05
2.073033016358749592e-07,9.999542832374572754e-01,9.637502444093115628e-06,1.120728302339557558e-05,2.467494778102263808e-05
1.937948468366812449e-07,9.999530315399169922e-01,9.845155545917805284e-06,9.748958291311282665e-06,2.709606997086666524e-05
2.167828085930523230e-07,9.999479055404663086e-01,1.057829740602755919e-05,9.074523404706269503e-06,3.218769415980204940e-05
3.544622302342759212e-07,9.999089241027832031e-01,1.844532380346208811e-05,1.391154182783793658e-05,5.834110197611153126e-05
4.206895027891732752e-07,9.998940229415893555e-01,2.089190456899814308e-05,1.506576609244802967e-05,6.960018072277307510e-05
4.640799033950315788e-07,9.998838901519775391e-01,2.241985566797666252e-05,1.586278631293680519e-05,7.735008693998679519e-05
4.406829532399569871e-07,9.998914003372192383e-01,2.067991954390890896e-05,1.583181983733084053e-05,7.158306834753602743e-05
3.476099550425715279e-07,9.999139904975891113e-01,1.678511580394115299e-05,1.306529429712099954e-05,5.564208186115138233e-05
2.581299440862494521e-07,9.999343752861022949e-01,1.255050756299169734e-05,1.073098519555060193e-05,4.217613241053186357e-05
2.470446816005278379e-07,9.999427795410156250e-01,1.013314613373950124e-05,1.069208519766107202e-05,3.606078098528087139e-05
2.145567492561895051e-07,9.999527931213378906e-01,7.469013780792010948e-06,1.062831142917275429e-05,2.897084050346165895e-05
2.189463117474588216e-07,9.999535083770751953e-01,6.618056886509293690e-06,1.339623031526571140e-05,2.625594970595557243e-05
3.842465901016112184e-07,9.999437928199768066e-01,8.015573257580399513e-06,1.921715920616406947e-05,2.872743971238378435e-05
5.457090992422308773e-07,9.999397993087768555e-01,9.469934411754366010e-06,2.133362431777641177e-05,2.879582098103128374e-05
4.984713655176165048e-07,9.999417066574096680e-01,1.063175841409247369e-05,1.751822856022045016e-05,2.966324063891079277e-05
3.797482577283517458e-07,9.999436140060424805e-01,1.109465392801212147e-05,1.479637830925639719e-05,3.010345608345232904e-05
2.997019805661693681e-07,9.999470114707946777e-01,1.096544019674183801e-05,1.171891653939383104e-05,3.009559259226080030e-05
2.539821650771045825e-07,9.999516010284423828e-01,1.032963518809992820e-05,9.187630894302856177e-06,2.864689668058417737e-05
2.141616022299785982e-07,9.999548196792602539e-01,9.510816198599059135e-06,7.531802111770957708e-06,2.789616155496332794e-05
1.903766673194695613e-07,9.999581575393676758e-01,8.695065844221971929e-06,6.402083272405434400e-06,2.649561611178796738e-05
1.741684485523364856e-07,9.999644756317138672e-01,7.166649993450846523e-06,6.066025889595039189e-06,2.210394995927345008e-05
1.790857027117453981e-07,9.999669790267944336e-01,6.462419605668401346e-06,6.292467787716304883e-06,2.007904004130978137e-05
2.243206722596369218e-07,9.999669790267944336e-01,6.365572517097461969e-06,6.849979399703443050e-06,1.959388646355364472e-05
2.948009694136999315e-07,9.999607801437377930e-01,6.977898920013103634e-06,1.010451433103298768e-05,2.184287041018251330e-05
1.923019539162851288e-07,9.999639987945556641e-01,5.749829142587259412e-06,1.113097368943272159e-05,1.903093289001844823e-05
1.581613986445518094e-07,9.999707937240600586e-01,4.511043698585126549e-06,9.982509254768956453e-06,1.455297206121031195e-05
1.450793405410877313e-07,9.999777078628540039e-01,3.096066620855708607e-06,9.313190275861416012e-06,9.696634151623584330e-06
1.362301702556578675e-07,9.999810457229614258e-01,2.088304881908698007e-06,9.712441169540397823e-06,7.092051419022027403e-06
1.048855082785848936e-07,9.999821186065673828e-01,1.416201598658517469e-06,1.098113716579973698e-05,5.374600732466205955e-06
7.760755238450656179e-08,9.999855756759643555e-01,9.767891242518089712e-07,9.710330232337582856e-06,3.702037929542711936e-06
7.926768574861853267e-08,9.999856352806091309e-01,8.378754614568606485e-07,1.040151164488634095e-05,3.001211325681651942e-06
9.008817158928650315e-08,9.999850988388061523e-01,8.377963354178064037e-07,1.116194925998570397e-05,2.713008370847092010e-06
1.140901844109976082e-07,9.999826550483703613e-01,9.676463150753988884e-07,1.336272453045239672e-05,2.808366843964904547e-06
1.422950930418664939e-07,9.999806880950927734e-01,1.042449525812116917e-06,1.532460373709909618e-05,2.754300112428609282e-06
1.986326907399416086e-07,9.999785423278808594e-01,1.423574758518952876e-06,1.669106495683081448e-05,3.110277475570910610e-06
2.646770553837995976e-07,9.999771714210510254e-01,2.232521637779427692e-06,1.632775638427119702e-05,4.082565737917320803e-06
3.478132271084177773e-07,9.999739527702331543e-01,3.668943236334598623e-06,1.684889866737648845e-05,5.307391802489291877e-06
4.304860112824826501e-07,9.999699592590332031e-01,6.134381692390888929e-06,1.623821844987105578e-05,7.230826213344698772e-06
5.466091010930540506e-07,9.999637603759765625e-01,8.996805263450369239e-06,1.803856866899877787e-05,8.722963684704154730e-06
7.726706598987220787e-07,9.999517202377319336e-01,1.305595287703908980e-05,2.388425491517409682e-05,1.064934349415125325e-05
1.028469910124840681e-06,9.999355673789978027e-01,1.797628101485315710e-05,3.306299913674592972e-05,1.231075202667852864e-05
1.276544253414613195e-06,9.999126195907592773e-01,2.460905125190038234e-05,4.755866393679752946e-05,1.398570202582050115e-05
1.735146724968217313e-06,9.998689293861389160e-01,3.327499871375039220e-05,7.933504093671217561e-05,1.666378739173524082e-05
3.426961484365165234e-06,9.997848868370056152e-01,4.290527795092202723e-05,1.485350367147475481e-04,2.035014404100365937e-05
8.676793186168652028e-06,9.995943903923034668e-01,4.783700569532811642e-05,3.253844042774289846e-04,2.363672319916076958e-05
3.011393710039556026e-05,9.984351992607116699e-01,6.819347618147730827e-05,1.428410178050398827e-03,3.811171700363047421e-05
6.230351573321968317e-05,9.938670396804809570e-01,1.031876017805188894e-04,5.904246587306261063e-03,6.314190250122919679e-05
7.164760609157383442e-05,9.799321889877319336e-01,1.295481488341465592e-04,1.978385262191295624e-02,8.265729411505162716e-05
7.149389421101659536e-05,9.373920559883117676e-01,1.454527809983119369e-04,6.230337545275688171e-02,8.768391853664070368e-05
6.338522507576271892e-05,8.173872828483581543e-01,1.237237302120774984e-04,1.823548823595046997e-01,7.075652683852240443e-05
4.145154889556579292e-05,5.372357368469238281e-01,7.738034037174656987e-05,4.625990986824035645e-01,4.631130286725237966e-05
1.856152448453940451e-05,3.221612870693206787e-01,4.702350997831672430e-05,6.777458190917968750e-01,2.732518260017968714e-05
1.076912303688004613e-05,1.900755912065505981e-01,3.450752774369902909e-05,8.098603487014770508e-01,1.879795490822289139e-05
1.145377063949126750e-05,1.085110828280448914e-01,2.892705560952890664e-05,8.914342522621154785e-01,1.423308003722922876e-05
1.255237475561443716e-05,6.063126027584075928e-02,2.084986590489279479e-05,9.393243789672851562e-01,1.096064079320058227e-05
1.112479731091298163e-05,3.390503302216529846e-02,1.340546987194102257e-05,9.660617709159851074e-01,8.641546628496143967e-06
7.444323728122981265e-06,3.011128306388854980e-02,1.191934279631823301e-05,9.698596596717834473e-01,9.708024663268588483e-06
4.635993263946147636e-06,2.244757674634456635e-02,8.855794476403389126e-06,9.775294065475463867e-01,9.524250344838947058e-06
2.713582716751261614e-06,1.667095720767974854e-02,7.050402473396388814e-06,9.833098649978637695e-01,9.347769264422822744e-06
1.558040139570948668e-06,1.331088878214359283e-02,6.212927928572753444e-06,9.866718053817749023e-01,9.517049875285010785e-06
1.055526581694721244e-06,1.031279098242521286e-02,5.267018877930240706e-06,9.896718263626098633e-01,8.997492841444909573e-06
8.880570021574385464e-07,6.898055318742990494e-03,4.196134796075057238e-06,9.930893182754516602e-01,7.486856702598743141e-06
9.853217761701671407e-07,1.226774696260690689e-02,6.888426923978840932e-06,9.877111315727233887e-01,1.318382601311895996e-05
1.402302473252348136e-06,2.605944871902465820e-02,1.438136769138509408e-05,9.738950133323669434e-01,2.966884312627371401e-05
1.978138470803969540e-06,3.002434968948364258e-02,1.972838254005182534e-05,9.699122309684753418e-01,4.164511119597591460e-05
2.311161324541899376e-06,1.905970461666584015e-02,1.460547264287015423e-05,9.808920025825500488e-01,3.135609222226776183e-05
2.912723857662058435e-06,1.068156864494085312e-02,9.972041880246251822e-06,9.892852902412414551e-01,2.029005008807871491e-05
3.321087660879129544e-06,7.454782258719205856e-03,7.434249255311442539e-06,9.925203323364257812e-01,1.413669542671414092e-05
3.168825969623867422e-06,5.750756710767745972e-03,6.093753199820639566e-06,9.942286014556884766e-01,1.132870056608226150e-05
2.556583694968139753e-06,5.750421900302171707e-03,5.990313638903899118e-06,9.942294359207153320e-01,1.154602614406030625e-05
2.285072241647867486e-06,4.888522438704967499e-03,5.309178504830924794e-06,9.950935840606689453e-01,1.035854893416399136e-05
1.932510485858074389e-06,3.791194176301360130e-03,4.275910214346367866e-06,9.961940050125122070e-01,8.614098078396636993e-06
1.349755848423228599e-06,2.932597417384386063e-03,3.230320771763217635e-06,9.970558881759643555e-01,6.952180228836368769e-06
9.771292752702720463e-07,2.310988958925008774e-03,2.558063897595275193e-06,9.976800680160522461e-01,5.407159733294975013e-06
6.813438631070312113e-07,1.508255722001194954e-03,1.779527906364819501e-06,9.984855651855468750e-01,3.740115062100812793e-06
5.420523621069150977e-07,7.751243538223206997e-04,1.080007450582343154e-06,9.992210865020751953e-01,2.216680286437622271e-06
4.279955021502246382e-07,4.592935438267886639e-04,8.126606871883268468e-07,9.995376467704772949e-01,1.686795712885214016e-06
3.343538139688462252e-07,2.628597721923142672e-04,6.367749278979317751e-07,9.997348189353942871e-01,1.313409825343114790e-06
2.592094574538350571e-07,1.443033834220841527e-04,4.809367055713664740e-07,9.998539686203002930e-01,9.402482419318403117e-07
2.676256656286568614e-07,8.782400982454419136e-05,4.081356905771826860e-07,9.999107122421264648e-01,7.318869847949827090e-07
2.355454142843882437e-07,5.772198346676304936e-05,3.542185993410384981e-07,9.999411106109619141e-01,6.045659119990887120e-07
2.147262563312324346e-07,4.024793088319711387e-05,3.106298152033559745e-07,9.999586343765258789e-01,5.177635102882049978e-07
1.721298019674577517e-07,2.690369728952646255e-05,2.434316002108971588e-07,9.999721646308898926e-01,4.163359221820428502e-07
1.388725650031119585e-07,1.930870166688691825e-05,2.030055838986299932e-07,9.999799728393554688e-01,3.760933395824395120e-07
1.053934752803797892e-07,1.491036618972430006e-05,1.820928190454651485e-07,9.999845027923583984e-01,3.542449462656804826e-07
9.276669032942663762e-08,1.284889367525465786e-05,1.879112545566385961e-07,9.999864101409912109e-01,3.756707371849188348e-07
7.512160493661212968e-08,1.103424528992036358e-05,1.872381005796341924e-07,9.999881982803344727e-01,4.003489095794066088e-07
7.420308634209504817e-08,9.761843102751299739e-06,2.074710181432237732e-07,9.999895691871643066e-01,4.478186781398107996e-07
9.063676742471216130e-08,9.403445801581256092e-06,2.515808716907486087e-07,9.999896883964538574e-01,5.141708925293642096e-07
2.813007711210957495e-07,1.177137073682388291e-05,3.644651940248877509e-07,9.999868869781494141e-01,6.446584279728995170e-07
9.375476679451821838e-07,1.595354115124791861e-05,5.659835551341529936e-07,9.999815225601196289e-01,9.685288659966317937e-07
1.115452732847188599e-06,2.306758688064292073e-05,1.007877472147811204e-06,9.999725818634033203e-01,2.171748292312258855e-06
8.503561161887773778e-07,3.278896838310174644e-05,1.800408199414960109e-06,9.999595284461975098e-01,5.001849785912781954e-06
7.543529818576644175e-07,4.792051913682371378e-05,3.346165158291114494e-06,9.999361038208007812e-01,1.188311398436781019e-05
8.977593779491144232e-07,7.478697079932317138e-05,5.665962817147374153e-06,9.998950362205505371e-01,2.372513881709892303e-05
1.164653554042160977e-06,1.074813553714193404e-04,7.871911293477751315e-06,9.998465776443481445e-01,3.681464659166522324e-05
1.277446585845609661e-06,1.218392717419192195e-04,8.593740858486853540e-06,9.998328685760498047e-01,3.546448715496808290e-05
1.078370019058638718e-06,1.098888460546731949e-04,8.035043720155954361e-06,9.998525381088256836e-01,2.844796290446538478e-05
8.515515332874201704e-07,1.148812661995179951e-04,7.109631042112596333e-06,9.998536109924316406e-01,2.353256240894552320e-05
6.424808702831796836e-07,1.638366666156798601e-04,8.681791769049596041e-06,9.997908473014831543e-01,3.592690700315870345e-05
5.783962251371121965e-07,2.533789374865591526e-04,1.231180885952198878e-05,9.996680617332458496e-01,6.569583638338372111e-05
6.390849307535972912e-07,5.176349659450352192e-04,2.327965739823412150e-05,9.992807507514953613e-01,1.777295983629301190e-04
9.698691201265319251e-07,1.185137545689940453e-03,5.609586878563277423e-05,9.980831146240234375e-01,6.746153812855482101e-04
1.927081257235840894e-06,2.001838292926549911e-03,1.379974710289388895e-04,9.954630732536315918e-01,2.395144198089838028e-03
4.938204256177414209e-06,3.800611710175871849e-03,3.150604607071727514e-04,9.871971011161804199e-01,8.682239800691604614e-03
1.456220434192800894e-05,5.618694704025983810e-03,6.365369772538542747e-04,9.659968018531799316e-01,2.773337997496128082e-02
3.197011756128631532e-05,5.360544659197330475e-03,8.007131400518119335e-04,9.479690790176391602e-01,4.583761841058731079e-02
4.052160875289700925e-05,4.130054265260696411e-03,7.423338829539716244e-04,9.434433579444885254e-01,5.164378881454467773e-02
3.625208410085178912e-05,2.825856674462556839e-03,6.279710796661674976e-04,9.480060338973999023e-01,4.850393533706665039e-02
2.188509279221761972e-05,1.625316217541694641e-03,3.603508230298757553e-04,9.718791246414184570e-01,2.611327730119228363e-02
9.164406037598382682e-06,9.222491644322872162e-04,1.527036947663873434e-04,9.898185133934020996e-01,9.097339585423469543e-03
3.350549604874686338e-06,4.997077630832791328e-04,5.844195402460172772e-05,9.968175292015075684e-01,2.620977116748690605e-03
1.164892296401376370e-06,3.491396200843155384e-04,1.876608803286217153e-05,9.989853501319885254e-01,6.455767434090375900e-04
3.957934211484825937e-07,2.647607761900871992e-04,8.151123438437934965e-06,9.995187520980834961e-01,2.078929974231868982e-04
3.386737432720110519e-07,2.638364967424422503e-04,2.674546067282790318e-06,9.996802210807800293e-01,5.288029205985367298e-05
5.657693122884666082e-07,5.197216523811221123e-04,1.280248056900745723e-06,9.994564652442932129e-01,2.192731517425272614e-05
2.061296068131923676e-02,8.784893434494733810e-04,4.408988388604484499e-06,9.784581661224365234e-01,4.589226591633632779e-05
