2.951117791235446930e-02,8.094642758369445801e-01,4.853424057364463806e-02,6.156220659613609314e-02,5.092806369066238403e-02
6.373512442223727703e-04,9.865016937255859375e-01,3.821725025773048401e-03,4.893606994301080704e-03,4.145605955272912979e-03
1.992278339457698166e-05,9.986839294433593750e-01,4.337790596764534712e-04,3.952612169086933136e-04,4.670162161346524954e-04
1.541323968012875412e-06,9.997626543045043945e-01,8.454510680167004466e-05,5.900556425331160426e-05,9.225626854458823800e-05
2.988423091210279381e-07,9.999266862869262695e-01,2.629942900966852903e-05,1.667429569351952523e-05,2.997954652528278530e-05
1.101703119843477907e-07,9.999675750732421875e-01,1.109949153033085167e-05,7.524328339059138671e-06,1.368121684208745137e-05
6.159659449167520506e-08,9.999804496765136719e-01,6.271960046433378011e-06,4.836335847357986495e-06,8.269375939562451094e-06
4.064187208996372647e-08,9.999870061874389648e-01,3.803889512710156851e-06,3.794487383856903762e-06,5.287658495944924653e-06
8.568788700813456671e-08,9.999758005142211914e-01,6.340973868645960465e-06,7.127954631869215518e-06,1.067076391336740926e-05
7.416290515038781450e-08,9.999796152114868164e-01,5.031315140513470396e-06,7.122111128410324454e-06,8.139169040077831596e-06
5.099879629710812878e-08,9.999860525131225586e-01,3.082702278334181756e-06,5.841924121341435239e-06,4.932509455102263018e-06
3.944031945479764545e-08,9.999892711639404297e-01,1.969613094843225554e-06,5.306394541548797861e-06,3.301697915958357044e-06
8.435072373913499177e-08,9.999791383743286133e-01,3.448836423558532260e-06,1.045688168233027682e-05,6.849515557405538857e-06
9.158944891396458843e-08,9.999818801879882812e-01,2.754210981947835535e-06,9.396517270943149924e-06,5.840542598889442161e-06
1.047359816652715381e-07,9.999849796295166016e-01,2.176018824684433639e-06,7.844056199246551841e-06,4.902859927824465558e-06
1.306275265733347624e-07,9.999862909317016602e-01,2.008921910601202399e-06,6.816360382799757645e-06,4.733633431897033006e-06
1.619238076955298311e-07,9.999870061874389648e-01,2.005698206630768254e-06,6.025395578035386279e-06,4.758840532304020599e-06
1.899783796943665948e-07,9.999871253967285156e-01,2.212785602750955150e-06,5.218520072958199307e-06,5.211065399635117501e-06
2.268545102879215847e-07,9.999858140945434570e-01,2.710169155761832371e-06,4.956922111887251958e-06,6.231804491108050570e-06
2.560738039392163046e-07,9.999845027923583984e-01,3.198363856427022256e-06,5.048368166171712801e-06,7.082859156071208417e-06
2.632384337175608380e-07,9.999842643737792969e-01,3.587457285902928561e-06,4.696549240179592744e-06,7.189048119471408427e-06
2.627859316817193758e-07,9.999844431877136230e-01,3.763737822737311944e-06,4.490993887884542346e-06,7.006519354035845026e-06
2.587616734217590420e-07,9.999847412109375000e-01,3.852830559480935335e-06,4.506481673161033541e-06,6.580672561540268362e-06
2.540848811349860625e-07,9.999856352806091309e-01,3.605952315410831943e-06,4.577099389280192554e-06,5.966105618426809087e-06
2.452379419537464855e-07,9.999870061874389648e-01,3.113129423581995070e-06,4.556542535283369943e-06,5.138256710779387504e-06
2.856840239928715164e-07,9.999866485595703125e-01,3.169079718645662069e-06,4.789344984601484612e-06,5.097997927805408835e-06
3.341488366004341515e-07,9.999858736991882324e-01,3.246556616431917064e-06,5.206748483033152297e-06,5.186251200939295813e-06
3.558244543455657549e-07,9.999860525131225586e-01,3.137797421004506759e-06,5.451730885397410020e-06,4.983803137292852625e-06
3.725460828718496487e-07,9.999856352806091309e-01,3.204418135283049196e-06,5.611992492049466819e-06,5.079628863313701004e-06
3.642629167188715655e-07,9.999862909317016602e-01,3.117758524240343831e-06,5.248531124379951507e-06,4.947052275383612141e-06
3.493840665669267764e-07,9.999871253967285156e-01,3.011357648574630730e-06,4.794037977262632921e-06,4.785249529959401116e-06
3.560257653134613065e-07,9.999868869781494141e-01,3.137163048450020142e-06,4.593051016854587942e-06,5.007362233300227672e-06
3.718819243658799678e-07,9.999862909317016602e-01,3.397699401830323040e-06,4.526281827565981075e-06,5.403262093750527129e-06
4.032703770917578368e-07,9.999849796295166016e-01,3.968791133956983685e-06,4.529771103989332914e-06,6.148027750896289945e-06
4.420382708758552326e-07,9.999834895133972168e-01,4.548692686512367800e-06,4.483773864194517955e-06,6.916079655638895929e-06
4.642233193408173975e-07,9.999825954437255859e-01,5.119302841194439679e-06,4.339846782386302948e-06,7.558835932286456227e-06
4.689913737365714042e-07,9.999823570251464844e-01,5.318705916579347104e-06,4.074016942468006164e-06,7.765656846459023654e-06
4.519899903243640438e-07,9.999826550483703613e-01,5.239998699835268781e-06,3.823697170446394011e-06,7.784512490616180003e-06
4.037829910430446034e-07,9.999840259552001953e-01,4.788879323314176872e-06,3.442770093897706829e-06,7.380018814728828147e-06
3.754361443952802802e-07,9.999847412109375000e-01,4.567989890347234905e-06,3.118293761872337200e-06,7.168502634158357978e-06
3.694329961945186369e-07,9.999845623970031738e-01,4.710611847258405760e-06,2.921977511505247094e-06,7.322698820644291118e-06
3.955556735490972642e-07,9.999834299087524414e-01,5.296818926581181586e-06,2.851332737918710336e-06,8.014809282030910254e-06
4.268936777407361660e-07,9.999812841415405273e-01,6.366088655340718105e-06,2.833952748915180564e-06,9.019296157930511981e-06
4.638798998257698258e-07,9.999791383743286133e-01,7.539742910012137145e-06,2.832701966326567344e-06,9.944566954800393432e-06
5.009771939512575045e-07,9.999779462814331055e-01,8.355298632523044944e-06,2.757722313617705368e-06,1.049570619215955958e-05
5.491301635629497468e-07,9.999764561653137207e-01,9.158839930023532361e-06,2.799395360852940939e-06,1.097545282391365618e-05
6.417031386263261084e-07,9.999747276306152344e-01,1.021790194499772042e-05,2.944866764664766379e-06,1.142243127105757594e-05
8.221852567658061162e-07,9.999710917472839355e-01,1.197589244839036837e-05,3.422672989472630434e-06,1.261569286725716665e-05
1.102435248867550399e-06,9.999672174453735352e-01,1.338312904408667237e-05,4.281765995983732864e-06,1.398354197590379044e-05
1.422834998265898321e-06,9.999586343765258789e-01,1.677665022725705057e-05,5.795644028694368899e-06,1.729342511680442840e-05
2.083993649648618884e-06,9.999419450759887695e-01,2.373163260926958174e-05,8.797468581178691238e-06,2.345459142816253006e-05
3.186848744007875212e-06,9.999194145202636719e-01,3.303750054328702390e-05,1.387035626976285130e-05,3.056699279113672674e-05
3.922059931937837973e-06,9.999120235443115234e-01,3.352200292283669114e-05,1.875453017419204116e-05,3.180793282808735967e-05
3.402011543585103936e-06,9.999191164970397949e-01,2.946264430647715926e-05,1.887703547254204750e-05,2.912183845182880759e-05
1.919336000355542637e-06,9.999441504478454590e-01,2.007402326853480190e-05,1.181049083243124187e-05,2.195815977756865323e-05
8.884975386536098085e-07,9.999631643295288086e-01,1.249117394763743505e-05,7.815852768544573337e-06,1.562633224239107221e-05
4.245992215601290809e-07,9.999758005142211914e-01,7.347869086515856907e-06,5.825256266689393669e-06,1.054989752446999773e-05
2.554352249717339873e-07,9.999821186065673828e-01,4.974221155862323940e-06,4.941709448758047074e-06,7.811679097358137369e-06
1.920768681884510443e-07,9.999848604202270508e-01,3.897358055837685242e-06,4.501306193560594693e-06,6.525501703436020762e-06
1.298095071433635894e-07,9.999879598617553711e-01,2.907317821154720150e-06,3.775306140596512705e-06,5.206068180996226147e-06
1.018182302914283355e-07,9.999891519546508789e-01,2.419723841740051284e-06,3.726998102138168178e-06,4.663948857341893017e-06
8.893744762872302090e-08,9.999892711639404297e-01,2.340256514798966236e-06,3.536196572895278223e-06,4.731548415293218568e-06
5.594640839490239159e-08,9.999920129776000977e-01,1.808485876608756371e-06,2.566132025094702840e-06,3.479278802842600271e-06
3.574415075036085909e-08,9.999936819076538086e-01,1.515224198556097690e-06,2.105137355101760477e-06,2.663681925696437247e-06
2.698490852992563305e-08,9.999941587448120117e-01,1.461566398575087078e-06,2.040429535554721951e-06,2.292626959388144314e-06
2.522678599348182615e-08,9.999939799308776855e-01,1.609754463061108254e-06,2.204816837547696196e-06,2.188526877944241278e-06
2.758534733970918751e-08,9.999937415122985840e-01,1.727767198644869495e-06,2.430962695143534802e-06,2.048999704129528254e-06
3.360434064347828098e-08,9.999930858612060547e-01,1.968056722034816630e-06,2.890610858230502345e-06,2.101979589497204870e-06
4.654390650671302865e-08,9.999915361404418945e-01,2.522544264138559811e-06,3.631628487710258923e-06,2.363436806263052858e-06
6.880410552412286052e-08,9.999888539314270020e-01,3.512822559059713967e-06,4.619121227733558044e-06,2.841047944457386620e-06
9.879484252905967878e-08,9.999855756759643555e-01,5.009907908970490098e-06,5.800874987471615896e-06,3.426729335842537694e-06
1.576196240193894482e-07,9.999798536300659180e-01,7.941933290567249060e-06,7.663978067284915596e-06,4.445424565346911550e-06
2.573952144757640781e-07,9.999706745147705078e-01,1.304746365349274129e-05,1.004128716886043549e-05,6.023149126122007146e-06
3.997327837623743108e-07,9.999561309814453125e-01,2.247928932774811983e-05,1.262426121684256941e-05,8.387512025365140289e-06
6.301617077042465098e-07,9.999299049377441406e-01,4.187665763311088085e-05,1.564301783218979836e-05,1.201495888381032273e-05
9.947312946678721346e-07,9.998817443847656250e-01,8.072622586041688919e-05,1.909048296511173248e-05,1.748364593368023634e-05
1.407864715474715922e-06,9.997883439064025879e-01,1.625285076443105936e-04,2.156207483494654298e-05,2.611881609482225031e-05
1.844170924414356705e-06,9.996373653411865234e-01,3.016318660229444504e-04,2.318350379937328398e-05,3.594942609197460115e-05
2.654426225490169600e-06,9.993332028388977051e-01,5.861641257070004940e-04,2.590120311651844531e-05,5.204194167163223028e-05
3.748735252884216607e-06,9.989486932754516602e-01,9.525254135951399803e-04,2.833646067301742733e-05,6.666227272944524884e-05
4.867128154728561640e-06,9.987443685531616211e-01,1.145732239820063114e-03,3.166546594002284110e-05,7.329507934628054500e-05
6.450800356105901301e-06,9.986027479171752930e-01,1.264906954020261765e-03,4.263566370354965329e-05,8.327429532073438168e-05
1.002636781777255237e-05,9.982414245605468750e-01,1.569342566654086113e-03,7.601070683449506760e-05,1.032133004628121853e-04
3.207449844921939075e-05,9.939876794815063477e-01,5.505260545760393143e-03,2.344123058719560504e-04,2.406564890407025814e-04
8.582982991356402636e-05,9.752506017684936523e-01,2.320353686809539795e-02,8.222481119446456432e-04,6.376391393132507801e-04
2.128942869603633881e-04,8.570377826690673828e-01,1.399081796407699585e-01,1.340705552138388157e-03,1.500428305007517338e-03
3.760845866054296494e-04,6.124467253684997559e-01,3.843527734279632568e-01,8.773648878559470177e-04,1.947024022229015827e-03
3.572280402295291424e-04,2.548892498016357422e-01,7.425280213356018066e-01,3.124786599073559046e-04,1.912995008751749992e-03
2.582069428171962500e-04,1.437686383724212646e-01,8.542944192886352539e-01,1.220568592543713748e-04,1.556649571284651756e-03
1.813603594200685620e-04,1.097273752093315125e-01,8.887363076210021973e-01,6.911000673426315188e-05,1.285747508518397808e-03
1.308485225308686495e-04,1.185715794563293457e-01,8.801501393318176270e-01,5.313608562573790550e-05,1.094330917112529278e-03
9.513923578197136521e-05,1.315183341503143311e-01,8.672548532485961914e-01,5.446053910418413579e-05,1.077173743396997452e-03
6.360903353197500110e-05,1.391170769929885864e-01,8.596228957176208496e-01,8.752776921028271317e-05,1.108762109652161598e-03
4.278686174075119197e-05,1.052139848470687866e-01,8.935413360595703125e-01,1.439408079022541642e-04,1.057930756360292435e-03
3.128757089143618941e-05,7.034952938556671143e-02,9.284932613372802734e-01,1.547040883451700211e-04,9.711974416859447956e-04
2.900899562519043684e-05,4.150290414690971375e-02,9.575191140174865723e-01,1.053771557053551078e-04,8.435081690549850464e-04
3.450802250881679356e-05,3.667359054088592529e-02,9.625504016876220703e-01,4.955549593432806432e-05,6.919570150785148144e-04
4.307061681174673140e-05,4.333293437957763672e-02,9.559526443481445312e-01,2.528880395402666181e-05,6.459899595938622952e-04
5.202477404964156449e-05,4.020220041275024414e-02,9.591371417045593262e-01,1.317879741691285744e-05,5.955197848379611969e-04
5.456222788779996336e-05,3.135757520794868469e-02,9.680218100547790527e-01,8.061039807216729969e-06,5.580200813710689545e-04
5.186308408156037331e-05,2.469620853662490845e-02,9.747068285942077637e-01,5.754689482273533940e-06,5.392977036535739899e-04
4.491034997045062482e-05,1.858318969607353210e-02,9.808647632598876953e-01,4.373525825940305367e-06,5.026913131587207317e-04
3.917949288734234869e-05,1.464943680912256241e-02,9.848457574844360352e-01,3.651751057986984961e-06,4.619868705049157143e-04
3.418254709686152637e-05,1.113231200724840164e-02,9.884143471717834473e-01,3.153568286506924778e-06,4.160396347288042307e-04
3.002214725711382926e-05,8.580434136092662811e-03,9.910005927085876465e-01,2.904676875914447010e-06,3.860556753352284431e-04
2.745937672443687916e-05,7.421445567160844803e-03,9.921943545341491699e-01,2.886156835302244872e-06,3.537876764312386513e-04
2.660020436451304704e-05,7.008441258221864700e-03,9.926326870918273926e-01,3.159519565087975934e-06,3.291166794952005148e-04
2.846234565367922187e-05,7.639293093234300613e-03,9.920093417167663574e-01,3.899313469446497038e-06,3.189515555277466774e-04
4.422335405251942575e-05,1.425813417881727219e-02,9.853101968765258789e-01,7.805960194673389196e-06,3.795108350459486246e-04
7.067997648846358061e-05,1.800248958170413971e-02,9.814504981040954590e-01,1.866946331574581563e-05,4.575508937705308199e-04
7.681411807425320148e-05,1.046921592205762863e-02,9.889861345291137695e-01,3.183378794346936047e-05,4.360474122222512960e-04
5.823287210660055280e-05,5.263888742774724960e-03,9.943209290504455566e-01,2.375819713051896542e-05,3.331283223815262318e-04
3.861020377371460199e-05,3.496696008369326591e-03,9.961889982223510742e-01,1.598049311724025756e-05,2.597037528175860643e-04
2.438549745420459658e-05,2.935604192316532135e-03,9.968181848526000977e-01,9.622734978620428592e-06,2.122214937116950750e-04
1.851031265687197447e-05,2.919449936598539352e-03,9.968540668487548828e-01,6.141991889307973906e-06,2.018243103520944715e-04
1.647803946980275214e-05,3.742193803191184998e-03,9.960278868675231934e-01,5.303515990817686543e-06,2.080947306239977479e-04
1.922682167787570506e-05,3.900879994034767151e-03,9.958535432815551758e-01,5.576232069870457053e-06,2.208457735832780600e-04
2.466123078193049878e-05,3.715228755027055740e-03,9.960165619850158691e-01,7.428714070556452498e-06,2.361341466894373298e-04
2.440101343381684273e-05,3.742243628948926926e-03,9.959453344345092773e-01,1.588905615790281445e-05,2.720719494391232729e-04
2.642004619701765478e-05,4.055074416100978851e-03,9.955414533615112305e-01,4.486993566388264298e-05,3.321645199321210384e-04
2.288349060108885169e-05,3.130394266918301582e-03,9.965239167213439941e-01,3.902317621395923197e-05,2.837211650330573320e-04
1.731253360048867762e-05,2.893439494073390961e-03,9.968515038490295410e-01,1.586725011293310672e-05,2.219331072410568595e-04
1.532761416456196457e-05,2.820937195792794228e-03,9.969711303710937500e-01,6.642254902544664219e-06,1.858771574916318059e-04
1.479746515542501584e-05,2.285881200805306435e-03,9.975325465202331543e-01,3.115413392151822336e-06,1.636840897845104337e-04
1.575560600031167269e-05,1.523874234408140182e-03,9.983082413673400879e-01,1.810969479265622795e-06,1.503937382949516177e-04
1.417664407199481502e-05,1.021911622956395149e-03,9.988260865211486816e-01,1.240371489075187128e-06,1.365448988508433104e-04
1.136754235631087795e-05,7.564775878563523293e-04,9.991098642349243164e-01,9.308914741268381476e-07,1.214722942677326500e-04
9.800096449907869101e-06,6.259038927964866161e-04,9.992527365684509277e-01,7.826648698028293438e-07,1.107154457713477314e-04
9.715600754134356976e-06,5.624500918202102184e-04,9.993191361427307129e-01,7.731387086096219718e-07,1.078731147572398186e-04
9.577799573889933527e-06,5.410166922956705093e-04,9.993415474891662598e-01,8.295873499264416751e-07,1.070653961505740881e-04
9.524913366476539522e-06,5.774185992777347565e-04,9.993016719818115234e-01,1.019574142446799669e-06,1.103120011975988746e-04
1.193356001749634743e-05,9.272207971662282944e-04,9.989300370216369629e-01,1.917963572850567289e-06,1.288457133341580629e-04
2.449988096486777067e-05,1.370469573885202408e-03,9.984281063079833984e-01,6.340036634355783463e-06,1.705504546407610178e-04
3.941996328649111092e-05,1.145933754742145538e-03,9.985972046852111816e-01,1.840613913373090327e-05,1.989761658478528261e-04
3.561670382623560727e-05,7.740440778434276581e-04,9.989840388298034668e-01,2.242856135126203299e-05,1.838407915784046054e-04
2.665409010660368949e-05,5.768588744103908539e-04,9.992129802703857422e-01,2.006083741434849799e-05,1.633969659451395273e-04
1.919408168760128319e-05,4.802409966941922903e-04,9.993394017219543457e-01,1.304843408433953300e-05,1.480751088820397854e-04
3.476020356174558401e-05,5.335327005013823509e-04,9.991637468338012695e-01,3.012522392964456230e-05,2.378400531597435474e-04
2.354488606215454638e-05,5.280578625388443470e-04,9.992325901985168457e-01,1.957711356226354837e-05,1.962600799743086100e-04
1.535929368401411921e-05,6.692822207696735859e-04,9.991213083267211914e-01,1.208730645885225385e-05,1.818962773540988564e-04
1.140933454735204577e-05,8.771377615630626678e-04,9.989203214645385742e-01,9.562703780829906464e-06,1.816412841435521841e-04
1.072303621185710654e-05,1.113544451072812080e-03,9.986773729324340820e-01,9.853843948803842068e-06,1.886284590000286698e-04
1.130987311626086012e-05,1.453518285416066647e-03,9.983144998550415039e-01,1.284567224502097815e-05,2.077455428661778569e-04
1.424022229912225157e-05,1.542479847557842731e-03,9.982152581214904785e-01,1.583215089340228587e-05,2.122186560882255435e-04
1.419573345629032701e-05,1.400933135300874710e-03,9.983717203140258789e-01,1.541201345389708877e-05,1.976477651624009013e-04
1.666860225668642670e-05,9.637085022404789925e-04,9.988015294075012207e-01,1.364414674753788859e-05,2.044116554316133261e-04
2.053768366749864072e-05,8.600989240221679211e-04,9.989228248596191406e-01,8.476142284052912146e-06,1.881053467513993382e-04
2.063423562503885478e-05,8.418984944000840187e-04,9.989582300186157227e-01,4.811585313291288912e-06,1.744629698805510998e-04
2.252098056487739086e-05,6.686964770779013634e-04,9.991480112075805664e-01,2.733841029112227261e-06,1.580889511387795210e-04
2.168806349800433964e-05,5.000691162422299385e-04,9.993304014205932617e-01,1.746877046571171377e-06,1.461181964259594679e-04
1.720628461043816060e-05,3.940464521292597055e-04,9.994522929191589355e-01,1.242007442670001183e-06,1.351356913801282644e-04
1.367228196613723412e-05,3.048936196137219667e-04,9.995544552803039551e-01,9.779104175322572701e-07,1.260086137335747480e-04
1.245982366526732221e-05,2.384541730862110853e-04,9.996286630630493164e-01,8.673106322021340020e-07,1.196223456645384431e-04
1.178257934952853248e-05,1.973806502064689994e-04,9.996757507324218750e-01,8.332068546224036254e-07,1.143261615652590990e-04
1.108013657358242199e-05,1.734025136101990938e-04,9.997062683105468750e-01,8.414251624344615266e-07,1.084270770661532879e-04
9.608547770767472684e-06,1.512791350251063704e-04,9.997375607490539551e-01,8.643579008094093297e-07,1.006665261229500175e-04
8.782840268395375460e-06,1.311598753090947866e-04,9.997609257698059082e-01,9.446378612665284891e-07,9.820562991080805659e-05
9.794677680474705994e-06,1.404669019393622875e-04,9.997437596321105957e-01,1.314587734668748453e-06,1.046752295223996043e-04
1.147037528426153585e-05,1.941643859026953578e-04,9.996753334999084473e-01,2.278469992234022357e-06,1.167344671557657421e-04
2.265991861349903047e-05,2.434073685435578227e-04,9.995561838150024414e-01,8.549695849069394171e-06,1.692374207777902484e-04
3.741372711374424398e-05,2.527594042476266623e-04,9.994576573371887207e-01,3.201643266947939992e-05,2.201480529038235545e-04
3.292495966888964176e-05,2.672766568139195442e-04,9.994646310806274414e-01,3.780680344789288938e-05,1.972235331777483225e-04
2.502893221389967948e-05,2.159402356483042240e-04,9.995543360710144043e-01,2.415049857518170029e-05,1.805535721359774470e-04
1.688377233222126961e-05,1.811468828236684203e-04,9.996286630630493164e-01,1.129471911553991958e-05,1.619300746824592352e-04
1.506239095760975033e-05,2.165366313420236111e-04,9.995939135551452637e-01,7.602067398693179712e-06,1.668841432547196746e-04
1.552147477923426777e-05,3.198483027517795563e-04,9.994583725929260254e-01,8.523627911927178502e-06,1.977557840291410685e-04
1.517213149782037362e-05,3.684255352709442377e-04,9.993893504142761230e-01,1.150733169197337702e-05,2.156169502995908260e-04
1.640548725845292211e-05,3.441063454374670982e-04,9.993859529495239258e-01,1.687449912424199283e-05,2.366501867072656751e-04
2.436195063637569547e-05,4.098189237993210554e-04,9.993321299552917480e-01,1.621964656806085259e-05,2.174573310185223818e-04
2.798486639221664518e-05,5.344294477254152298e-04,9.992181062698364258e-01,1.233742023032391444e-05,2.071654598694294691e-04
2.645294625835958868e-05,5.491354386322200298e-04,9.992245435714721680e-01,7.542152616224484518e-06,1.923374511534348130e-04
2.110849709424655885e-05,4.167924053035676479e-04,9.993969202041625977e-01,3.698121190609526820e-06,1.615874498384073377e-04
1.716575388854835182e-05,3.153950383421033621e-04,9.995247721672058105e-01,2.062844032479915768e-06,1.406257360940799117e-04
1.313406755798496306e-05,2.582241431809961796e-04,9.995967149734497070e-01,1.404880549671361223e-06,1.304557954426854849e-04
1.130303735408233479e-05,2.520452253520488739e-04,9.996072053909301758e-01,1.291909597966878209e-06,1.280756259802728891e-04
1.460182375012664124e-05,2.941027632914483547e-04,9.995436072349548340e-01,2.115526285706437193e-06,1.455603342037647963e-04
2.002056680794339627e-05,2.361375227337703109e-04,9.995710253715515137e-01,3.886179001710843295e-06,1.689144555712118745e-04
2.054843935184180737e-05,1.445613743271678686e-04,9.996500015258789062e-01,4.940513008477864787e-06,1.798422890715301037e-04
1.770055678207427263e-05,1.103509275708347559e-04,9.996973276138305664e-01,4.115193860343424603e-06,1.704538735793903470e-04
1.329270253336289898e-05,9.587692329660058022e-05,9.997205138206481934e-01,3.063105850742431358e-06,1.672946236794814467e-04
1.279422485822578892e-05,1.204195650643669069e-04,9.996883273124694824e-01,2.945841515611391515e-06,1.755139819579198956e-04
2.330666939087677747e-05,1.576654176460579038e-04,9.995455145835876465e-01,7.477323379134759307e-06,2.660359314177185297e-04
1.978075488295871764e-05,2.469110768288373947e-04,9.994490742683410645e-01,1.282679477299097925e-05,2.714618458412587643e-04
1.483666346757672727e-05,4.105907282792031765e-04,9.992308616638183594e-01,3.548346649040468037e-05,3.082002804148942232e-04
1.519295256002806127e-05,4.679268167819827795e-04,9.991366863250732422e-01,7.257379911607131362e-05,3.076056600548326969e-04
2.010126627283170819e-05,5.335886380635201931e-04,9.991478919982910156e-01,5.001751924282871187e-05,2.484065771568566561e-04
2.010770731430966407e-05,6.310088210739195347e-04,9.991136789321899414e-01,2.514683728804811835e-05,2.101745340041816235e-04
1.827816595323383808e-05,6.171301938593387604e-04,9.991813302040100098e-01,1.091856574930716306e-05,1.722542074276134372e-04
1.600233190401922911e-05,4.720812139566987753e-04,9.993577003479003906e-01,4.750460902869235724e-06,1.493540767114609480e-04
1.457249800296267495e-05,3.295692440588027239e-04,9.995163679122924805e-01,2.455544745316728950e-06,1.369576639262959361e-04
1.274431997444480658e-05,2.400760859018191695e-04,9.996204376220703125e-01,1.445124325982760638e-06,1.252953807124868035e-04
1.139731739385752007e-05,1.799510646378621459e-04,9.996909499168395996e-01,9.840906614044797607e-07,1.167175360023975372e-04
9.919428521243389696e-06,1.402314665028825402e-04,9.997407793998718262e-01,7.782363127262215130e-07,1.082948001567274332e-04
9.008559572976082563e-06,1.127026771428063512e-04,9.997722506523132324e-01,7.352210786848445423e-07,1.053465093718841672e-04
8.480588803649879992e-06,1.050683858920820057e-04,9.997790455818176270e-01,7.859297284085187130e-07,1.066648692358285189e-04
8.156543117365799844e-06,1.093180326279252768e-04,9.997655749320983887e-01,1.016570308820519131e-06,1.159347666543908417e-04
1.276481634704396129e-05,1.047366386046633124e-04,9.997346401214599609e-01,2.597359070932725444e-06,1.451255084248259664e-04
2.210371712862979621e-05,8.658892329549416900e-05,9.997071027755737305e-01,7.364720204350305721e-06,1.768804213497787714e-04
2.717624374781735241e-05,7.749650831101462245e-05,9.997120499610900879e-01,9.926071470545139164e-06,1.732183882268145680e-04
2.949351255665533245e-05,7.802376785548403859e-05,9.997206330299377441e-01,1.003798388410359621e-05,1.618229434825479984e-04
2.048635178653057665e-05,7.232906500576063991e-05,9.997483491897583008e-01,5.968421646684873849e-06,1.527921122033149004e-04
1.390359739161795005e-05,6.609015690628439188e-05,9.997785091400146484e-01,3.011415174114517868e-06,1.383609196636825800e-04
1.307853290200000629e-05,6.799768016207963228e-05,9.997784495353698730e-01,2.108275566570227966e-06,1.383588096359744668e-04
1.310783954977523535e-05,7.063577504595741630e-05,9.997717738151550293e-01,1.900661800391389988e-06,1.424924994353204966e-04
1.259620512428227812e-05,8.159021672327071428e-05,9.997448325157165527e-01,2.301843778695911169e-06,1.587232836754992604e-04
1.308973969571525231e-05,9.423983283340930939e-05,9.997254014015197754e-01,2.902508640545420349e-06,1.643299037823453546e-04
1.271554810955421999e-05,9.719442459754645824e-05,9.997226595878601074e-01,3.140500894005526789e-06,1.642877614358440042e-04
1.398690255882684141e-05,8.997617260320112109e-05,9.997099041938781738e-01,3.503341531541082077e-06,1.826452935347333550e-04
1.540332959848456085e-05,9.119667083723470569e-05,9.996932744979858398e-01,3.580594238883350044e-06,1.966244453797116876e-04
1.535686351417098194e-05,9.646022226661443710e-05,9.996879696846008301e-01,3.418396545384894125e-06,1.967212301678955555e-04
2.152698107238393277e-05,1.083057504729367793e-04,9.996640086174011230e-01,4.026046553917694837e-06,2.020729734795168042e-04
2.353671334276441485e-05,1.325990451732650399e-04,9.996491074562072754e-01,3.679079782159533352e-06,1.911218714667484164e-04
2.046331064775586128e-05,1.359740417683497071e-04,9.996815323829650879e-01,2.556642357376404107e-06,1.594712812220677733e-04
1.966380477824714035e-05,1.413699937984347343e-04,9.996868371963500977e-01,2.036044179476448335e-06,1.501978113083168864e-04
1.960685949597973377e-05,1.410433033015578985e-04,9.996893405914306641e-01,1.769345658431120683e-06,1.482986699556931853e-04
1.995792626985348761e-05,1.416062732459977269e-04,9.996857643127441406e-01,1.788930831025936641e-06,1.509305438958108425e-04
1.934833198902197182e-05,1.436611782992258668e-04,9.996812939643859863e-01,1.939863068400882185e-06,1.536734489491209388e-04
1.872207940323278308e-05,1.377341250190511346e-04,9.996838569641113281e-01,2.266509227411006577e-06,1.573739864397794008e-04
1.961716407095082104e-05,1.323259348282590508e-04,9.996861815452575684e-01,2.781873263302259147e-06,1.590085594216361642e-04
2.124961974914185703e-05,1.284410973312333226e-04,9.996879100799560547e-01,3.454359784882399254e-06,1.589347375556826591e-04
2.352713090658653527e-05,1.222535065608099103e-04,9.996906518936157227e-01,4.490214450925122947e-06,1.591036707395687699e-04
2.476500230841338634e-05,1.138593725045211613e-04,9.996941685676574707e-01,5.804140073450980708e-06,1.613644708413630724e-04
2.554749698902014643e-05,1.070157741196453571e-04,9.996895790100097656e-01,7.728818673058412969e-06,1.701665460132062435e-04
3.263413964305073023e-05,1.001583295874297619e-04,9.996453523635864258e-01,1.557083123771008104e-05,2.062448620563372970e-04
5.157971099833957851e-05,8.534555672667920589e-05,9.995504021644592285e-01,3.988786556874401867e-05,2.727926475927233696e-04
5.593160676653496921e-05,7.222022395581007004e-05,9.995303153991699219e-01,5.262301419861614704e-05,2.888483868446201086e-04
5.465581125463359058e-05,6.307401054073125124e-05,9.995410442352294922e-01,5.936799425398930907e-05,2.818880020640790462e-04
4.473867375054396689e-05,6.654977187281474471e-05,9.996003508567810059e-01,4.440981865627691150e-05,2.440458774799481034e-04
5.977966429782100022e-05,1.077330889529548585e-04,9.993792772293090820e-01,9.406984463566914201e-05,3.591250278986990452e-04
3.251221642130985856e-05,1.296804111916571856e-04,9.994546771049499512e-01,7.238233229145407677e-05,3.107819647993892431e-04
2.110457353410311043e-05,1.707252231426537037e-04,9.994640946388244629e-01,5.609725849353708327e-05,2.879017847590148449e-04
1.481404251535423100e-05,1.827078376663848758e-04,9.995419383049011230e-01,2.712396781134884804e-05,2.333802112843841314e-04
1.912607149279210716e-05,2.132834633812308311e-04,9.995114803314208984e-01,2.106180727423634380e-05,2.349884452996775508e-04
2.589016548881772906e-05,2.921058330684900284e-04,9.993950128555297852e-01,2.364172723900992423e-05,2.633400144986808300e-04
5.239156962488777936e-05,3.770060429815202951e-04,9.990741014480590820e-01,6.332226621452718973e-05,4.331697127781808376e-04
3.878609277307987213e-05,4.528346180450171232e-04,9.988698959350585938e-01,1.444672379875555634e-04,4.940367070958018303e-04
3.769850081880576909e-05,4.268409975338727236e-04,9.988754391670227051e-01,1.685101160546764731e-04,4.915103199891746044e-04
3.451845623203553259e-05,3.718317893799394369e-04,9.991716742515563965e-01,7.572108734166249633e-05,3.463163739070296288e-04
2.769620732578914613e-05,3.061032621189951897e-04,9.993954300880432129e-01,2.338468402740545571e-05,2.472812775522470474e-04
2.446192047500517219e-05,2.276359155075624585e-04,9.995427131652832031e-01,8.323821020894683897e-06,1.969481818377971649e-04
2.740634590736590326e-05,1.905903918668627739e-04,9.995881915092468262e-01,4.916987109027104452e-06,1.889209961518645287e-04
3.063276744796894491e-05,1.778866135282441974e-04,9.995929002761840820e-01,4.030352556583238766e-06,1.944749819813296199e-04
3.388601544429548085e-05,1.733843382680788636e-04,9.995810389518737793e-01,4.277541393093997613e-06,2.073718351311981678e-04
3.541618934832513332e-05,1.616068766452372074e-04,9.995874762535095215e-01,4.967650966136716306e-06,2.105673775076866150e-04
3.626515535870566964e-05,1.451565185561776161e-04,9.996072053909301758e-01,5.749872798332944512e-06,2.055807417491450906e-04
3.661258961074054241e-05,1.261697470908984542e-04,9.996362924575805664e-01,6.633860721194650978e-06,1.943333336384966969e-04
3.863392339553683996e-05,1.191726987599395216e-04,9.996405839920043945e-01,8.350862117367796600e-06,1.932707964442670345e-04
3.585902959457598627e-05,1.066256081685423851e-04,9.996511340141296387e-01,1.030851672112476081e-05,1.960724330274388194e-04
3.609484338085167110e-05,8.843358955346047878e-05,9.996287822723388672e-01,1.679445085756015033e-05,2.298752951901406050e-04
6.103527266532182693e-05,7.034777809167280793e-05,9.994722604751586914e-01,5.542425424209795892e-05,3.408658085390925407e-04
7.406660733977332711e-05,5.067747770226560533e-05,9.994013309478759766e-01,8.093658834695816040e-05,3.929759841412305832e-04
7.601737888762727380e-05,5.044270437792874873e-05,9.994144439697265625e-01,8.553305087843909860e-05,3.736460930667817593e-04
7.055754394968971610e-05,5.208489164942875504e-05,9.994575381278991699e-01,7.403716153930872679e-05,3.457748098298907280e-04
8.250711834989488125e-05,6.693939212709665298e-05,9.993878006935119629e-01,8.750557026360183954e-05,3.753372002393007278e-04
9.001144644571468234e-05,8.428845467278733850e-05,9.992652535438537598e-01,1.117786014219745994e-04,4.487049300223588943e-04
9.321725519839674234e-05,1.193141579278744757e-04,9.990996718406677246e-01,1.648337492952123284e-04,5.228605587035417557e-04
8.838106441544368863e-05,2.028861053986474872e-04,9.988553524017333984e-01,2.608400536701083183e-04,5.925825680606067181e-04
1.225505984621122479e-04,3.290984604973345995e-04,9.979292750358581543e-01,7.384972414001822472e-04,8.806169498711824417e-04
1.489128917455673218e-04,4.891938879154622555e-04,9.958273768424987793e-01,2.241233363747596741e-03,1.293263863772153854e-03
1.107956122723408043e-04,5.415424820967018604e-04,9.957609772682189941e-01,2.294778591021895409e-03,1.291905995458364487e-03
1.186212830361910164e-04,6.140973418951034546e-04,9.962991476058959961e-01,1.832316746003925800e-03,1.135819009505212307e-03
9.786195732885971665e-05,6.834006635472178459e-04,9.979760646820068359e-01,5.534188821911811829e-04,6.891956436447799206e-04
9.007602056954056025e-05,6.086893845349550247e-04,9.986503720283508301e-01,1.720396248856559396e-04,4.788007354363799095e-04
1.001356940832920372e-04,4.919030470773577690e-04,9.989070892333984375e-01,8.500172407366335392e-05,4.157957155257463455e-04
9.728242730489000678e-05,3.389414632692933083e-04,9.991024136543273926e-01,6.224223034223541617e-05,3.991914563812315464e-04
8.783154771663248539e-05,2.304137015016749501e-04,9.992134571075439453e-01,5.557934127864427865e-05,4.127050051465630531e-04
8.492190681863576174e-05,1.664967276155948639e-04,9.993012547492980957e-01,5.495818186318501830e-05,3.924628836102783680e-04
8.887306466931477189e-05,1.253152149729430676e-04,9.993238449096679688e-01,6.279037188505753875e-05,3.992101410403847694e-04
1.004926234600134194e-04,9.856808901531621814e-05,9.993447661399841309e-01,7.019933400442823768e-05,3.859744756482541561e-04
9.910431981552392244e-05,8.218647417379543185e-05,9.994094371795654297e-01,6.342156120808795094e-05,3.458572900854051113e-04
9.897718700813129544e-05,6.765827856725081801e-05,9.994444251060485840e-01,6.022744128131307662e-05,3.287775325588881969e-04
8.311117562698200345e-05,6.427143671317026019e-05,9.994870424270629883e-01,5.319475167198106647e-05,3.122927737422287464e-04
7.740107685094699264e-05,4.544116382021456957e-05,9.994159340858459473e-01,6.591522833332419395e-05,3.952523402404040098e-04
8.667889051139354706e-05,3.266334533691406250e-05,9.992837905883789062e-01,9.508780931355431676e-05,5.018274532631039619e-04
8.304968650918453932e-05,3.636382098193280399e-05,9.992212057113647461e-01,1.116257262765429914e-04,5.477687227539718151e-04
6.502465112134814262e-05,3.512114562909118831e-05,9.992384910583496094e-01,1.027592443278990686e-04,5.585933104157447815e-04
4.557288048090413213e-05,3.136551458737812936e-05,9.993212819099426270e-01,7.056278991512954235e-05,5.311546847224235535e-04
3.552945054252631962e-05,3.203934102202765644e-05,9.993810653686523438e-01,4.563050606520846486e-05,5.056726513430476189e-04
3.842392834485508502e-05,3.678450229926966131e-05,9.993711113929748535e-01,3.889139406965114176e-05,5.148167256265878677e-04
5.208136280998587608e-05,6.048911745892837644e-05,9.991381764411926270e-01,6.155276787467300892e-05,6.877376581542193890e-04
3.951236431021243334e-05,8.380936924368143082e-05,9.991748332977294922e-01,5.717848034691996872e-05,6.446133484132587910e-04
2.627446156111545861e-05,1.418172323610633612e-04,9.990698099136352539e-01,9.655372559791430831e-05,6.655345787294209003e-04
3.892924723913893104e-05,1.823057828005403280e-04,9.989422559738159180e-01,1.389467070112004876e-04,6.974563002586364746e-04
6.225665856618434191e-05,2.189299411838874221e-04,9.990298748016357422e-01,1.144491034210659564e-04,5.745723610743880272e-04
7.037958130240440369e-05,1.961272209882736206e-04,9.992498755455017090e-01,5.836019045091234148e-05,4.252825165167450905e-04
8.525257726432755589e-05,1.688347401795908809e-04,9.993513822555541992e-01,3.671867671073414385e-05,3.578905889298766851e-04
7.259989070007577538e-05,1.361006434308364987e-04,9.994397759437561035e-01,2.733477413130458444e-05,3.241483063902705908e-04
5.527112807612866163e-05,9.933464025380089879e-05,9.994928836822509766e-01,2.396068339294288307e-05,3.284732229076325893e-04
4.272142177796922624e-05,7.321222074097022414e-05,9.995215535163879395e-01,2.337311343580950052e-05,3.390539495740085840e-04
2.973682421725243330e-05,5.232651164988055825e-05,9.995693564414978027e-01,2.060701808659359813e-05,3.280139935668557882e-04
2.703688005567528307e-05,4.200080365990288556e-05,9.995858073234558105e-01,2.106248939526267350e-05,3.241622180212289095e-04
3.502371328067965806e-05,4.096248812857083976e-05,9.996134042739868164e-01,2.303087967447936535e-05,2.875307982321828604e-04
4.532020466285757720e-05,4.595419522956945002e-05,9.996210932731628418e-01,2.509334444766864181e-05,2.625921915750950575e-04
4.411497502587735653e-05,4.638848258764483035e-05,9.996168613433837891e-01,2.412036883470136672e-05,2.684601931832730770e-04
4.168981467955745757e-05,2.921803570643533021e-05,9.995319843292236328e-01,2.569316711742430925e-05,3.714153717737644911e-04
3.242801903979852796e-05,1.652123137318994850e-05,9.994451403617858887e-01,2.181137460866011679e-05,4.840105539187788963e-04
2.848885196726769209e-05,1.252552920050220564e-05,9.993118047714233398e-01,2.606258385640103370e-05,6.210757419466972351e-04
3.083342016907408834e-05,1.130288728745654225e-05,9.991552829742431641e-01,4.147171421209350228e-05,7.611131877638399601e-04
3.934660708182491362e-05,1.498219080531271175e-05,9.989495277404785156e-01,7.714837556704878807e-05,9.188726544380187988e-04
4.843862188863568008e-05,1.947904274857137352e-05,9.987626671791076660e-01,1.169910174212418497e-04,1.052348059602081776e-03
6.579339242307469249e-05,2.742728975135833025e-05,9.984721541404724121e-01,1.893273583846166730e-04,1.245255465619266033e-03
9.799400868359953165e-05,4.889028423349373043e-05,9.978281855583190918e-01,4.435084410943090916e-04,1.581401447765529156e-03
1.190946350106969476e-04,8.907696610549464822e-05,9.970552325248718262e-01,7.943254895508289337e-04,1.942306873388588428e-03
9.864163439488038421e-05,1.496021141065284610e-04,9.963496923446655273e-01,1.131698023527860641e-03,2.270271535962820053e-03
9.824834705796092749e-05,2.805914846248924732e-04,9.933798313140869141e-01,3.524900646880269051e-03,2.716330112889409065e-03
1.170378891401924193e-04,4.661460698116570711e-04,9.875724911689758301e-01,9.210674092173576355e-03,2.633515745401382446e-03
1.515325420768931508e-04,6.322936969809234142e-04,9.829604029655456543e-01,1.406165491789579391e-02,2.194194821640849113e-03
1.721136504784226418e-04,7.721020956523716450e-04,9.812067747116088867e-01,1.604643091559410095e-02,1.802612678147852421e-03
1.567051367601379752e-04,9.498974541202187538e-04,9.818567037582397461e-01,1.548840478062629700e-02,1.548246713355183601e-03
1.571049651829525828e-04,1.219034777022898197e-03,9.800482988357543945e-01,1.707513816654682159e-02,1.500424114055931568e-03
1.704379392322152853e-04,1.669473364017903805e-03,9.697884321212768555e-01,2.673814445734024048e-02,1.633464940823614597e-03
1.645686133997514844e-04,2.250700723379850388e-03,9.507370591163635254e-01,4.500333964824676514e-02,1.844317070208489895e-03
1.529240398667752743e-04,2.974631497636437416e-03,9.130679368972778320e-01,8.170700073242187500e-02,2.097436459735035896e-03
1.261593861272558570e-04,3.378476249054074287e-03,8.418609499931335449e-01,1.522473394870758057e-01,2.387101529166102409e-03
1.092581005650572479e-04,2.940227044746279716e-03,7.099578976631164551e-01,2.841811478137969971e-01,2.811442129313945770e-03
9.549994138069450855e-05,2.036662073805928230e-03,5.680344104766845703e-01,4.265656769275665283e-01,3.267700783908367157e-03
1.044864329742267728e-04,1.387460972182452679e-03,5.134758949279785156e-01,4.812822937965393066e-01,3.749878145754337311e-03
1.227383181685581803e-04,1.233237446285784245e-03,6.257201433181762695e-01,3.688756525516510010e-01,4.048244562000036240e-03
1.333682303084060550e-04,1.090234960429370403e-03,8.101263642311096191e-01,1.842477321624755859e-01,4.402289167046546936e-03
1.078409186447970569e-04,8.297460735775530338e-04,9.426472187042236328e-01,5.214554443955421448e-02,4.269631113857030869e-03
8.821400115266442299e-05,5.898227682337164879e-04,9.808754324913024902e-01,1.472614798694849014e-02,3.720243927091360092e-03
8.860039815772324800e-05,4.282433947082608938e-04,9.905613660812377930e-01,5.735051352530717850e-03,3.186727408319711685e-03
1.143214685725979507e-04,3.554442955646663904e-04,9.924750328063964844e-01,4.165818449109792709e-03,2.889299299567937851e-03
2.116083342116326094e-04,3.102418268099427223e-04,9.924573302268981934e-01,4.071020986884832382e-03,2.949745161458849907e-03
4.860708431806415319e-04,3.286881837993860245e-04,9.904634952545166016e-01,5.353058222681283951e-03,3.368592821061611176e-03
1.145831076428294182e-03,4.970947047695517540e-04,9.804128408432006836e-01,1.353132724761962891e-02,4.412850365042686462e-03
1.970250392332673073e-03,8.748679538257420063e-04,9.593955874443054199e-01,3.252787888050079346e-02,5.231351125985383987e-03
2.781754126772284508e-03,1.854430185630917549e-03,9.265884160995483398e-01,6.284391880035400391e-02,5.931528285145759583e-03
2.840278903022408485e-03,3.802400780841708183e-03,8.570156097412109375e-01,1.300798803567886353e-01,6.261693313717842102e-03
1.283004996366798878e-03,4.641527775675058365e-03,9.137521982192993164e-01,7.253112643957138062e-02,7.792060263454914093e-03
5.396406049840152264e-04,6.801983807235956192e-03,8.745543956756591797e-01,1.098597794771194458e-01,8.244136348366737366e-03
4.059115308336913586e-04,8.730026893317699432e-03,6.804158091545104980e-01,3.017289638519287109e-01,8.719281293451786041e-03
2.936529344879090786e-04,8.334528654813766479e-03,4.321881830692291260e-01,5.542702078819274902e-01,4.913467448204755783e-03
1.781317696440964937e-04,7.273898459970951080e-03,3.885558247566223145e-01,6.010774374008178711e-01,2.914672018960118294e-03
1.726367336232215166e-04,6.241008639335632324e-03,4.046401381492614746e-01,5.868730545043945312e-01,2.073174808174371719e-03
1.637137611396610737e-04,5.298764444887638092e-03,3.761768043041229248e-01,6.167986989021301270e-01,1.562113291583955288e-03
1.363036717521026731e-04,4.302332643419504166e-03,2.963951826095581055e-01,6.980350613594055176e-01,1.131119555793702602e-03
7.937045302242040634e-05,3.119086846709251404e-03,1.639098525047302246e-01,8.322066068649291992e-01,6.850446807220578194e-04
3.829662455245852470e-05,1.685343100689351559e-03,6.658580899238586426e-02,9.313480257987976074e-01,3.424475144129246473e-04
1.639505535422358662e-05,8.333796868100762367e-04,2.057021483778953552e-02,9.784488677978515625e-01,1.311486121267080307e-04
7.470246146112913266e-06,5.754223675467073917e-04,7.969601079821586609e-03,9.913846254348754883e-01,6.285976269282400608e-05
3.061806182813597843e-06,3.489726805128157139e-04,2.819911111146211624e-03,9.967975616455078125e-01,3.048797952942550182e-05
1.296740833822696004e-06,1.899788476293906569e-04,9.316602372564375401e-04,9.988624453544616699e-01,1.460875955672236159e-05
6.161995429465605412e-07,7.735746476100757718e-05,2.596012491267174482e-04,9.996564388275146484e-01,5.963688181509496644e-06
2.742901585861545755e-07,3.128924072370864451e-05,7.686710159759968519e-05,9.998888969421386719e-01,2.591865950307692401e-06
1.117953729590226430e-07,1.304052238992881030e-05,2.296683123859111220e-05,9.999629259109497070e-01,1.042023200170660857e-06
3.985107355219952296e-08,5.026322924095438793e-06,6.189095984154846519e-06,9.999884366989135742e-01,3.663483596483274596e-07
1.585317477292846888e-08,2.158817324016126804e-06,1.747030296428420115e-06,9.999958872795104980e-01,1.358293104658514494e-07
7.747972041727280157e-09,1.268752271244011354e-06,6.577174644917249680e-07,9.999979734420776367e-01,6.869841229217854561e-08
1.048138642545382027e-08,2.495408352842787281e-06,8.449504775853711180e-07,9.999965429306030273e-01,1.409554073461549706e-07
5.827119675672065569e-09,1.571975758452026639e-06,4.053602253861754434e-07,9.999979734420776367e-01,1.049463449476206733e-07
2.928540299151904946e-09,8.077758479885233101e-07,1.429132083785589202e-07,9.999989271163940430e-01,5.303399674971842614e-08
2.987160518941323062e-09,1.397033884131815284e-06,1.712399324560465175e-07,9.999982714653015137e-01,9.068864414985000622e-08
2.058478054678403169e-09,1.311830033046135213e-06,1.228607402481429745e-07,9.999984502792358398e-01,9.492747210515517509e-08
1.539686489415714732e-09,1.317652845500560943e-06,9.232046949136929470e-08,9.999984502792358398e-01,9.312373094871873036e-08
1.285362372094311922e-09,1.153937091658008285e-06,5.860024643311589898e-08,9.999986886978149414e-01,7.276675972889279365e-08
1.222705714454264125e-09,9.718838782646344043e-07,3.743304688441639883e-08,9.999989271163940430e-01,5.162958416349283652e-08
1.336157517961567009e-09,8.649153073747584131e-07,2.467660209504174418e-08,9.999990463256835938e-01,3.534524140036410245e-08
1.681500938488511565e-09,9.140772476712299976e-07,1.946688676923713501e-08,9.999990463256835938e-01,2.880484117895321106e-08
2.401537857465996240e-09,9.916085446093347855e-07,1.848837349882614944e-08,9.999990463256835938e-01,2.816560673579715512e-08
4.193388303264100614e-09,1.075865611710469238e-06,2.058388837156144291e-08,9.999989271163940430e-01,3.160860373441209958e-08
7.257793477322138642e-09,1.266952040168689564e-06,2.546963706606675260e-08,9.999985694885253906e-01,3.962119876632641535e-08
1.046794029235798007e-08,1.263767444470431656e-06,2.730601877942717692e-08,9.999985694885253906e-01,4.119214480624577845e-08
1.349262745975465805e-08,1.542148879707383458e-06,3.553647687226657581e-08,9.999982714653015137e-01,5.499516220197619987e-08
1.383123482412429439e-08,2.409361741229076870e-06,5.948664139054926636e-08,9.999974966049194336e-01,1.026974629780852410e-07
1.328126586486177985e-08,3.449237738095689565e-06,8.807130313925881637e-08,9.999963045120239258e-01,1.693981630523921922e-07
1.284297024284342115e-08,4.229549631418194622e-06,1.121826400662939704e-07,9.999954700469970703e-01,2.297997667710660608e-07
1.368363555798168818e-08,4.453831024875398725e-06,1.227423496175106266e-07,9.999952316284179688e-01,2.616009453504375415e-07
1.355275003334099893e-08,4.431055003806250170e-06,1.213494869034548174e-07,9.999952316284179688e-01,2.711382478537416318e-07
1.288490203421588376e-08,4.043330591230187565e-06,1.058574454759764194e-07,9.999955892562866211e-01,2.400837217919615796e-07
1.176578567907426986e-08,3.845184437523130327e-06,9.242882015314535238e-08,9.999958276748657227e-01,2.096315370181400795e-07
1.032152496804883413e-08,3.490835069897002541e-06,7.647302879831840983e-08,9.999963045120239258e-01,1.698124094673403306e-07
8.566349407601592247e-09,3.212462388546555303e-06,6.485503689646066050e-08,9.999965429306030273e-01,1.419471686858742032e-07
8.413472585289127892e-09,3.034240990018588491e-06,6.064856705734200659e-08,9.999967813491821289e-01,1.306298855752174859e-07
8.471555901223837282e-09,3.045204493901110254e-06,6.273461394812329672e-08,9.999966621398925781e-01,1.356408461106184404e-07
7.765192933106845885e-09,3.123734586552018300e-06,6.806271102277605678e-08,9.999966621398925781e-01,1.514961809334636200e-07
7.702060322856141283e-09,3.178459337505046278e-06,7.003852431353152497e-08,9.999965429306030273e-01,1.587278859460639069e-07
1.079701572592739467e-08,3.140647322652512230e-06,7.417408198762132088e-08,9.999966621398925781e-01,1.616787699276756030e-07
1.342762434575206498e-08,3.361145900271367282e-06,8.601291767718066694e-08,9.999964237213134766e-01,1.873751074299434549e-07
2.276803989786913007e-08,3.970866146119078621e-06,1.262093860532331746e-07,9.999955892562866211e-01,2.872647826279717265e-07
7.902810494897494209e-08,5.561372290685540065e-06,2.404163979008444585e-07,9.999934434890747070e-01,6.155528922135999892e-07
2.106901604292943375e-07,6.781101546948775649e-06,4.867185907642124221e-07,9.999911785125732422e-01,1.377903458887885790e-06
3.408758573186787544e-07,7.249537702591624111e-06,8.711778605174913537e-07,9.999891519546508789e-01,2.412527919659623876e-06
2.897797060086304555e-07,6.229558039194671437e-06,1.125806306845333893e-06,9.999896287918090820e-01,2.712591822273680009e-06
1.295941558510094183e-07,4.271597845217911527e-06,9.723650009618722834e-07,9.999926090240478516e-01,1.952052116394042969e-06
3.983648255712068931e-08,2.732107759584323503e-06,6.374098688866070006e-07,9.999954700469970703e-01,1.156568032456561923e-06
1.345382472095479898e-08,1.837622448874753900e-06,3.785052058447035961e-07,9.999971389770507812e-01,6.789439339627278969e-07
5.603224106920379199e-09,1.473253064432356041e-06,2.211413345776236383e-07,9.999979734420776367e-01,4.247790741374046775e-07
3.345818733180294657e-09,1.572221663082018495e-06,1.460859238022749196e-07,9.999979734420776367e-01,3.138897284316044534e-07
2.815044419790524444e-09,1.762131660143495537e-06,1.112463721142376016e-07,9.999978542327880859e-01,2.676695771697268356e-07
2.608336657772269973e-09,1.809144805520190857e-06,9.357562191780743888e-08,9.999978542327880859e-01,2.642198353441926884e-07
2.887771355375434723e-09,1.585131599313172046e-06,7.277189695287233917e-08,9.999980330467224121e-01,2.535054477448284160e-07
4.486346849574829321e-09,1.308609967054508161e-06,6.245785755254473770e-08,9.999982714653015137e-01,2.629942912335536676e-07
8.250363947581718094e-09,1.299243763241975103e-06,7.666653800697531551e-08,9.999982118606567383e-01,3.667612133995135082e-07
8.699274189893912990e-09,1.664964088377018925e-06,1.109171279267684440e-07,9.999977350234985352e-01,5.069328494755609427e-07
6.683974262955416634e-09,1.759995370775868651e-06,1.217547520582229481e-07,9.999976158142089844e-01,4.849352421842922922e-07
4.772322093060665793e-09,1.402964585395238828e-06,8.952257246619410580e-08,9.999982118606567383e-01,2.863053509827295784e-07
3.779958124283666621e-09,1.097524773285840638e-06,5.832938398953046999e-08,9.999986886978149414e-01,1.562078750794171356e-07
8.050211164345455472e-09,9.550494723953306675e-07,4.785304241750054643e-08,9.999989271163940430e-01,1.064998400579497684e-07
2.473998961249890272e-08,9.138489645010849927e-07,4.977466616651327058e-08,9.999989271163940430e-01,9.544780965597965405e-08
3.329078523961470637e-08,8.989485991151013877e-07,5.280064385715377284e-08,9.999988079071044922e-01,9.582942794850168866e-08
2.903009388433019922e-08,9.208082474287948571e-07,5.367562394553715421e-08,9.999989271163940430e-01,8.875088042259449139e-08
1.601323873501314665e-08,8.524436907464405522e-07,4.406327036576840328e-08,9.999990463256835938e-01,6.897965221241975087e-08
9.322337568562488741e-09,7.537158239756536204e-07,3.402063342150540848e-08,9.999991059303283691e-01,5.263734337290770782e-08
6.611308833726070588e-09,6.799774610044551082e-07,2.761793638228482450e-08,9.999991059303283691e-01,4.288496313620271394e-08
6.637843608103821680e-09,6.793674742766597774e-07,2.388975417488836683e-08,9.999991059303283691e-01,3.655161862070599454e-08
7.241311106298553568e-09,9.110269729717401788e-07,2.540622112690016365e-08,9.999989271163940430e-01,4.277492493542922603e-08
1.036138819188181515e-08,1.010918481370026711e-06,2.893170147899581934e-08,9.999989271163940430e-01,5.044022444167239883e-08
3.109571622417206527e-08,1.184484290206455626e-06,4.327088731770345476e-08,9.999986886978149414e-01,7.541590463233660557e-08
1.187801572655189375e-07,1.878247985587222502e-06,8.022900033211044502e-08,9.999977350234985352e-01,1.361780732622719370e-07
1.615331228776994976e-07,2.662457745827850886e-06,1.290483027105437941e-07,9.999969005584716797e-01,2.309488138507731492e-07
1.752166838286939310e-07,2.768563035715487786e-06,1.531352751271697343e-07,9.999966621398925781e-01,2.753172054781316547e-07
2.143594031167594949e-07,2.850182681868318468e-06,2.042242783772962866e-07,9.999964237213134766e-01,3.543074456047179410e-07
2.564276542216248345e-07,3.417177367737167515e-06,3.188470714121649507e-07,9.999953508377075195e-01,5.834816647620755248e-07
2.952781699150364147e-07,5.498095561051741242e-06,5.840846029059321154e-07,9.999923706054687500e-01,1.311083337895979639e-06
2.651869408509810455e-07,6.902907898620469496e-06,9.477880098529567476e-07,9.999895691871643066e-01,2.413908759990590625e-06
1.552012633965205168e-07,5.827640052302740514e-06,1.150269554273108952e-06,9.999899268150329590e-01,2.816807636918383650e-06
3.978653921876684763e-07,1.042728490574518219e-05,1.449421006327611394e-06,9.999844431877136230e-01,3.451185648373211734e-06
6.421378202503547072e-07,2.176497582695446908e-05,2.159725454475847073e-06,9.999704360961914062e-01,4.900214207737008110e-06
5.176163995201932266e-07,3.425607064855284989e-05,2.902514097513630986e-06,9.999556541442871094e-01,6.756397397111868486e-06
4.385150873531529214e-07,4.959639045409858227e-05,3.953767190978396684e-06,9.999357461929321289e-01,1.031080773827852681e-05
5.153746656105795410e-07,6.415128882508724928e-05,6.280201887420844287e-06,9.999098777770996094e-01,1.916170913318637758e-05
8.562673770029505249e-07,8.035032806219533086e-05,1.106783292925683782e-05,9.998700022697448730e-01,3.777926394832320511e-05
1.016601231640379410e-06,1.148762239608913660e-04,1.626427183509804308e-05,9.998013973236083984e-01,6.640946958214044571e-05
1.062051410372077953e-06,1.831088593462482095e-04,2.560195935075171292e-05,9.996526241302490234e-01,1.375204592477530241e-04
1.533013573862263002e-06,2.422457764623686671e-04,4.056870602653361857e-05,9.993764758110046387e-01,3.392150101717561483e-04
2.012242930504726246e-06,2.419721713522449136e-04,4.737650669994764030e-05,9.991379380226135254e-01,5.706356605514883995e-04
1.606535306564182974e-06,1.697368716122582555e-04,4.561449168249964714e-05,9.992794990539550781e-01,5.035153590142726898e-04
1.139616983891755808e-06,1.661382702877745032e-04,3.218913479940965772e-05,9.994599223136901855e-01,3.406147588975727558e-04
6.687806717309285887e-07,1.411960547557100654e-04,1.965561023098416626e-05,9.996377825736999512e-01,2.007133589359000325e-04
5.406197374213661533e-07,1.195120785268954933e-04,9.026567568071186543e-06,9.997729063034057617e-01,9.793963545234873891e-05
4.009013423456053715e-07,9.891462832456454635e-05,5.035717549617402256e-06,9.998409152030944824e-01,5.471526310429908335e-05
3.707671680786006618e-07,7.938362250570207834e-05,3.781980012718122452e-06,9.998762011528015137e-01,4.036432437715120614e-05
3.248589734994311584e-07,6.177081377245485783e-05,3.163668452543788590e-06,9.999024271965026855e-01,3.223044768674299121e-05
2.218963430777876056e-07,6.024455797160044312e-05,2.554585080360993743e-06,9.999125003814697266e-01,2.449511521263048053e-05
1.550027519670038600e-07,5.503648571902886033e-05,2.530825895519228652e-06,9.999207258224487305e-01,2.153511377400718629e-05
1.183505844437604537e-07,3.899442162946797907e-05,2.702890014916192740e-06,9.999383687973022461e-01,1.983277616091072559e-05
6.999486146241906681e-08,2.378685167059302330e-05,2.164340003218967468e-06,9.999597668647766113e-01,1.404445811203913763e-05
2.607452742608984408e-08,1.631852501304820180e-05,1.412639221598510630e-06,9.999737739562988281e-01,8.403966603509616107e-06
1.399483462449779836e-08,1.661960413912311196e-05,8.742748036638658959e-07,9.999772310256958008e-01,5.357411282602697611e-06
6.904069316249206167e-09,1.322265779890585691e-05,6.453067271650070325e-07,9.999821186065673828e-01,4.048960363434161991e-06
5.050383222737764299e-09,8.646666174172423780e-06,4.674798219639342278e-07,9.999877810478210449e-01,3.014969706782721914e-06
4.190733537967616940e-09,5.735255854233400896e-06,2.892628288009291282e-07,9.999921321868896484e-01,1.894041133709833957e-06
3.612679488895764734e-09,3.514394165904377587e-06,1.841911370092930156e-07,9.999952316284179688e-01,1.159511270998336840e-06
3.739799137036925458e-09,1.826532979976036586e-06,1.119874468713533133e-07,9.999973773956298828e-01,7.096533067851851229e-07
3.995410224888473749e-09,9.533168849884532392e-07,6.694912002558339736e-08,9.999985694885253906e-01,4.411774341406271560e-07
3.268131987255173954e-09,6.869641424600558821e-07,4.752676474595318723e-08,9.999989271163940430e-01,2.522420174955186667e-07
2.566350909560810578e-09,7.601722700201207772e-07,4.256990138173932792e-08,9.999990463256835938e-01,1.820075823388833669e-07
1.556163864435688993e-09,9.063292054634075612e-07,4.166117051340734179e-08,9.999988079071044922e-01,1.608328119573343429e-07
9.169947579046322517e-10,9.804457477002870291e-07,3.548364801986281236e-08,9.999989271163940430e-01,1.347628852954585454e-07
5.598093655301283889e-10,1.035482000588672236e-06,2.827217393530645495e-08,9.999988079071044922e-01,1.086515268866605766e-07
4.456647828554594071e-10,1.508067953182035126e-06,2.694366152411475923e-08,9.999982714653015137e-01,1.170071257661220443e-07
7.362893073015186474e-10,1.772170890035340562e-06,2.561877288087544002e-08,9.999980330467224121e-01,1.073875424140169343e-07
1.422329587441595322e-09,2.333717475266894326e-06,3.283040683754734346e-08,9.999974966049194336e-01,1.354160730215880903e-07
2.943441712588423798e-09,3.466110911176656373e-06,5.318006301990862994e-08,9.999963045120239258e-01,2.340217406526790000e-07
6.636691640693470617e-09,5.198219241719925776e-06,9.605194151163232164e-08,9.999941587448120117e-01,4.573828675802360522e-07
1.405306626622859767e-08,7.029020252957707271e-06,1.718311466447630664e-07,9.999918341636657715e-01,8.421910138167731930e-07
2.528685882907666382e-08,9.217733349942136556e-06,3.010181899298913777e-07,9.999890327453613281e-01,1.480927380725916009e-06
3.505065748754532251e-08,1.300711119256448001e-05,5.513840619641996454e-07,9.999834299087524414e-01,2.930204118456458673e-06
6.143514497125579510e-08,1.998253173951525241e-05,1.158581653726287186e-06,9.999716281890869141e-01,7.164661838032770902e-06
1.084256737726718711e-07,2.970864989038091153e-05,2.494109139661304653e-06,9.999501109123229980e-01,1.754329059622250497e-05
1.661068154135136865e-07,4.043976514367386699e-05,5.741932909586466849e-06,9.999110698699951172e-01,4.257052933098748326e-05
2.034597059719089884e-07,5.126800169819034636e-05,1.037035144690889865e-05,9.998595118522644043e-01,7.875083974795415998e-05
3.332997380312008318e-07,7.050594285828992724e-05,1.747762871673330665e-05,9.997708201408386230e-01,1.408265088684856892e-04
7.792515361870755441e-07,1.026302634272724390e-04,3.080265014432370663e-05,9.995973706245422363e-01,2.684112987481057644e-04
1.669072162258089520e-06,1.327758218394592404e-04,5.370939470594748855e-05,9.993377327919006348e-01,4.740581498481333256e-04
2.533791530368034728e-06,1.531013404019176960e-04,8.982981671579182148e-05,9.989871978759765625e-01,7.673735381104052067e-04
3.172484639435424469e-06,1.699399872450158000e-04,1.409123506164178252e-04,9.984623193740844727e-01,1.223659608513116837e-03
3.290987478976603597e-06,1.304551697103306651e-04,1.441914064344018698e-04,9.986347556114196777e-01,1.087260781787335873e-03
3.154630121571244672e-06,8.450133464066311717e-05,9.804355067899450660e-05,9.992573857307434082e-01,5.569320637732744217e-04
2.739535830187378451e-06,6.642049265792593360e-05,8.019935921765863895e-05,9.994559288024902344e-01,3.948249213863164186e-04
3.142627747365622781e-06,7.331521919695660472e-05,1.059317364706657827e-04,9.991195797920227051e-01,6.980045582167804241e-04
4.544573585008038208e-06,9.310220775660127401e-05,1.909719285322353244e-04,9.977268576622009277e-01,1.984510337933897972e-03
7.101316896296339110e-06,1.157310616690665483e-04,3.129997057840228081e-04,9.944778680801391602e-01,5.086309276521205902e-03
1.268348933081142604e-05,1.327527861576527357e-04,5.618649302050471306e-04,9.846118688583374023e-01,1.468075718730688095e-02
2.783729723887518048e-05,1.403653877787292004e-04,7.827508379705250263e-04,9.693501591682434082e-01,2.969879657030105591e-02
8.947235619416460395e-05,1.496103941462934017e-04,8.859998197294771671e-04,9.509198069572448730e-01,4.795506596565246582e-02
2.209108497481793165e-04,1.270751818083226681e-04,1.006850157864391804e-03,9.117422103881835938e-01,8.690302073955535889e-02
4.281935689505189657e-04,9.950027015293017030e-05,1.464191358536481857e-03,7.536388635635375977e-01,2.443692088127136230e-01
6.741896504536271095e-04,7.991397433215752244e-05,1.414592727087438107e-03,5.735111236572265625e-01,4.243201613426208496e-01
6.682904204353690147e-04,7.303189340746030211e-05,1.014267094433307648e-03,5.222159624099731445e-01,4.760283827781677246e-01
7.059230701997876167e-04,6.659345672233030200e-05,7.139861118048429489e-04,5.117763876914978027e-01,4.867370724678039551e-01
1.489637419581413269e-03,4.560975139611400664e-05,7.064698729664087296e-04,3.241638839244842529e-01,6.735944151878356934e-01
9.989117980003356934e-01,9.235991882405869546e-08,2.217737574028433301e-06,3.586106467992067337e-04,7.272060029208660126e-04
