9.031362533569335938e-01,9.686369448900222778e-02
9.857997894287109375e-01,1.420020405203104019e-02
9.962356686592102051e-01,3.764400258660316467e-03
9.987475275993347168e-01,1.252550515346229076e-03
9.996476173400878906e-01,3.523188352119177580e-04
9.998703002929687500e-01,1.296685368288308382e-04
9.998959302902221680e-01,1.040104107232764363e-04
9.998967647552490234e-01,1.031796418828889728e-04
9.998638629913330078e-01,1.361531030852347612e-04
9.997998476028442383e-01,2.000744570977985859e-04
9.995975494384765625e-01,4.023655201308429241e-04
9.990400075912475586e-01,9.600689518265426159e-04
9.983239769935607910e-01,1.676051528193056583e-03
9.990656971931457520e-01,9.343059500679373741e-04
9.995877146720886230e-01,4.123245598748326302e-04
9.996941685676574707e-01,3.057724097743630409e-04
9.995975494384765625e-01,4.023901128675788641e-04
9.995996356010437012e-01,4.003373032901436090e-04
9.994551539421081543e-01,5.448968149721622467e-04
9.993197917938232422e-01,6.802414427511394024e-04
9.990776777267456055e-01,9.223537635989487171e-04
9.988934993743896484e-01,1.106440438888967037e-03
9.985854029655456543e-01,1.414575148373842239e-03
9.985012412071228027e-01,1.498735859058797359e-03
9.989583492279052734e-01,1.041648327372968197e-03
9.992427825927734375e-01,7.571949972771108150e-04
9.994781017303466797e-01,5.218308651819825172e-04
9.995318055152893066e-01,4.681763239204883575e-04
9.994260668754577637e-01,5.739512853324413300e-04
9.990996718406677246e-01,9.003299637697637081e-04
9.990637898445129395e-01,9.362352429889142513e-04
9.991995096206665039e-01,8.003906114026904106e-04
9.992678165435791016e-01,7.322888122871518135e-04
9.993042349815368652e-01,6.957983714528381824e-04
9.994681477546691895e-01,5.319168558344244957e-04
9.996458888053894043e-01,3.541674523148685694e-04
9.997251629829406738e-01,2.748281403910368681e-04
9.996823072433471680e-01,3.176578029524534941e-04
9.997095465660095215e-01,2.904100692830979824e-04
9.997025132179260254e-01,2.974798844661563635e-04
9.997445940971374512e-01,2.553876547608524561e-04
9.998434782028198242e-01,1.565285929245874286e-04
9.998453855514526367e-01,1.545698905829340219e-04
9.998213052749633789e-01,1.786126522347331047e-04
9.998089075088500977e-01,1.910522696562111378e-04
9.997986555099487305e-01,2.012573240790516138e-04
9.998366832733154297e-01,1.632591156521812081e-04
9.998850822448730469e-01,1.149362797150388360e-04
9.998969435691833496e-01,1.030595594784244895e-04
9.998861551284790039e-01,1.138465668191201985e-04
9.998661279678344727e-01,1.338318688794970512e-04
9.998340606689453125e-01,1.659561530686914921e-04
9.997755289077758789e-01,2.244031638838350773e-04
9.997357130050659180e-01,2.641703758854418993e-04
9.997319579124450684e-01,2.679795434232801199e-04
9.996830224990844727e-01,3.169602423440665007e-04
9.997991919517517090e-01,2.007929870160296559e-04
9.998933076858520508e-01,1.066292752511799335e-04
9.999067187309265137e-01,9.321290417574346066e-05
9.999123811721801758e-01,8.755706949159502983e-05
9.999340772628784180e-01,6.589499389519914985e-05
9.999545812606811523e-01,4.540672671282663941e-05
9.999516010284423828e-01,4.836647349293343723e-05
9.998797178268432617e-01,1.202659987029619515e-04
9.998933076858520508e-01,1.067085177055560052e-04
9.999157786369323730e-01,8.426498243352398276e-05
9.999304413795471191e-01,6.948452210053801537e-05
9.999355077743530273e-01,6.445687176892533898e-05
9.999285340309143066e-01,7.138978980947285891e-05
9.999281764030456543e-01,7.193056808318942785e-05
9.999234676361083984e-01,7.647620805073529482e-05
9.999319314956665039e-01,6.810353079345077276e-05
9.999387860298156738e-01,6.112666596891358495e-05
9.999424219131469727e-01,5.752744255005382001e-05
9.999586343765258789e-01,4.130632805754430592e-05
9.999452829360961914e-01,5.469966345117427409e-05
9.999260902404785156e-01,7.384577475022524595e-05
9.999126791954040527e-01,8.723210339667275548e-05
9.999350309371948242e-01,6.501962343463674188e-05
9.999549388885498047e-01,4.502390584093518555e-05
9.999620914459228516e-01,3.790572372963652015e-05
9.999696016311645508e-01,3.044596451218239963e-05
9.999794363975524902e-01,2.048051283054519445e-05
9.999866485595703125e-01,1.337149387836689129e-05
9.999853968620300293e-01,1.459916347812395543e-05
9.999828338623046875e-01,1.717859231575857848e-05
9.999834895133972168e-01,1.650782905926462263e-05
9.999870061874389648e-01,1.303526187257375568e-05
9.999844431877136230e-01,1.559203519718721509e-05
9.999800920486450195e-01,1.996624450839590281e-05
9.999853372573852539e-01,1.462744057789677754e-05
9.999855756759643555e-01,1.448338389309355989e-05
9.999875426292419434e-01,1.238979530171491206e-05
9.999895691871643066e-01,1.043407974066212773e-05
9.999893903732299805e-01,1.059129863278940320e-05
9.999881982803344727e-01,1.178550155600532889e-05
9.999902248382568359e-01,9.760224202182143927e-06
9.999928474426269531e-01,7.141038622648920864e-06
9.999924898147583008e-01,7.556804121122695506e-06
9.999934434890747070e-01,6.535491593240294605e-06
9.999929070472717285e-01,7.053785793686984107e-06
9.999922513961791992e-01,7.788306902511976659e-06
9.999909996986389160e-01,8.943348802858963609e-06
9.999924898147583008e-01,7.487227776437066495e-06
9.999936819076538086e-01,6.337745162454666570e-06
9.999924898147583008e-01,7.460179404006339610e-06
9.999902248382568359e-01,9.793454410100821406e-06
9.999920129776000977e-01,7.939048373373225331e-06
9.999933242797851562e-01,6.732650490448577330e-06
9.999939203262329102e-01,6.129885150585323572e-06
9.999914169311523438e-01,8.532614629075396806e-06
9.999887943267822266e-01,1.116341900342376903e-05
9.999825954437255859e-01,1.735773184918798506e-05
9.999606013298034668e-01,3.936391294701024890e-05
9.999568462371826172e-01,4.316124250181019306e-05
9.999228715896606445e-01,7.710204226896166801e-05
9.998692274093627930e-01,1.307274214923381805e-04
9.998458027839660645e-01,1.542677055113017559e-04
9.999451637268066406e-01,5.488045280799269676e-05
9.999693632125854492e-01,3.061332245124503970e-05
9.999646544456481934e-01,3.528019806253723800e-05
9.999350309371948242e-01,6.499272421933710575e-05
9.999173879623413086e-01,8.259047899628058076e-05
9.999145269393920898e-01,8.552505460102111101e-05
9.998843669891357422e-01,1.155905338237062097e-04
9.998595118522644043e-01,1.405643270118162036e-04
9.998574256896972656e-01,1.425614173058420420e-04
9.998830556869506836e-01,1.168894232250750065e-04
9.998992085456848145e-01,1.007108876365236938e-04
9.998872280120849609e-01,1.127575014834292233e-04
9.998456239700317383e-01,1.543330290587618947e-04
9.997559189796447754e-01,2.440307580400258303e-04
9.997039437294006348e-01,2.960630808956921101e-04
9.997348189353942871e-01,2.651380491442978382e-04
9.997231960296630859e-01,2.768328413367271423e-04
9.996364712715148926e-01,3.635653993114829063e-04
9.995602965354919434e-01,4.396618751343339682e-04
9.996820688247680664e-01,3.179356863256543875e-04
9.997490644454956055e-01,2.509781043045222759e-04
9.997908473014831543e-01,2.091685601044446230e-04
9.998413324356079102e-01,1.586448779562488198e-04
9.998382329940795898e-01,1.616939844097942114e-04
9.997698664665222168e-01,2.301042986800894141e-04
9.997782707214355469e-01,2.216426946688443422e-04
9.998113512992858887e-01,1.886903482954949141e-04
9.998109936714172363e-01,1.890377898234874010e-04
9.997688531875610352e-01,2.310718700755387545e-04
9.997770190238952637e-01,2.230219542980194092e-04
9.996440410614013672e-01,3.559483739081770182e-04
9.996408820152282715e-01,3.590519190765917301e-04
9.996904730796813965e-01,3.094830026384443045e-04
9.997311234474182129e-01,2.688775712158530951e-04
9.998679161071777344e-01,1.320980954915285110e-04
9.999393224716186523e-01,6.063674663892015815e-05
9.999390840530395508e-01,6.093622505431994796e-05
9.999047517776489258e-01,9.529788076179102063e-05
9.998383522033691406e-01,1.615828368812799454e-04
9.998232126235961914e-01,1.767141802702099085e-04
9.998247623443603516e-01,1.752308307914063334e-04
9.998016357421875000e-01,1.983679685508832335e-04
9.997304677963256836e-01,2.695572038646787405e-04
9.997669458389282227e-01,2.330052520846948028e-04
9.998030066490173340e-01,1.969605800695717335e-04
9.998325705528259277e-01,1.674756349530071020e-04
9.998043179512023926e-01,1.956571941263973713e-04
9.997167587280273438e-01,2.832213067449629307e-04
9.996346235275268555e-01,3.654182946775108576e-04
9.995476007461547852e-01,4.524519317783415318e-04
9.995006918907165527e-01,4.993473412469029427e-04
9.995708465576171875e-01,4.290951474104076624e-04
9.995715022087097168e-01,4.284979077056050301e-04
9.995610117912292480e-01,4.389571840874850750e-04
9.995896220207214355e-01,4.104026593267917633e-04
9.996683597564697266e-01,3.316852671559900045e-04
9.996579885482788086e-01,3.419845888856798410e-04
9.996725320816040039e-01,3.274495247751474380e-04
9.996507167816162109e-01,3.492498653940856457e-04
9.996527433395385742e-01,3.472278185654431581e-04
9.996966719627380371e-01,3.032785898540169001e-04
9.997178316116333008e-01,2.821696107275784016e-04
9.996950030326843262e-01,3.049564256798475981e-04
9.995411038398742676e-01,4.588806768879294395e-04
9.994963407516479492e-01,5.036121001467108727e-04
9.995088577270507812e-01,4.911507130600512028e-04
9.994885325431823730e-01,5.114845698699355125e-04
9.995781183242797852e-01,4.218064132146537304e-04
9.996535181999206543e-01,3.464509791228920221e-04
9.995146989822387695e-01,4.852672864217311144e-04
9.993284940719604492e-01,6.715657073073089123e-04
9.994322061538696289e-01,5.678239976987242699e-04
9.995049834251403809e-01,4.950370057485997677e-04
9.995061159133911133e-01,4.938953788951039314e-04
9.996820688247680664e-01,3.180045168846845627e-04
9.998202323913574219e-01,1.797841541701927781e-04
9.998473525047302246e-01,1.526581181678920984e-04
9.998595118522644043e-01,1.405127259204164147e-04
9.998514652252197266e-01,1.484655076637864113e-04
9.998302459716796875e-01,1.697796105872839689e-04
9.997536540031433105e-01,2.463874989189207554e-04
9.996764063835144043e-01,3.235608746763318777e-04
9.997189044952392578e-01,2.810899168252944946e-04
9.997399449348449707e-01,2.600254374556243420e-04
9.998466968536376953e-01,1.532387977931648493e-04
9.998788833618164062e-01,1.211301059811376035e-04
9.998987913131713867e-01,1.012519278447143734e-04
9.999310970306396484e-01,6.892662349855527282e-05
9.999412298202514648e-01,5.879778473172336817e-05
9.999231696128845215e-01,7.672458013985306025e-05
9.998786449432373047e-01,1.213051291415467858e-04
9.999013543128967285e-01,9.853782830759882927e-05
9.999152421951293945e-01,8.469980821246281266e-05
9.999230504035949707e-01,7.697383989579975605e-05
9.999201297760009766e-01,7.984807598404586315e-05
9.998997449874877930e-01,1.002339049591682851e-04
9.998593330383300781e-01,1.406702649546787143e-04
9.998401403427124023e-01,1.598341186763718724e-04
9.996372461318969727e-01,3.627715632319450378e-04
9.974867105484008789e-01,2.513301791623234749e-03
9.913429021835327148e-01,8.657100610435009003e-03
9.837404489517211914e-01,1.625954173505306244e-02
9.834744334220886230e-01,1.652555726468563080e-02
9.578797221183776855e-01,4.212020710110664368e-02
6.210757493972778320e-01,3.789243102073669434e-01
3.347619175910949707e-01,6.652380228042602539e-01
1.902031749486923218e-01,8.097967505455017090e-01
5.464059486985206604e-02,9.453594088554382324e-01
3.591844066977500916e-02,9.640815854072570801e-01
3.522443771362304688e-02,9.647755622863769531e-01
2.235594578087329865e-02,9.776440262794494629e-01
1.224946230649948120e-02,9.877505302429199219e-01
7.354091387242078781e-03,9.926458001136779785e-01
5.226207897067070007e-03,9.947737455368041992e-01
4.473447334021329880e-03,9.955264925956726074e-01
4.195281304419040680e-03,9.958046674728393555e-01
3.493874333798885345e-03,9.965060353279113770e-01
3.099142108112573624e-03,9.969008564949035645e-01
3.063474083319306374e-03,9.969365000724792480e-01
3.177562728524208069e-03,9.968224167823791504e-01
3.123618895187973976e-03,9.968764185905456543e-01
3.011229913681745529e-03,9.969887733459472656e-01
2.670157700777053833e-03,9.973297715187072754e-01
2.423749770969152451e-03,9.975762963294982910e-01
2.372458577156066895e-03,9.976274967193603516e-01
2.593640238046646118e-03,9.974062442779541016e-01
2.683578059077262878e-03,9.973164200782775879e-01
2.614640630781650543e-03,9.973853230476379395e-01
3.052173880860209465e-03,9.969478249549865723e-01
3.411811310797929764e-03,9.965882301330566406e-01
4.426660481840372086e-03,9.955732822418212891e-01
4.577789455652236938e-03,9.954221844673156738e-01
3.909751772880554199e-03,9.960902333259582520e-01
4.086243454366922379e-03,9.959136843681335449e-01
4.685766063630580902e-03,9.953141808509826660e-01
4.247424658387899399e-03,9.957525730133056641e-01
3.435813821852207184e-03,9.965641498565673828e-01
3.986816853284835815e-03,9.960131049156188965e-01
3.317523747682571411e-03,9.966824054718017578e-01
2.977706957608461380e-03,9.970223903656005859e-01
3.278887597844004631e-03,9.967210292816162109e-01
4.099299665540456772e-03,9.959006905555725098e-01
4.220570903271436691e-03,9.957793951034545898e-01
4.197472240775823593e-03,9.958025217056274414e-01
4.363196901977062225e-03,9.956367015838623047e-01
5.844156257808208466e-03,9.941557645797729492e-01
6.408241111785173416e-03,9.935917258262634277e-01
6.658694706857204437e-03,9.933412671089172363e-01
8.750573731958866119e-03,9.912493824958801270e-01
9.020132012665271759e-03,9.909798502922058105e-01
1.023337431252002716e-02,9.897666573524475098e-01
1.310864090919494629e-02,9.868913292884826660e-01
1.681137457489967346e-02,9.831886291503906250e-01
1.763203553855419159e-02,9.823678731918334961e-01
1.861830241978168488e-02,9.813816547393798828e-01
1.947647519409656525e-02,9.805234670639038086e-01
2.513144910335540771e-02,9.748684763908386230e-01
2.207427658140659332e-02,9.779257178306579590e-01
2.490442246198654175e-02,9.750955700874328613e-01
3.405996039509773254e-02,9.659400582313537598e-01
4.653174430131912231e-02,9.534682631492614746e-01
9.509160369634628296e-02,9.049083590507507324e-01
1.437618732452392578e-01,8.562381267547607422e-01
2.730903327465057373e-01,7.269097566604614258e-01
5.480383634567260742e-01,4.519616663455963135e-01
7.702273726463317871e-01,2.297726720571517944e-01
8.733543157577514648e-01,1.266456544399261475e-01
9.486812949180603027e-01,5.131867527961730957e-02
9.886686801910400391e-01,1.133131049573421478e-02
9.892587661743164062e-01,1.074117887765169144e-02
9.979039430618286133e-01,2.096023876219987869e-03
9.990284442901611328e-01,9.715685155242681503e-04
9.996117353439331055e-01,3.882691380567848682e-04
9.997550845146179199e-01,2.449487219564616680e-04
9.998961091041564941e-01,1.039768903865478933e-04
9.998984336853027344e-01,1.015672969515435398e-04
9.999008178710937500e-01,9.921383025357499719e-05
9.998013973236083984e-01,1.986114075407385826e-04
9.997951388359069824e-01,2.048314054263755679e-04
9.998075962066650391e-01,1.923906529555097222e-04
9.998307228088378906e-01,1.692253135843202472e-04
9.998360276222229004e-01,1.640627597225829959e-04
9.997986555099487305e-01,2.012715267483144999e-04
9.996973872184753418e-01,3.026201447937637568e-04
9.997720718383789062e-01,2.278200990986078978e-04
9.997636079788208008e-01,2.364843676332384348e-04
9.997192025184631348e-01,2.807775163091719151e-04
9.996650218963623047e-01,3.349313337821513414e-04
9.997269511222839355e-01,2.729805419221520424e-04
9.997432827949523926e-01,2.566893526818603277e-04
9.997658729553222656e-01,2.340370410820469260e-04
9.996861219406127930e-01,3.139165346510708332e-04
9.995440244674682617e-01,4.559948865789920092e-04
9.988887906074523926e-01,1.111277961172163486e-03
9.973553419113159180e-01,2.644716994836926460e-03
9.939723014831542969e-01,6.027654279023408890e-03
9.775049090385437012e-01,2.249509282410144806e-02
8.492989540100097656e-01,1.507010608911514282e-01
2.944809757173061371e-02,9.705519080162048340e-01
7.375305285677313805e-04,9.992625117301940918e-01
1.643675204832106829e-04,9.998356103897094727e-01
1.050426290021277964e-04,9.998950362205505371e-01
1.221305719809606671e-04,9.998778104782104492e-01
1.942699600476771593e-04,9.998056888580322266e-01
2.173304528696462512e-04,9.997827410697937012e-01
1.916036708280444145e-04,9.998083710670471191e-01
1.640111440792679787e-04,9.998360276222229004e-01
1.426929520675912499e-04,9.998573660850524902e-01
2.240439207525923848e-04,9.997759461402893066e-01
3.226386324968189001e-04,9.996774196624755859e-01
2.850234741345047951e-04,9.997149109840393066e-01
3.648271958809345961e-04,9.996351003646850586e-01
3.048153885174542665e-04,9.996951818466186523e-01
3.164495283272117376e-04,9.996836185455322266e-01
2.384507679380476475e-04,9.997615218162536621e-01
1.862103526946157217e-04,9.998137950897216797e-01
1.798637240426614881e-04,9.998201727867126465e-01
1.448318507755175233e-04,9.998552203178405762e-01
1.352806284558027983e-04,9.998646974563598633e-01
1.378596207359805703e-04,9.998620748519897461e-01
1.614152715774253011e-04,9.998385906219482422e-01
1.847164967330172658e-04,9.998152852058410645e-01
2.243627386633306742e-04,9.997755289077758789e-01
2.593992976471781731e-04,9.997405409812927246e-01
2.762083604466170073e-04,9.997237324714660645e-01
3.078134323004633188e-04,9.996922016143798828e-01
3.658487694337964058e-04,9.996341466903686523e-01
3.979561151936650276e-04,9.996020197868347168e-01
4.609830211848020554e-04,9.995389580726623535e-01
5.777427577413618565e-04,9.994223117828369141e-01
5.843407125212252140e-04,9.994155764579772949e-01
6.526538636535406113e-04,9.993473887443542480e-01
8.221112657338380814e-04,9.991778731346130371e-01
8.367631817236542702e-04,9.991632699966430664e-01
8.871721220202744007e-04,9.991128444671630859e-01
8.918063249439001083e-04,9.991081357002258301e-01
1.056611887179315090e-03,9.989433288574218750e-01
1.217490760609507561e-03,9.987823963165283203e-01
1.383613911457359791e-03,9.986163973808288574e-01
1.706776325590908527e-03,9.982932209968566895e-01
2.115701092407107353e-03,9.978843331336975098e-01
2.583006396889686584e-03,9.974169731140136719e-01
3.084614174440503120e-03,9.969153404235839844e-01
3.309520892798900604e-03,9.966905117034912109e-01
3.886370221152901649e-03,9.961136579513549805e-01
4.604465328156948090e-03,9.953954815864562988e-01
5.095213185995817184e-03,9.949046969413757324e-01
6.185128353536128998e-03,9.938148260116577148e-01
7.974751293659210205e-03,9.920251965522766113e-01
6.810123100876808167e-03,9.931898117065429688e-01
5.808584392070770264e-03,9.941912889480590820e-01
6.710110232234001160e-03,9.932898283004760742e-01
9.107004851102828979e-03,9.908930063247680664e-01
9.269813075661659241e-03,9.907302260398864746e-01
1.383149437606334686e-02,9.861685037612915039e-01
4.338983446359634399e-02,9.566101431846618652e-01
1.260652393102645874e-01,8.739347457885742188e-01
2.608517110347747803e-01,7.391482591629028320e-01
4.051547944545745850e-01,5.948452353477478027e-01
5.574921965599060059e-01,4.425077140331268311e-01
7.930458188056945801e-01,2.069541513919830322e-01
9.117240905761718750e-01,8.827590197324752808e-02
9.724348187446594238e-01,2.756514400243759155e-02
9.889652132987976074e-01,1.103471964597702026e-02
9.970915913581848145e-01,2.908471738919615746e-03
9.981747865676879883e-01,1.825175830163061619e-03
9.995615482330322266e-01,4.385149222798645496e-04
9.998603463172912598e-01,1.397477753926068544e-04
9.999492168426513672e-01,5.076420711702667177e-05
9.999594688415527344e-01,4.047827314934693277e-05
9.999510049819946289e-01,4.893790901405736804e-05
9.999577999114990234e-01,4.224911754135973752e-05
9.999387860298156738e-01,6.117221346357837319e-05
9.999387860298156738e-01,6.114241114119067788e-05
9.998576045036315918e-01,1.424058282282203436e-04
9.998875856399536133e-01,1.124511254602111876e-04
9.997748732566833496e-01,2.251536643598228693e-04
9.994309544563293457e-01,5.690781399607658386e-04
9.993814229965209961e-01,6.185531965456902981e-04
9.993249177932739258e-01,6.751035689376294613e-04
9.987934827804565430e-01,1.206476823426783085e-03
9.963356256484985352e-01,3.664397634565830231e-03
9.899136424064636230e-01,1.008632499724626541e-02
9.824976325035095215e-01,1.750232279300689697e-02
9.398923516273498535e-01,6.010759994387626648e-02
6.313053369522094727e-01,3.686946630477905273e-01
3.031450808048248291e-01,6.968549489974975586e-01
5.758587643504142761e-02,9.424141049385070801e-01
4.331333562731742859e-03,9.956686496734619141e-01
3.001689619850367308e-04,9.996998310089111328e-01
8.013736078282818198e-05,9.999198913574218750e-01
5.704471550416201353e-05,9.999428391456604004e-01
6.768151069991290569e-05,9.999322891235351562e-01
1.135031270678155124e-04,9.998865127563476562e-01
1.927461853483691812e-04,9.998072981834411621e-01
2.117385301971808076e-04,9.997881650924682617e-01
2.090660418616607785e-04,9.997909069061279297e-01
2.063650754280388355e-04,9.997936487197875977e-01
2.103891165461391211e-04,9.997895956039428711e-01
2.195714332628995180e-04,9.997804164886474609e-01
2.275102597195655107e-04,9.997724890708923340e-01
2.239285822724923491e-04,9.997760653495788574e-01
2.369894064031541348e-04,9.997630715370178223e-01
2.787840785458683968e-04,9.997212886810302734e-01
2.882251283153891563e-04,9.997116923332214355e-01
2.772539737634360790e-04,9.997227787971496582e-01
2.933833748102188110e-04,9.997065663337707520e-01
3.002187586389482021e-04,9.996998310089111328e-01
3.298516094218939543e-04,9.996701478958129883e-01
3.324529388919472694e-04,9.996675252914428711e-01
3.594426671043038368e-04,9.996405839920043945e-01
3.503490588627755642e-04,9.996496438980102539e-01
3.595554444473236799e-04,9.996405243873596191e-01
4.127541615162044764e-04,9.995872378349304199e-01
4.492716107051819563e-04,9.995508193969726562e-01
4.712052177637815475e-04,9.995287656784057617e-01
4.590069584082812071e-04,9.995410442352294922e-01
5.113552906550467014e-04,9.994885921478271484e-01
6.538553279824554920e-04,9.993460774421691895e-01
8.218709845095872879e-04,9.991781115531921387e-01
7.493757875636219978e-04,9.992505908012390137e-01
7.467864197678864002e-04,9.992532730102539062e-01
9.540959727019071579e-04,9.990459680557250977e-01
9.495794656686484814e-04,9.990504384040832520e-01
1.205057953484356403e-03,9.987949728965759277e-01
1.505898660980165005e-03,9.984941482543945312e-01
1.812026021070778370e-03,9.981879591941833496e-01
1.764278393238782883e-03,9.982357025146484375e-01
1.485414220951497555e-03,9.985145330429077148e-01
1.757699297741055489e-03,9.982422590255737305e-01
1.798873185180127621e-03,9.982011318206787109e-01
2.112934598699212074e-03,9.978870153427124023e-01
2.842883346602320671e-03,9.971570968627929688e-01
3.213745076209306717e-03,9.967861771583557129e-01
3.898369614034891129e-03,9.961015582084655762e-01
4.407998640090227127e-03,9.955919981002807617e-01
6.085950415581464767e-03,9.939140081405639648e-01
7.244942709803581238e-03,9.927549958229064941e-01
1.144331227988004684e-02,9.885566234588623047e-01
1.527573727071285248e-02,9.847242236137390137e-01
1.859189569950103760e-02,9.814079999923706055e-01
2.127218991518020630e-02,9.787278175354003906e-01
2.785900421440601349e-02,9.721409678459167480e-01
5.830613523721694946e-02,9.416938424110412598e-01
1.665481179952621460e-01,8.334518074989318848e-01
3.624635934829711914e-01,6.375363469123840332e-01
6.855924129486083984e-01,3.144075870513916016e-01
7.998349666595458984e-01,2.001651078462600708e-01
9.284409284591674805e-01,7.155906409025192261e-02
9.654571413993835449e-01,3.454281389713287354e-02
9.879421591758728027e-01,1.205784454941749573e-02
9.968877434730529785e-01,3.112255595624446869e-03
9.988859295845031738e-01,1.114137121476233006e-03
9.997186660766601562e-01,2.813538012560456991e-04
9.999055862426757812e-01,9.436159598408266902e-05
9.999717473983764648e-01,2.828365359164308757e-05
9.999783635139465332e-01,2.160233452741522342e-05
9.999799728393554688e-01,2.001016400754451752e-05
9.999740719795227051e-01,2.592512464616447687e-05
9.999479055404663086e-01,5.214945485931821167e-05
9.998786449432373047e-01,1.212904389831237495e-04
9.986723065376281738e-01,1.327631529420614243e-03
9.869888424873352051e-01,1.301111374050378799e-02
9.785683751106262207e-01,2.143161930143833160e-02
9.702154994010925293e-01,2.978447638452053070e-02
9.788447022438049316e-01,2.115529589354991913e-02
9.667432308197021484e-01,3.325681760907173157e-02
9.579447507858276367e-01,4.205527156591415405e-02
9.345805048942565918e-01,6.541949510574340820e-02
8.803559541702270508e-01,1.196439787745475769e-01
6.124609708786010742e-01,3.875390291213989258e-01
3.553755283355712891e-01,6.446244716644287109e-01
4.868044331669807434e-02,9.513194561004638672e-01
3.055659681558609009e-02,9.694433212280273438e-01
1.926620258018374443e-03,9.980733394622802734e-01
2.902655687648802996e-04,9.997097253799438477e-01
2.674811403267085552e-04,9.997326135635375977e-01
3.312007174827158451e-04,9.996688365936279297e-01
4.070226859766989946e-04,9.995929002761840820e-01
4.444132500793784857e-04,9.995555281639099121e-01
4.842229245696216822e-04,9.995157718658447266e-01
4.480555944610387087e-04,9.995519518852233887e-01
4.174147325102239847e-04,9.995825886726379395e-01
4.214531218167394400e-04,9.995785355567932129e-01
4.291675868444144726e-04,9.995707869529724121e-01
6.566097727045416832e-04,9.993433356285095215e-01
1.051308820024132729e-03,9.989486932754516602e-01
1.666083233430981636e-03,9.983339905738830566e-01
2.100560115650296211e-03,9.978994131088256836e-01
2.960244193673133850e-03,9.970397353172302246e-01
3.964617382735013962e-03,9.960353970527648926e-01
4.743442405015230179e-03,9.952564835548400879e-01
1.060868706554174423e-02,9.893913865089416504e-01
2.073100954294204712e-02,9.792689085006713867e-01
3.854893893003463745e-02,9.614511132240295410e-01
3.709888830780982971e-02,9.629011154174804688e-01
4.756732285022735596e-02,9.524326324462890625e-01
5.711894482374191284e-02,9.428811073303222656e-01
4.071168601512908936e-02,9.592882990837097168e-01
5.127410590648651123e-02,9.487258791923522949e-01
1.011942699551582336e-01,8.988056778907775879e-01
1.209136918187141418e-01,8.790863156318664551e-01
8.797352761030197144e-02,9.120264649391174316e-01
5.034289136528968811e-02,9.496570825576782227e-01
3.291987627744674683e-02,9.670801758766174316e-01
2.242670767009258270e-02,9.775732755661010742e-01
1.596529968082904816e-02,9.840346574783325195e-01
1.044801529496908188e-02,9.895519614219665527e-01
6.708872038871049881e-03,9.932911396026611328e-01
3.695507068186998367e-03,9.963045120239257812e-01
3.273575799539685249e-03,9.967263936996459961e-01
2.865948015823960304e-03,9.971340894699096680e-01
1.943178707733750343e-03,9.980568289756774902e-01
1.434541773051023483e-03,9.985654354095458984e-01
1.753620686940848827e-03,9.982464313507080078e-01
2.038767561316490173e-03,9.979612231254577637e-01
2.033007098361849785e-03,9.979669451713562012e-01
1.858171657659113407e-03,9.981418251991271973e-01
2.704803599044680595e-03,9.972952008247375488e-01
3.274186281487345695e-03,9.967258572578430176e-01
6.358753889799118042e-03,9.936411976814270020e-01
1.132837776094675064e-02,9.886716008186340332e-01
1.822415739297866821e-02,9.817758202552795410e-01
2.976137772202491760e-02,9.702385067939758301e-01
3.684160113334655762e-02,9.631584286689758301e-01
4.038947448134422302e-02,9.596104621887207031e-01
1.089396849274635315e-01,8.910603523254394531e-01
2.269227951765060425e-01,7.730771303176879883e-01
4.618156850337982178e-01,5.381842851638793945e-01
7.368740439414978027e-01,2.631260156631469727e-01
8.985933065414428711e-01,1.014066711068153381e-01
9.531577229499816895e-01,4.684220999479293823e-02
9.863179922103881836e-01,1.368194818496704102e-02
9.975095987319946289e-01,2.490380080416798592e-03
9.996562600135803223e-01,3.437057312112301588e-04
9.999370574951171875e-01,6.292141188168898225e-05
9.999830722808837891e-01,1.696639628789853305e-05
9.999911785125732422e-01,8.859883564582560211e-06
9.999957084655761719e-01,4.273667855159146711e-06
9.999963045120239258e-01,3.655758291642996483e-06
9.999935626983642578e-01,6.386922905221581459e-06
9.999858736991882324e-01,1.406084902555448934e-05
9.999862909317016602e-01,1.367329878121381626e-05
9.999802112579345703e-01,1.980992237804457545e-05
9.999785423278808594e-01,2.141258846677374095e-05
9.999677538871765137e-01,3.226363332942128181e-05
9.999608397483825684e-01,3.909958104486577213e-05
9.999568462371826172e-01,4.320213338360190392e-05
9.998943805694580078e-01,1.056660694302991033e-04
9.998062849044799805e-01,1.936473418027162552e-04
9.997307658195495605e-01,2.691926492843776941e-04
9.998018145561218262e-01,1.981743553187698126e-04
9.996799230575561523e-01,3.201146901119500399e-04
9.997256398200988770e-01,2.743614895734935999e-04
9.997382760047912598e-01,2.617546124383807182e-04
9.995064735412597656e-01,4.935241304337978363e-04
9.991437196731567383e-01,8.563160663470625877e-04
9.988066554069519043e-01,1.193270785734057426e-03
9.993315339088439941e-01,6.684631225652992725e-04
9.995207190513610840e-01,4.792698891833424568e-04
9.994907379150390625e-01,5.092844949103891850e-04
9.988050460815429688e-01,1.195000601001083851e-03
9.959264397621154785e-01,4.073516465723514557e-03
9.985314011573791504e-01,1.468586851842701435e-03
9.986739158630371094e-01,1.326134544797241688e-03
9.982048869132995605e-01,1.795219373889267445e-03
9.936493039131164551e-01,6.350715178996324539e-03
9.911914467811584473e-01,8.808571845293045044e-03
9.900992512702941895e-01,9.900731034576892853e-03
9.319776892662048340e-01,6.802237033843994141e-02
1.180585026741027832e-01,8.819415569305419922e-01
3.812426002696156502e-04,9.996187686920166016e-01
5.793419404653832316e-05,9.999420046806335449e-01
2.965096427942626178e-05,9.999703168869018555e-01
3.111664773314259946e-05,9.999688863754272461e-01
4.550283119897358119e-05,9.999544024467468262e-01
6.995166768319904804e-05,9.999300241470336914e-01
9.158503962680697441e-05,9.999085068702697754e-01
1.188137539429590106e-04,9.998811483383178711e-01
1.265426981262862682e-04,9.998733997344970703e-01
8.526322926627472043e-05,9.999147653579711914e-01
6.937341095181182027e-05,9.999306201934814453e-01
7.140586239984259009e-05,9.999285340309143066e-01
7.159126107580959797e-05,9.999282956123352051e-01
6.612426659557968378e-05,9.999338388442993164e-01
7.660014671273529530e-05,9.999233484268188477e-01
8.827669807942584157e-05,9.999117255210876465e-01
1.047229598043486476e-04,9.998951554298400879e-01
1.194973883684724569e-04,9.998804926872253418e-01
1.305185141973197460e-04,9.998694658279418945e-01
1.449188857804983854e-04,9.998550415039062500e-01
1.433655415894463658e-04,9.998565912246704102e-01
1.335341803496703506e-04,9.998665452003479004e-01
1.468661648686975241e-04,9.998531341552734375e-01
1.771179231582209468e-04,9.998229146003723145e-01
2.672674600034952164e-04,9.997326731681823730e-01
4.134495393373072147e-04,9.995864629745483398e-01
5.550722125917673111e-04,9.994449019432067871e-01
7.050557760521769524e-04,9.992948770523071289e-01
9.921222226694226265e-04,9.990078210830688477e-01
1.196909346617758274e-03,9.988031387329101562e-01
1.744280336424708366e-03,9.982556700706481934e-01
3.114723134785890579e-03,9.968852400779724121e-01
5.971246398985385895e-03,9.940287470817565918e-01
1.086395792663097382e-02,9.891360998153686523e-01
1.674362830817699432e-02,9.832562804222106934e-01
1.487069763243198395e-02,9.851292967796325684e-01
1.340573374181985855e-02,9.865943193435668945e-01
1.140732783824205399e-02,9.885926246643066406e-01
1.452139113098382950e-02,9.854786396026611328e-01
1.508860941976308823e-02,9.849114418029785156e-01
1.901390030980110168e-02,9.809859991073608398e-01
1.727204956114292145e-02,9.827278852462768555e-01
1.462561450898647308e-02,9.853743314743041992e-01
2.003427967429161072e-02,9.799656271934509277e-01
2.344157919287681580e-02,9.765584468841552734e-01
2.829368971288204193e-02,9.717062115669250488e-01
3.491466119885444641e-02,9.650853872299194336e-01
4.153320565819740295e-02,9.584668278694152832e-01
5.024649575352668762e-02,9.497535228729248047e-01
5.874884128570556641e-02,9.412511587142944336e-01
6.628816574811935425e-02,9.337117671966552734e-01
7.615948468446731567e-02,9.238405227661132812e-01
1.011848673224449158e-01,8.988150358200073242e-01
9.977085143327713013e-02,9.002291560173034668e-01
2.052731215953826904e-01,7.947269082069396973e-01
2.419253736734390259e-01,7.580745816230773926e-01
2.751715481281280518e-01,7.248284220695495605e-01
5.227003097534179688e-01,4.772997498512268066e-01
7.801412343978881836e-01,2.198587059974670410e-01
8.793432712554931641e-01,1.206566691398620605e-01
9.547834992408752441e-01,4.521641507744789124e-02
9.839048385620117188e-01,1.609514467418193817e-02
9.961818456649780273e-01,3.818173194304108620e-03
9.991245269775390625e-01,8.754529408179223537e-04
9.997776746749877930e-01,2.222794137196615338e-04
9.999592304229736328e-01,4.081972292624413967e-05
9.999909400939941406e-01,9.005931133287958801e-06
9.999964237213134766e-01,3.601961907406803221e-06
9.999969601631164551e-01,2.993758926095324568e-06
9.999969005584716797e-01,3.057242793147452176e-06
9.999967813491821289e-01,3.215453943994361907e-06
9.999952316284179688e-01,4.771169187733903527e-06
9.999904632568359375e-01,9.570403562975116074e-06
9.999885559082031250e-01,1.148080446000676602e-05
9.999825954437255859e-01,1.742624954204075038e-05
9.999858140945434570e-01,1.415817496308591217e-05
9.999630451202392578e-01,3.701069363160058856e-05
9.998940229415893555e-01,1.060050999512895942e-04
9.999136328697204590e-01,8.642886677989736199e-05
9.998779296875000000e-01,1.220169433508999646e-04
9.998212456703186035e-01,1.788316731108352542e-04
9.998375177383422852e-01,1.624377182452008128e-04
9.998685121536254883e-01,1.314236869802698493e-04
9.995750188827514648e-01,4.250889178365468979e-04
9.986384510993957520e-01,1.361590810120105743e-03
9.985765814781188965e-01,1.423340756446123123e-03
9.988183975219726562e-01,1.181591069325804710e-03
9.977803230285644531e-01,2.219651592895388603e-03
9.947336316108703613e-01,5.266288295388221741e-03
9.915297627449035645e-01,8.470236323773860931e-03
9.934161305427551270e-01,6.583817768841981888e-03
9.977688789367675781e-01,2.231170656159520149e-03
9.986397027969360352e-01,1.360286260023713112e-03
9.990236163139343262e-01,9.764111600816249847e-04
9.982025027275085449e-01,1.797500415705144405e-03
9.978350996971130371e-01,2.164969919249415398e-03
9.937429428100585938e-01,6.256968714296817780e-03
9.887339472770690918e-01,1.126603968441486359e-02
9.916293621063232422e-01,8.370628580451011658e-03
9.894820451736450195e-01,1.051794271916151047e-02
9.876989126205444336e-01,1.230104826390743256e-02
9.774702787399291992e-01,2.252969518303871155e-02
9.817407727241516113e-01,1.825923658907413483e-02
9.882839918136596680e-01,1.171600166708230972e-02
9.825856089591979980e-01,1.741437241435050964e-02
9.436345100402832031e-01,5.636542662978172302e-02
7.716384530067443848e-01,2.283615022897720337e-01
2.802639305591583252e-01,7.197360992431640625e-01
3.550069406628608704e-03,9.964499473571777344e-01
2.035547222476452589e-04,9.997964501380920410e-01
6.477997521869838238e-05,9.999352693557739258e-01
4.622622873284853995e-05,9.999537467956542969e-01
5.592029992840252817e-05,9.999440908432006836e-01
6.581158959306776524e-05,9.999341964721679688e-01
7.512450974900275469e-05,9.999248981475830078e-01
8.003210677998140454e-05,9.999199509620666504e-01
6.859585846541449428e-05,9.999314546585083008e-01
5.445134593173861504e-05,9.999455213546752930e-01
4.818696106667630374e-05,9.999518394470214844e-01
5.203951150178909302e-05,9.999479055404663086e-01
6.631467113038524985e-05,9.999336600303649902e-01
7.743622700218111277e-05,9.999225139617919922e-01
9.132791456067934632e-05,9.999086260795593262e-01
1.122904868680052459e-04,9.998877644538879395e-01
1.383721391903236508e-04,9.998616576194763184e-01
1.504037791164591908e-04,9.998495578765869141e-01
1.807237713364884257e-04,9.998193383216857910e-01
2.052778436336666346e-04,9.997947216033935547e-01
2.600534353405237198e-04,9.997399449348449707e-01
2.706679515540599823e-04,9.997293949127197266e-01
3.015777911059558392e-04,9.996984004974365234e-01
3.642218071036040783e-04,9.996357560157775879e-01
4.837883752770721912e-04,9.995163083076477051e-01
6.294716149568557739e-04,9.993705153465270996e-01
6.312338518910109997e-04,9.993687272071838379e-01
6.954869022592902184e-04,9.993045330047607422e-01
7.704878807999193668e-04,9.992295503616333008e-01
1.159982639364898205e-03,9.988400340080261230e-01
2.193609019741415977e-03,9.978063702583312988e-01
4.182216245681047440e-03,9.958178400993347168e-01
5.836676340550184250e-03,9.941632747650146484e-01
5.248827394098043442e-03,9.947510957717895508e-01
4.732875153422355652e-03,9.952670931816101074e-01
3.971035126596689224e-03,9.960289597511291504e-01
3.011280205100774765e-03,9.969886541366577148e-01
1.829638960771262646e-03,9.981703758239746094e-01
1.588924671523272991e-03,9.984111189842224121e-01
1.402647001668810844e-03,9.985973238945007324e-01
1.278381561860442162e-03,9.987215995788574219e-01
1.520148944109678268e-03,9.984799027442932129e-01
2.007293514907360077e-03,9.979927539825439453e-01
3.339255927130579948e-03,9.966607093811035156e-01
4.372045863419771194e-03,9.956279993057250977e-01
6.631874945014715195e-03,9.933680295944213867e-01
1.508051622658967972e-02,9.849193692207336426e-01
3.155666962265968323e-02,9.684433341026306152e-01
8.077166974544525146e-02,9.192281961441040039e-01
1.458961218595504761e-01,8.541038036346435547e-01
1.978090107440948486e-01,8.021910190582275391e-01
4.785978794097900391e-01,5.214021205902099609e-01
7.293655276298522949e-01,2.706344723701477051e-01
8.221362233161926270e-01,1.778637319803237915e-01
9.302657842636108398e-01,6.973411142826080322e-02
9.819788932800292969e-01,1.802103966474533081e-02
9.919424653053283691e-01,8.057448081672191620e-03
9.982357025146484375e-01,1.764334854669868946e-03
9.996036887168884277e-01,3.963107301387935877e-04
9.998028874397277832e-01,1.971250021597370505e-04
9.998849630355834961e-01,1.150462703662924469e-04
9.999355673789978027e-01,6.439702701754868031e-05
9.999219775199890137e-01,7.809575618011876941e-05
9.999707937240600586e-01,2.918467180279549211e-05
9.999806880950927734e-01,1.937094930326566100e-05
9.999781250953674316e-01,2.183976539527066052e-05
9.999806880950927734e-01,1.935872387548442930e-05
9.999875426292419434e-01,1.240446727024391294e-05
9.999828338623046875e-01,1.715298822091426700e-05
9.999654293060302734e-01,3.451454176683910191e-05
9.998818635940551758e-01,1.181548796012066305e-04
9.996639490127563477e-01,3.360545088071376085e-04
9.995195865631103516e-01,4.803974297828972340e-04
9.996838569641113281e-01,3.162136126775294542e-04
9.997793436050415039e-01,2.205866476288065314e-04
9.997506737709045410e-01,2.492853964213281870e-04
9.997801184654235840e-01,2.199195296270772815e-04
9.993769526481628418e-01,6.230800645425915718e-04
9.984897375106811523e-01,1.510284491814672947e-03
9.990090727806091309e-01,9.909175569191575050e-04
9.981078505516052246e-01,1.892080530524253845e-03
9.972602128982543945e-01,2.739799674600362778e-03
9.961107969284057617e-01,3.889162326231598854e-03
9.959281086921691895e-01,4.071824718266725540e-03
9.984623193740844727e-01,1.537679461762309074e-03
9.944190382957458496e-01,5.580967757850885391e-03
9.875987768173217773e-01,1.240115705877542496e-02
9.773467183113098145e-01,2.265330217778682709e-02
9.776915311813354492e-01,2.230843156576156616e-02
9.855948090553283691e-01,1.440520491451025009e-02
9.912191629409790039e-01,8.780785836279392242e-03
9.962319731712341309e-01,3.768024500459432602e-03
9.967214465141296387e-01,3.278512274846434593e-03
9.781089425086975098e-01,2.189095504581928253e-02
9.702308177947998047e-01,2.976913191378116608e-02
9.733606576919555664e-01,2.663938887417316437e-02
9.919154047966003418e-01,8.084611035883426666e-03
9.966328740119934082e-01,3.367084776982665062e-03
9.973194003105163574e-01,2.680552192032337189e-03
9.960765838623046875e-01,3.923487849533557892e-03
9.943838119506835938e-01,5.616134498268365860e-03
9.930182695388793945e-01,6.981753744184970856e-03
9.911425709724426270e-01,8.857348933815956116e-03
9.835104942321777344e-01,1.648943684995174408e-02
9.899613261222839355e-01,1.003866363316774368e-02
9.941481351852416992e-01,5.851833149790763855e-03
9.935653805732727051e-01,6.434631999582052231e-03
9.793027043342590332e-01,2.069734781980514526e-02
9.424675703048706055e-01,5.753238499164581299e-02
2.852885127067565918e-01,7.147114872932434082e-01
4.973069299012422562e-03,9.950268864631652832e-01
1.103880233131349087e-03,9.988961219787597656e-01
2.552581019699573517e-03,9.974474906921386719e-01
3.138659754768013954e-03,9.968613386154174805e-01
1.218690187670290470e-03,9.987812638282775879e-01
3.443387686274945736e-04,9.996556043624877930e-01
2.148550120182335377e-04,9.997851252555847168e-01
2.803058305289596319e-04,9.997196793556213379e-01
3.327469748910516500e-04,9.996672868728637695e-01
1.396328007103875279e-04,9.998604059219360352e-01
8.102532592602074146e-05,9.999189972877502441e-01
8.018276275834068656e-05,9.999198317527770996e-01
1.022713986458256841e-04,9.998977184295654297e-01
1.462630461901426315e-04,9.998537302017211914e-01
1.715077232802286744e-04,9.998285174369812012e-01
2.066502493107691407e-04,9.997932910919189453e-01
3.140342305414378643e-04,9.996860027313232422e-01
5.091414786875247955e-04,9.994908571243286133e-01
1.056309673003852367e-03,9.989437460899353027e-01
1.807806664146482944e-03,9.981922507286071777e-01
3.095907391980290413e-03,9.969040751457214355e-01
5.233062896877527237e-03,9.947669506072998047e-01
6.748352199792861938e-03,9.932516217231750488e-01
7.243543863296508789e-03,9.927563667297363281e-01
1.006660144776105881e-02,9.899334311485290527e-01
1.182708889245986938e-02,9.881729483604431152e-01
9.289171546697616577e-03,9.907107353210449219e-01
7.620897609740495682e-03,9.923790097236633301e-01
8.163222111761569977e-03,9.918367266654968262e-01
9.064828045666217804e-03,9.909351468086242676e-01
9.013506583869457245e-03,9.909864664077758789e-01
6.286236457526683807e-03,9.937137961387634277e-01
4.927655681967735291e-03,9.950722455978393555e-01
4.862702451646327972e-03,9.951372146606445312e-01
3.365842392668128014e-03,9.966341853141784668e-01
3.806909080594778061e-03,9.961930513381958008e-01
4.537359345704317093e-03,9.954625964164733887e-01
4.188328981399536133e-03,9.958116412162780762e-01
3.282109741121530533e-03,9.967178702354431152e-01
2.583520021289587021e-03,9.974164962768554688e-01
3.085504285991191864e-03,9.969145059585571289e-01
3.337154397740960121e-03,9.966628551483154297e-01
3.148221177980303764e-03,9.968516826629638672e-01
2.689426066353917122e-03,9.973105788230895996e-01
2.839851193130016327e-03,9.971601366996765137e-01
2.715542679652571678e-03,9.972843527793884277e-01
3.303058678284287453e-03,9.966969490051269531e-01
4.642670042812824249e-03,9.953572750091552734e-01
4.675904754549264908e-03,9.953240156173706055e-01
3.255524905398488045e-03,9.967444539070129395e-01
2.245338866487145424e-03,9.977546334266662598e-01
2.360068261623382568e-03,9.976398944854736328e-01
2.718108939006924629e-03,9.972819089889526367e-01
3.427555086091160774e-03,9.965724945068359375e-01
5.310906097292900085e-03,9.946891069412231445e-01
6.910002324730157852e-03,9.930899143218994141e-01
1.112512219697237015e-02,9.888749122619628906e-01
1.408614218235015869e-02,9.859139323234558105e-01
1.271778624504804611e-02,9.872821569442749023e-01
1.206827908754348755e-02,9.879316687583923340e-01
1.803976483643054962e-02,9.819601774215698242e-01
3.067347779870033264e-02,9.693264365196228027e-01
6.292933225631713867e-02,9.370706677436828613e-01
2.100285291671752930e-01,7.899714112281799316e-01
5.986251235008239746e-01,4.013749063014984131e-01
8.635483384132385254e-01,1.364516615867614746e-01
9.815890192985534668e-01,1.841096021234989166e-02
9.978289008140563965e-01,2.171047497540712357e-03
9.997113943099975586e-01,2.886520524043589830e-04
9.999365806579589844e-01,6.346112786559388041e-05
9.999855756759643555e-01,1.446092846890678629e-05
9.999934434890747070e-01,6.559663233929313719e-06
9.999958276748657227e-01,4.192842425254639238e-06
9.999954700469970703e-01,4.556955445877974853e-06
9.999954700469970703e-01,4.556398835120489821e-06
9.999799728393554688e-01,2.006225258810445666e-05
9.999712705612182617e-01,2.876129474316257983e-05
9.999721646308898926e-01,2.775736902549397200e-05
9.999282956123352051e-01,7.168773299781605601e-05
9.999053478240966797e-01,9.468766074860468507e-05
9.998582601547241211e-01,1.417333987774327397e-04
9.996656179428100586e-01,3.344238502904772758e-04
9.994595646858215332e-01,5.404077237471938133e-04
9.996087551116943359e-01,3.911767271347343922e-04
9.994403719902038574e-01,5.595746333710849285e-04
9.979279041290283203e-01,2.072072587907314301e-03
9.991700053215026855e-01,8.299668552353978157e-04
9.990376830101013184e-01,9.623317746445536613e-04
9.989701509475708008e-01,1.029911916702985764e-03
9.983489513397216797e-01,1.651001046411693096e-03
9.902685284614562988e-01,9.731416590511798859e-03
9.847646951675415039e-01,1.523521915078163147e-02
9.913752079010009766e-01,8.624765090644359589e-03
9.841541647911071777e-01,1.584577746689319611e-02
9.700539708137512207e-01,2.994594536721706390e-02
9.566908478736877441e-01,4.330908134579658508e-02
9.859433770179748535e-01,1.405651308596134186e-02
9.860290884971618652e-01,1.397084724158048630e-02
9.683231711387634277e-01,3.167681023478507996e-02
9.740793704986572266e-01,2.592059783637523651e-02
9.482414722442626953e-01,5.175844952464103699e-02
9.815363883972167969e-01,1.846360415220260620e-02
9.884344339370727539e-01,1.156556047499179840e-02
9.728063941001892090e-01,2.719352394342422485e-02
9.720823764801025391e-01,2.791759558022022247e-02
9.217482209205627441e-01,7.825170457363128662e-02
9.552177190780639648e-01,4.478236660361289978e-02
9.609284996986389160e-01,3.907144069671630859e-02
9.178564548492431641e-01,8.214349299669265747e-02
8.832241892814636230e-01,1.167758628726005554e-01
9.510776996612548828e-01,4.892225563526153564e-02
9.811570644378662109e-01,1.884290389716625214e-02
9.910936951637268066e-01,8.906329981982707977e-03
9.485121965408325195e-01,5.148772522807121277e-02
9.678882956504821777e-01,3.211169689893722534e-02
9.525223374366760254e-01,4.747768864035606384e-02
9.686391949653625488e-01,3.136080875992774963e-02
9.634963870048522949e-01,3.650362417101860046e-02
9.520991444587707520e-01,4.790085554122924805e-02
9.581605792045593262e-01,4.183937981724739075e-02
9.219657778739929199e-01,7.803420722484588623e-02
3.060651421546936035e-01,6.939347982406616211e-01
1.572274952195584774e-03,9.984276890754699707e-01
8.191740489564836025e-04,9.991808533668518066e-01
1.659360714256763458e-03,9.983406662940979004e-01
2.013335470110177994e-03,9.979866743087768555e-01
2.865106507670134306e-04,9.997135400772094727e-01
2.913271600846201181e-04,9.997086524963378906e-01
4.125265113543719053e-04,9.995874762535095215e-01
8.756985189393162727e-04,9.991242885589599609e-01
1.837498275563120842e-03,9.981625676155090332e-01
7.406049990095198154e-04,9.992594718933105469e-01
4.195550864096730947e-04,9.995804429054260254e-01
7.127672433853149414e-04,9.992873072624206543e-01
1.066872617229819298e-03,9.989331364631652832e-01
2.825645031407475471e-03,9.971743822097778320e-01
1.017051865346729755e-03,9.989829659461975098e-01
4.006355884484946728e-04,9.995993375778198242e-01
5.955075612291693687e-04,9.994045495986938477e-01
1.160015701316297054e-03,9.988400340080261230e-01
8.995506796054542065e-04,9.991004467010498047e-01
2.580333966761827469e-04,9.997419118881225586e-01
8.735722803976386786e-05,9.999126195907592773e-01
1.138681691372767091e-04,9.998861551284790039e-01
4.061401705257594585e-04,9.995939135551452637e-01
5.901654367335140705e-04,9.994097352027893066e-01
2.247533411718904972e-04,9.997752308845520020e-01
6.148823013063520193e-05,9.999384880065917969e-01
3.472216849331744015e-05,9.999653100967407227e-01
3.483337422949261963e-05,9.999651908874511719e-01
3.533966810209676623e-05,9.999646544456481934e-01
4.299588181311264634e-05,9.999569654464721680e-01
5.816011253045871854e-05,9.999417662620544434e-01
6.868790660519152880e-05,9.999313950538635254e-01
1.054254025802947581e-04,9.998946189880371094e-01
1.526345295133069158e-04,9.998473525047302246e-01
1.621065312065184116e-04,9.998379349708557129e-01
1.945456460816785693e-04,9.998054504394531250e-01
2.344791719224303961e-04,9.997655749320983887e-01
2.593322715256363153e-04,9.997407197952270508e-01
2.061768318526446819e-04,9.997938275337219238e-01
1.815565919969230890e-04,9.998184442520141602e-01
2.122751466231420636e-04,9.997876882553100586e-01
2.897024969570338726e-04,9.997103214263916016e-01
4.625491565093398094e-04,9.995374083518981934e-01
1.160047249868512154e-03,9.988400340080261230e-01
4.124341066926717758e-03,9.958755970001220703e-01
2.262268401682376862e-02,9.773772954940795898e-01
4.226454719901084900e-02,9.577354788780212402e-01
6.180125288665294647e-03,9.938198328018188477e-01
4.393406212329864502e-03,9.956066012382507324e-01
1.277973223477602005e-02,9.872202873229980469e-01
8.222199231386184692e-02,9.177780151367187500e-01
1.293037235736846924e-01,8.706962466239929199e-01
9.657906368374824524e-03,9.903421401977539062e-01
5.089701153337955475e-03,9.949102997779846191e-01
8.944783359766006470e-03,9.910551309585571289e-01
3.401572629809379578e-02,9.659842252731323242e-01
3.923368826508522034e-02,9.607663154602050781e-01
4.727119579911231995e-03,9.952729344367980957e-01
6.067730486392974854e-03,9.939321875572204590e-01
1.543098688125610352e-02,9.845690131187438965e-01
5.627862736582756042e-02,9.437214136123657227e-01
8.497879654169082642e-02,9.150212407112121582e-01
1.931778714060783386e-02,9.806822538375854492e-01
2.154711820185184479e-02,9.784528017044067383e-01
4.447474703192710876e-02,9.555252790451049805e-01
8.935679495334625244e-02,9.106431603431701660e-01
1.300609260797500610e-01,8.699391484260559082e-01
5.376673489809036255e-02,9.462332725524902344e-01
5.579351261258125305e-02,9.442064762115478516e-01
9.910941869020462036e-02,9.008905291557312012e-01
1.607958227396011353e-01,8.392041921615600586e-01
3.462995886802673340e-01,6.537004113197326660e-01
4.906079471111297607e-01,5.093919634819030762e-01
5.983415842056274414e-01,4.016584455966949463e-01
7.419002056121826172e-01,2.580998837947845459e-01
8.964248299598693848e-01,1.035751402378082275e-01
9.565279483795166016e-01,4.347196593880653381e-02
9.889877438545227051e-01,1.101222820580005646e-02
9.945001602172851562e-01,5.499771796166896820e-03
9.939165711402893066e-01,6.083420477807521820e-03
9.980257153511047363e-01,1.974205719307065010e-03
9.987205266952514648e-01,1.279443851672112942e-03
9.992672801017761230e-01,7.326873019337654114e-04
9.987173676490783691e-01,1.282652607187628746e-03
9.988570213317871094e-01,1.143022323958575726e-03
9.978737831115722656e-01,2.126233186572790146e-03
9.989913105964660645e-01,1.008693943731486797e-03
9.993148446083068848e-01,6.851246580481529236e-04
9.977379441261291504e-01,2.261978341266512871e-03
9.973124265670776367e-01,2.687558298930525780e-03
9.979125261306762695e-01,2.087471773847937584e-03
9.989029169082641602e-01,1.097116270102560520e-03
9.989166259765625000e-01,1.083367504179477692e-03
9.982928633689880371e-01,1.707140123471617699e-03
9.989790916442871094e-01,1.020972034893929958e-03
9.989171028137207031e-01,1.082917093299329281e-03
9.987134933471679688e-01,1.286569866351783276e-03
9.980634450912475586e-01,1.936669345013797283e-03
9.986600875854492188e-01,1.339945709332823753e-03
9.988429546356201172e-01,1.157028251327574253e-03
9.989142417907714844e-01,1.085815252736210823e-03
9.991937875747680664e-01,8.061298285610973835e-04
9.985166788101196289e-01,1.483248313888907433e-03
9.944291114807128906e-01,5.570956971496343613e-03
9.955392479896545410e-01,4.460707306861877441e-03
9.981121420860290527e-01,1.887825201265513897e-03
9.988333582878112793e-01,1.166614005342125893e-03
9.991344809532165527e-01,8.654920966364443302e-04
9.992342591285705566e-01,7.656750385649502277e-04
9.993078112602233887e-01,6.920821033418178558e-04
9.949787855148315430e-01,5.021091550588607788e-03
7.582759261131286621e-01,2.417240738868713379e-01
1.158965937793254852e-02,9.884103536605834961e-01
8.099906146526336670e-03,9.919000267982482910e-01
1.740473508834838867e-02,9.825952053070068359e-01
1.818019524216651917e-02,9.818197488784790039e-01
9.370994754135608673e-03,9.906289577484130859e-01
1.100468914955854416e-03,9.988994598388671875e-01
1.223304308950901031e-03,9.987767338752746582e-01
2.307439688593149185e-03,9.976925253868103027e-01
3.901949618011713028e-03,9.960980415344238281e-01
8.048830553889274597e-03,9.919511675834655762e-01
1.375567819923162460e-02,9.862443208694458008e-01
1.109471451491117477e-02,9.889053106307983398e-01
1.129393465816974640e-02,9.887059926986694336e-01
1.618942804634571075e-02,9.838104844093322754e-01
2.164384722709655762e-02,9.783561825752258301e-01
1.261230744421482086e-02,9.873876571655273438e-01
7.041117176413536072e-03,9.929588437080383301e-01
9.837183170020580292e-03,9.901628494262695312e-01
2.214570343494415283e-02,9.778542518615722656e-01
3.097365610301494598e-02,9.690263271331787109e-01
2.324231527745723724e-02,9.767576456069946289e-01
2.496207691729068756e-02,9.750378727912902832e-01
3.602477535605430603e-02,9.639752507209777832e-01
7.726807147264480591e-02,9.227318763732910156e-01
1.358633637428283691e-01,8.641366362571716309e-01
1.452929824590682983e-01,8.547069430351257324e-01
2.477903813123703003e-01,7.522096633911132812e-01
3.558190464973449707e-01,6.441808938980102539e-01
4.183290302753448486e-01,5.816708803176879883e-01
5.102803707122802734e-01,4.897196888923645020e-01
6.703605055809020996e-01,3.296394646167755127e-01
7.760664820671081543e-01,2.239335626363754272e-01
8.750830292701721191e-01,1.249170005321502686e-01
9.318906664848327637e-01,6.810933351516723633e-02
9.658569693565368652e-01,3.414298221468925476e-02
9.742743968963623047e-01,2.572560310363769531e-02
9.867137670516967773e-01,1.328630372881889343e-02
9.936979413032531738e-01,6.301999092102050781e-03
9.966607093811035156e-01,3.339330665767192841e-03
9.981256723403930664e-01,1.874219509772956371e-03
9.977858066558837891e-01,2.214187523350119591e-03
9.986786842346191406e-01,1.321331714279949665e-03
9.983491301536560059e-01,1.650793128646910191e-03
9.982465505599975586e-01,1.753492746502161026e-03
9.992336630821228027e-01,7.663288270123302937e-04
9.994682073593139648e-01,5.317360046319663525e-04
9.995050430297851562e-01,4.950018483214080334e-04
9.993550181388854980e-01,6.450194632634520531e-04
9.991713762283325195e-01,8.286093361675739288e-04
9.990457892417907715e-01,9.541660547256469727e-04
9.995285272598266602e-01,4.715253016911447048e-04
9.998161196708679199e-01,1.838556927395984530e-04
9.998353719711303711e-01,1.646502350922673941e-04
9.998370409011840820e-01,1.628933241590857506e-04
9.998811483383178711e-01,1.188574970001354814e-04
9.998951554298400879e-01,1.047394398483447731e-04
9.999290704727172852e-01,7.090911822160705924e-05
9.998909831047058105e-01,1.090253645088523626e-04
9.997639060020446777e-01,2.360726793995127082e-04
9.998759627342224121e-01,1.240221463376656175e-04
9.999296665191650391e-01,7.035877933958545327e-05
9.999372959136962891e-01,6.273291364777833223e-05
9.999369382858276367e-01,6.308616138994693756e-05
9.999501109123229980e-01,4.979615550837479532e-05
9.999737739562988281e-01,2.627431058499496430e-05
9.999397993087768555e-01,6.025300535839051008e-05
9.999068975448608398e-01,9.309030428994446993e-05
9.999175071716308594e-01,8.248020458268001676e-05
9.999397993087768555e-01,6.017370469635352492e-05
9.996247291564941406e-01,3.752564662136137486e-04
9.985411167144775391e-01,1.458939397707581520e-03
9.989735484123229980e-01,1.026374637149274349e-03
9.991586208343505859e-01,8.413835894316434860e-04
9.996879100799560547e-01,3.121662302874028683e-04
9.998980164527893066e-01,1.020366107695735991e-04
9.999397397041320801e-01,6.035813930793665349e-05
9.999641180038452148e-01,3.591170025174506009e-05
9.999344944953918457e-01,6.544389179907739162e-05
9.998961091041564941e-01,1.039328708429820836e-04
9.998934268951416016e-01,1.066032418748363853e-04
9.999506473541259766e-01,4.933786840410903096e-05
9.999412298202514648e-01,5.871468601981177926e-05
9.999169111251831055e-01,8.308549877256155014e-05
9.999634027481079102e-01,3.659244976006448269e-05
9.999791383743286133e-01,2.086948188662063330e-05
9.999699592590332031e-01,2.998097625095397234e-05
9.999811649322509766e-01,1.887698090285994112e-05
9.999864697456359863e-01,1.346349563391413540e-05
9.999850988388061523e-01,1.488605539634590968e-05
9.999666810035705566e-01,3.334462962811812758e-05
9.999517202377319336e-01,4.825801443075761199e-05
9.999701976776123047e-01,2.983744525408837944e-05
9.999656677246093750e-01,3.433686288190074265e-05
9.999718666076660156e-01,2.818125722114928067e-05
9.999775290489196777e-01,2.241814581793732941e-05
9.999672174453735352e-01,3.280288729001767933e-05
9.999651908874511719e-01,3.478166036074981093e-05
9.999372959136962891e-01,6.268919969443231821e-05
9.995724558830261230e-01,4.275555838830769062e-04
9.993097186088562012e-01,6.902223685756325722e-04
9.991557002067565918e-01,8.443951373919844627e-04
9.992897510528564453e-01,7.101939991116523743e-04
9.994883537292480469e-01,5.115928361192345619e-04
9.999107718467712402e-01,8.911681652534753084e-05
9.999279975891113281e-01,7.199329411378130317e-05
9.999194145202636719e-01,8.055588114075362682e-05
9.999535679817199707e-01,4.638211248675361276e-05
9.999560117721557617e-01,4.392769187688827515e-05
9.999665021896362305e-01,3.351858322275802493e-05
9.999772310256958008e-01,2.278254032717086375e-05
9.999526739120483398e-01,4.733545574708841741e-05
9.999800920486450195e-01,1.994767080759629607e-05
9.999856352806091309e-01,1.425334630766883492e-05
9.999836683273315430e-01,1.629409416636917740e-05
9.999768733978271484e-01,2.308611692569684237e-05
9.999430179595947266e-01,5.699039320461452007e-05
9.999601840972900391e-01,3.977535016019828618e-05
9.999778270721435547e-01,2.212461913586594164e-05
9.999622106552124023e-01,3.774894139496609569e-05
9.999419450759887695e-01,5.802847590530291200e-05
9.999451637268066406e-01,5.482212873175740242e-05
9.999685287475585938e-01,3.145538357784971595e-05
9.999732375144958496e-01,2.669280547706875950e-05
9.999579191207885742e-01,4.212162457406520844e-05
9.999443292617797852e-01,5.568258711718954146e-05
9.999250173568725586e-01,7.501626532757654786e-05
9.999325275421142578e-01,6.745057180523872375e-05
9.999344944953918457e-01,6.549028330482542515e-05
9.999400377273559570e-01,5.999830318614840508e-05
9.999514222145080566e-01,4.855924998992122710e-05
9.999424219131469727e-01,5.752886863774619997e-05
9.999157786369323730e-01,8.426763815805315971e-05
9.999168515205383301e-01,8.324697409989312291e-05
9.999220967292785645e-01,7.789670780766755342e-05
9.999380111694335938e-01,6.198661867529153824e-05
9.999532699584960938e-01,4.670142152463085949e-05
9.999594092369079590e-01,4.067275949637405574e-05
9.999544024467468262e-01,4.547814751276746392e-05
9.999262690544128418e-01,7.375203131232410669e-05
9.999514222145080566e-01,4.847794843954034150e-05
9.999502897262573242e-01,4.966881169821135700e-05
9.999641180038452148e-01,3.587657556636258960e-05
9.999743103981018066e-01,2.558099549787584692e-05
9.999427795410156250e-01,5.721175330108962953e-05
9.999296665191650391e-01,7.026892126305028796e-05
9.999276399612426758e-01,7.239889964694157243e-05
9.999309778213500977e-01,6.904570182086899877e-05
9.999155998229980469e-01,8.434458140982314944e-05
9.997607469558715820e-01,2.391512825852259994e-04
9.998013377189636230e-01,1.986775168916210532e-04
9.999260306358337402e-01,7.405544602079316974e-05
9.999678730964660645e-01,3.204264066880568862e-05
9.999783039093017578e-01,2.171556661778595299e-05
9.999840259552001953e-01,1.594014429429080337e-05
9.999804496765136719e-01,1.959973451448604465e-05
9.999813437461853027e-01,1.854517540778033435e-05
9.999880194664001465e-01,1.195947970700217411e-05
9.999870061874389648e-01,1.298435563512612134e-05
9.999468326568603516e-01,5.314591908245347440e-05
9.999546408653259277e-01,4.533662649919278920e-05
9.999630451202392578e-01,3.694111728691495955e-05
9.999723434448242188e-01,2.767025580396875739e-05
9.999583959579467773e-01,4.164805068285204470e-05
9.999644756317138672e-01,3.555070361471734941e-05
9.999682903289794922e-01,3.172325887135230005e-05
9.999699592590332031e-01,3.003076562890782952e-05
9.999624490737915039e-01,3.758613820536993444e-05
9.999678730964660645e-01,3.205498796887695789e-05
9.999810457229614258e-01,1.893818080134224147e-05
9.999849796295166016e-01,1.498905112384818494e-05
9.999825954437255859e-01,1.737205639074090868e-05
9.999823570251464844e-01,1.763432192092295736e-05
9.999898672103881836e-01,1.018428974930429831e-05
9.999896883964538574e-01,1.027914458973100409e-05
9.999852180480957031e-01,1.482028710597660393e-05
9.999788999557495117e-01,2.110725108650512993e-05
9.999779462814331055e-01,2.206010503869038075e-05
9.999877810478210449e-01,1.211211474583251402e-05
9.999901056289672852e-01,9.859069905360229313e-06
9.999860525131225586e-01,1.393958973494591191e-05
9.999821186065673828e-01,1.789359885151498020e-05
9.999791979789733887e-01,2.072487404802814126e-05
9.999756813049316406e-01,2.428424340905621648e-05
9.999766349792480469e-01,2.333282282052095979e-05
9.999802708625793457e-01,1.972283280338160694e-05
9.999746084213256836e-01,2.537664477131329477e-05
9.999798536300659180e-01,2.010673051699995995e-05
9.999805092811584473e-01,1.946472548297606409e-05
9.999815225601196289e-01,1.848954889283049852e-05
9.999719262123107910e-01,2.801140908559318632e-05
9.999558925628662109e-01,4.412061025504954159e-05
9.999269247055053711e-01,7.310081127798184752e-05
9.999414682388305664e-01,5.852499816683121026e-05
9.999667406082153320e-01,3.320652831462211907e-05
9.999791383743286133e-01,2.088471410388592631e-05
9.999449253082275391e-01,5.506310480996035039e-05
9.998712539672851562e-01,1.287803606828674674e-04
9.997286200523376465e-01,2.714020374696701765e-04
9.998805522918701172e-01,1.194928263430483639e-04
9.999501109123229980e-01,4.979534787707962096e-05
9.999746084213256836e-01,2.533722727093845606e-05
9.999777078628540039e-01,2.229138226539362222e-05
9.999678730964660645e-01,3.203124651918187737e-05
9.999631643295288086e-01,3.683185423142276704e-05
9.998010993003845215e-01,1.989634329220280051e-04
9.981995224952697754e-01,1.800509635359048843e-03
9.977533221244812012e-01,2.246693475171923637e-03
9.994640946388244629e-01,5.359499482437968254e-04
9.997321963310241699e-01,2.677583252079784870e-04
9.997654557228088379e-01,2.345923421671614051e-04
9.999201893806457520e-01,7.970535079948604107e-05
9.999384880065917969e-01,6.154619040898978710e-05
9.999220371246337891e-01,7.794731209287419915e-05
9.998441934585571289e-01,1.557991345180198550e-04
9.999235868453979492e-01,7.641307456651702523e-05
9.999295473098754883e-01,7.047603139653801918e-05
9.999462962150573730e-01,5.368200436350889504e-05
9.999805092811584473e-01,1.944735777215100825e-05
9.999872446060180664e-01,1.274633723369333893e-05
9.999506473541259766e-01,4.940651706419885159e-05
9.999274611473083496e-01,7.251498755067586899e-05
9.999532699584960938e-01,4.678647383116185665e-05
9.999532699584960938e-01,4.676965909311547875e-05
9.999254941940307617e-01,7.444569200742989779e-05
9.998199343681335449e-01,1.800394675228744745e-04
9.997534751892089844e-01,2.464455028530210257e-04
9.996927976608276367e-01,3.072034451179206371e-04
9.994601011276245117e-01,5.398014327511191368e-04
9.950787425041198730e-01,4.921165294945240021e-03
9.951748847961425781e-01,4.825090989470481873e-03
9.989163279533386230e-01,1.083674374967813492e-03
9.995934367179870605e-01,4.065352550242096186e-04
9.997171759605407715e-01,2.828623109962791204e-04
9.997296929359436035e-01,2.703011559788137674e-04
9.998329877853393555e-01,1.669839693931862712e-04
9.999129176139831543e-01,8.704379433766007423e-05
9.999707937240600586e-01,2.916155244747642428e-05
9.999817609786987305e-01,1.829256871133111417e-05
9.999706745147705078e-01,2.934503936558030546e-05
9.998611211776733398e-01,1.388007513014599681e-04
9.982406497001647949e-01,1.759269856847822666e-03
9.963406920433044434e-01,3.659300738945603371e-03
9.981501698493957520e-01,1.849813852459192276e-03
9.988609552383422852e-01,1.139102736487984657e-03
9.991865754127502441e-01,8.133621304295957088e-04
9.994570612907409668e-01,5.429710727185010910e-04
9.996920228004455566e-01,3.079244343098253012e-04
9.998146295547485352e-01,1.853052963269874454e-04
9.998189210891723633e-01,1.810683024814352393e-04
9.997768998146057129e-01,2.230545069323852658e-04
9.998221397399902344e-01,1.778440491762012243e-04
9.998189210891723633e-01,1.810691464925184846e-04
9.998589754104614258e-01,1.409749820595607162e-04
9.998364448547363281e-01,1.634887594264000654e-04
9.997956156730651855e-01,2.044520078925415874e-04
9.995780587196350098e-01,4.219061520416289568e-04
9.988542795181274414e-01,1.145773800089955330e-03
9.989323019981384277e-01,1.067656325176358223e-03
9.993490576744079590e-01,6.509379018098115921e-04
9.990215301513671875e-01,9.784894064068794250e-04
9.980702400207519531e-01,1.929668011143803596e-03
9.975515007972717285e-01,2.448530634865164757e-03
9.980788230895996094e-01,1.921184710226953030e-03
9.983611702919006348e-01,1.638861373066902161e-03
9.987725615501403809e-01,1.227432978339493275e-03
9.985217452049255371e-01,1.478324062190949917e-03
9.980267286300659180e-01,1.973278587684035301e-03
9.984113574028015137e-01,1.588676124811172485e-03
9.987564086914062500e-01,1.243631821125745773e-03
9.986609220504760742e-01,1.339108333922922611e-03
9.986975789070129395e-01,1.302445889450609684e-03
9.989701509475708008e-01,1.029843115247786045e-03
9.984815716743469238e-01,1.518458826467394829e-03
9.972757101058959961e-01,2.724232152104377747e-03
9.956129789352416992e-01,4.386945627629756927e-03
9.828291535377502441e-01,1.717083714902400970e-02
9.460154771804809570e-01,5.398447439074516296e-02
9.640514850616455078e-01,3.594854474067687988e-02
9.589570760726928711e-01,4.104287922382354736e-02
9.395873546600341797e-01,6.041265279054641724e-02
9.466635584831237793e-01,5.333638191223144531e-02
9.689608216285705566e-01,3.103912435472011566e-02
9.794945716857910156e-01,2.050543203949928284e-02
9.755903482437133789e-01,2.440967224538326263e-02
9.766631722450256348e-01,2.333677560091018677e-02
9.841467142105102539e-01,1.585323736071586609e-02
9.860236644744873047e-01,1.397633086889982224e-02
9.902067780494689941e-01,9.793259203433990479e-03
9.924290180206298828e-01,7.570867426693439484e-03
9.960130453109741211e-01,3.986934665590524673e-03
9.972898364067077637e-01,2.710120053961873055e-03
9.984281659126281738e-01,1.571823027916252613e-03
9.986839294433593750e-01,1.315980218350887299e-03
9.991458654403686523e-01,8.541131392121315002e-04
9.993489384651184082e-01,6.510025123134255409e-04
9.995087385177612305e-01,4.912671283818781376e-04
9.995618462562561035e-01,4.381758917588740587e-04
9.996799826622009277e-01,3.199327911715954542e-04
9.997994899749755859e-01,2.004470734391361475e-04
9.997194409370422363e-01,2.804855466820299625e-04
9.994904994964599609e-01,5.094596417620778084e-04
9.988893866539001465e-01,1.110589713789522648e-03
9.988670945167541504e-01,1.132892328314483166e-03
9.992555975914001465e-01,7.444292423315346241e-04
9.993947744369506836e-01,6.051950040273368359e-04
9.995610117912292480e-01,4.389209498185664415e-04
9.997782707214355469e-01,2.216410066466778517e-04
9.997731447219848633e-01,2.267519157612696290e-04
9.987009763717651367e-01,1.298996736295521259e-03
9.956680536270141602e-01,4.331938922405242920e-03
9.963542222976684570e-01,3.645785385742783546e-03
9.990285634994506836e-01,9.714679908938705921e-04
9.995446801185607910e-01,4.553152539301663637e-04
9.997253417968750000e-01,2.747146645560860634e-04
9.997910857200622559e-01,2.089384797727689147e-04
9.997674822807312012e-01,2.324909582966938615e-04
9.996283650398254395e-01,3.717009385582059622e-04
9.992635846138000488e-01,7.364172488451004028e-04
9.995703101158142090e-01,4.296973347663879395e-04
9.998210668563842773e-01,1.789442758308723569e-04
9.998912811279296875e-01,1.087042473955079913e-04
9.998905658721923828e-01,1.093685059458948672e-04
9.997855424880981445e-01,2.144548052456229925e-04
9.996680021286010742e-01,3.320470277685672045e-04
9.995798468589782715e-01,4.201971751172095537e-04
9.992895126342773438e-01,7.104490068741142750e-04
9.985338449478149414e-01,1.466174260713160038e-03
9.982696771621704102e-01,1.730284537188708782e-03
9.990580677986145020e-01,9.419647976756095886e-04
9.996375441551208496e-01,3.624898963607847691e-04
9.995984435081481934e-01,4.015750600956380367e-04
9.994626641273498535e-01,5.374029278755187988e-04
9.995203018188476562e-01,4.797047586180269718e-04
9.979535937309265137e-01,2.046387176960706711e-03
9.958438277244567871e-01,4.156147595494985580e-03
9.963912367820739746e-01,3.608758095651865005e-03
9.967293739318847656e-01,3.270654939115047455e-03
9.982858896255493164e-01,1.714101992547512054e-03
9.984371066093444824e-01,1.562946243211627007e-03
9.985691905021667480e-01,1.430800766684114933e-03
9.984685778617858887e-01,1.531423069536685944e-03
9.987413883209228516e-01,1.258520060218870640e-03
9.990493655204772949e-01,9.505974594503641129e-04
9.989066123962402344e-01,1.093405531719326973e-03
9.988092184066772461e-01,1.190789160318672657e-03
9.964902400970458984e-01,3.509762464091181755e-03
9.959884881973266602e-01,4.011442884802818298e-03
9.974305629730224609e-01,2.569396514445543289e-03
9.975534677505493164e-01,2.446533879265189171e-03
9.990333914756774902e-01,9.665609104558825493e-04
9.993914365768432617e-01,6.085198838263750076e-04
9.995127916336059570e-01,4.871753626503050327e-04
9.994555115699768066e-01,5.445085698738694191e-04
9.995040297508239746e-01,4.959192010574042797e-04
9.992789626121520996e-01,7.210498442873358727e-04
9.991565942764282227e-01,8.434567134827375412e-04
9.991047382354736328e-01,8.953376673161983490e-04
9.993746280670166016e-01,6.253547035157680511e-04
9.993979930877685547e-01,6.019580177962779999e-04
9.993280768394470215e-01,6.719250814057886600e-04
9.990876317024230957e-01,9.123412310145795345e-04
9.988801479339599609e-01,1.119919586926698685e-03
9.990689158439636230e-01,9.311281610280275345e-04
9.983385205268859863e-01,1.661489019170403481e-03
9.978979825973510742e-01,2.101957099512219429e-03
9.982661604881286621e-01,1.733869896270334721e-03
9.979996085166931152e-01,2.000327920541167259e-03
9.980612993240356445e-01,1.938795321621000767e-03
9.986286759376525879e-01,1.371277612634003162e-03
9.990428090095520020e-01,9.571681730449199677e-04
9.987437129020690918e-01,1.256284769624471664e-03
9.986479878425598145e-01,1.352070481516420841e-03
9.989923834800720215e-01,1.007630606181919575e-03
9.993654489517211914e-01,6.345036090351641178e-04
9.996830224990844727e-01,3.170065174344927073e-04
9.997481107711791992e-01,2.518544497434049845e-04
9.996927976608276367e-01,3.072603140026330948e-04
9.996357560157775879e-01,3.642263181973248720e-04
9.996529817581176758e-01,3.469875082373619080e-04
9.997143149375915527e-01,2.856329956557601690e-04
9.996768236160278320e-01,3.232410235796123743e-04
9.994403123855590820e-01,5.596840055659413338e-04
9.993656277656555176e-01,6.343637942336499691e-04
9.988662004470825195e-01,1.133771962486207485e-03
9.967106580734252930e-01,3.289282321929931641e-03
9.977851510047912598e-01,2.214879263192415237e-03
9.984741806983947754e-01,1.525763887912034988e-03
9.991406202316284180e-01,8.593294769525527954e-04
9.990770220756530762e-01,9.230137802660465240e-04
9.992683529853820801e-01,7.316566770896315575e-04
9.992123246192932129e-01,7.876664749346673489e-04
9.991716146469116211e-01,8.284157374873757362e-04
9.993004798889160156e-01,6.995409494265913963e-04
9.992316961288452148e-01,7.683434523642063141e-04
9.993406534194946289e-01,6.594126462005078793e-04
9.995774626731872559e-01,4.225022858008742332e-04
9.993799924850463867e-01,6.200241041369736195e-04
9.983169436454772949e-01,1.682960428297519684e-03
9.981504082679748535e-01,1.849512103945016861e-03
9.990095496177673340e-01,9.904961334541440010e-04
9.988074302673339844e-01,1.192559255287051201e-03
9.951599240303039551e-01,4.840075969696044922e-03
9.922239780426025391e-01,7.776040118187665939e-03
9.831596016883850098e-01,1.684041135013103485e-02
9.827754497528076172e-01,1.722455956041812897e-02
9.852170348167419434e-01,1.478288788348436356e-02
9.902513623237609863e-01,9.748578071594238281e-03
9.916534423828125000e-01,8.346499875187873840e-03
9.914869070053100586e-01,8.513067848980426788e-03
9.942606687545776367e-01,5.739294923841953278e-03
9.967066645622253418e-01,3.293314017355442047e-03
9.974648952484130859e-01,2.535140374675393105e-03
9.890331625938415527e-01,1.096675824373960495e-02
9.771394133567810059e-01,2.286060526967048645e-02
9.890071749687194824e-01,1.099271606653928757e-02
9.891749024391174316e-01,1.082507148385047913e-02
9.821718335151672363e-01,1.782811619341373444e-02
9.916427135467529297e-01,8.357248269021511078e-03
9.963812828063964844e-01,3.618633607402443886e-03
9.978883862495422363e-01,2.111620269715785980e-03
9.975270032882690430e-01,2.472897758707404137e-03
9.947420954704284668e-01,5.257810000330209732e-03
9.912913441658020020e-01,8.708652108907699585e-03
9.938287734985351562e-01,6.171170156449079514e-03
9.921573400497436523e-01,7.842676714062690735e-03
9.923349618911743164e-01,7.664980366826057434e-03
9.939107298851013184e-01,6.089225411415100098e-03
9.900847077369689941e-01,9.915292263031005859e-03
9.879053831100463867e-01,1.209458336234092712e-02
9.671763777732849121e-01,3.282366693019866943e-02
4.638452529907226562e-01,5.361547470092773438e-01
6.866729259490966797e-02,9.313327074050903320e-01
6.104882061481475830e-02,9.389511942863464355e-01
1.091770827770233154e-01,8.908229470252990723e-01
6.013635173439979553e-02,9.398636221885681152e-01
4.737631604075431824e-02,9.526236653327941895e-01
6.017602235078811646e-02,9.398240447044372559e-01
7.500650733709335327e-02,9.249935150146484375e-01
3.431142866611480713e-02,9.656885266304016113e-01
5.409488920122385025e-03,9.945904612541198730e-01
5.207763984799385071e-03,9.947921633720397949e-01
1.299001183360815048e-02,9.870100021362304688e-01
2.034899219870567322e-02,9.796510338783264160e-01
5.308140441775321960e-02,9.469185471534729004e-01
8.858040720224380493e-02,9.114196300506591797e-01
1.273567676544189453e-01,8.726432323455810547e-01
1.957079023122787476e-01,8.042920827865600586e-01
4.511281549930572510e-01,5.488717555999755859e-01
8.992636203765869141e-01,1.007363796234130859e-01
9.835735559463500977e-01,1.642637141048908234e-02
9.946849346160888672e-01,5.315088666975498199e-03
9.929128289222717285e-01,7.087143603712320328e-03
9.853913784027099609e-01,1.460867747664451599e-02
9.902521967887878418e-01,9.747717529535293579e-03
9.876399636268615723e-01,1.236008014529943466e-02
9.659161567687988281e-01,3.408382833003997803e-02
9.602674245834350586e-01,3.973260894417762756e-02
9.952759742736816406e-01,4.723998252302408218e-03
9.985425472259521484e-01,1.457507722079753876e-03
9.992608428001403809e-01,7.391133694909512997e-04
9.994025230407714844e-01,5.974650266580283642e-04
9.994476437568664551e-01,5.523065919987857342e-04
9.994565844535827637e-01,5.434367922134697437e-04
9.990134239196777344e-01,9.865871397778391838e-04
9.976528882980346680e-01,2.347126370295882225e-03
9.950634837150573730e-01,4.936561919748783112e-03
9.847923517227172852e-01,1.520761661231517792e-02
8.585005998611450195e-01,1.414993852376937866e-01
5.839748978614807129e-01,4.160250425338745117e-01
3.235826492309570312e-01,6.764172911643981934e-01
4.748944640159606934e-01,5.251055359840393066e-01
8.509452342987060547e-01,1.490547508001327515e-01
8.389858603477478027e-01,1.610140651464462280e-01
6.723291277885437012e-01,3.276708722114562988e-01
6.909438967704772949e-01,3.090560734272003174e-01
5.783999562263488770e-01,4.215999543666839600e-01
8.421575427055358887e-01,1.578425019979476929e-01
9.045583605766296387e-01,9.544173628091812134e-02
9.659883379936218262e-01,3.401163965463638306e-02
9.712899923324584961e-01,2.871000953018665314e-02
8.187091350555419922e-01,1.812908351421356201e-01
5.742517113685607910e-01,4.257483184337615967e-01
8.638610243797302246e-01,1.361389458179473877e-01
8.235475420951843262e-01,1.764524579048156738e-01
6.044123172760009766e-01,3.955877423286437988e-01
3.658191561698913574e-01,6.341808438301086426e-01
1.098811328411102295e-01,8.901188373565673828e-01
5.346572026610374451e-02,9.465342760086059570e-01
1.352145373821258545e-01,8.647854328155517578e-01
4.161942005157470703e-01,5.838057398796081543e-01
6.127874851226806641e-01,3.872125148773193359e-01
7.321433424949645996e-01,2.678566575050354004e-01
8.347035050392150879e-01,1.652965098619461060e-01
9.031193256378173828e-01,9.688066691160202026e-02
9.440723657608032227e-01,5.592765659093856812e-02
9.781633615493774414e-01,2.183661051094532013e-02
9.691722989082336426e-01,3.082764521241188049e-02
9.826381802558898926e-01,1.736189797520637512e-02
9.920248389244079590e-01,7.975135929882526398e-03
9.917837381362915039e-01,8.216280490159988403e-03
9.788553118705749512e-01,2.114468626677989960e-02
9.900518059730529785e-01,9.948187507688999176e-03
9.985151886940002441e-01,1.484811538830399513e-03
9.995767474174499512e-01,4.232126520946621895e-04
9.997878670692443848e-01,2.121535071637481451e-04
9.998631477355957031e-01,1.368739613099023700e-04
9.998751878738403320e-01,1.248363114427775145e-04
9.998741149902343750e-01,1.259017008123919368e-04
9.998379349708557129e-01,1.621212140889838338e-04
9.997677803039550781e-01,2.321141218999400735e-04
9.998548030853271484e-01,1.452318538213148713e-04
9.999120235443115234e-01,8.792298467596992850e-05
9.999541044235229492e-01,4.589852323988452554e-05
9.999750256538391113e-01,2.497614150342997164e-05
9.999822974205017090e-01,1.780712045729160309e-05
9.999805092811584473e-01,1.939172398124355823e-05
9.999793767929077148e-01,2.065167791442945600e-05
9.999796152114868164e-01,2.033832788583822548e-05
9.999755620956420898e-01,2.444559504510834813e-05
