-1.619380569458007812e+01,-5.880967140197753906e+00,-7.764637947082519531e+00,-1.043267345428466797e+01,-1.057322502136230469e+01
-1.585186100006103516e+01,-5.697807788848876953e+00,-8.313036918640136719e+00,-1.148063373565673828e+01,-1.068561363220214844e+01
-1.573350334167480469e+01,-5.634588241577148438e+00,-9.193702697753906250e+00,-1.240846252441406250e+01,-1.095278835296630859e+01
-1.656124496459960938e+01,-5.630854129791259766e+00,-1.014541721343994141e+01,-1.352204895019531250e+01,-1.133366584777832031e+01
-1.764786529541015625e+01,-5.661416530609130859e+00,-1.111726665496826172e+01,-1.445331573486328125e+01,-1.177646541595458984e+01
-1.846518135070800781e+01,-5.696985721588134766e+00,-1.202390861511230469e+01,-1.504240989685058594e+01,-1.218223953247070312e+01
-1.890956306457519531e+01,-5.713564872741699219e+00,-1.283397006988525391e+01,-1.534993362426757812e+01,-1.252020359039306641e+01
-1.910062599182128906e+01,-5.712591648101806641e+00,-1.347478008270263672e+01,-1.546770477294921875e+01,-1.277947521209716797e+01
-1.922363853454589844e+01,-5.702933788299560547e+00,-1.393285465240478516e+01,-1.547233009338378906e+01,-1.297279834747314453e+01
-1.926153373718261719e+01,-5.693590641021728516e+00,-1.421615791320800781e+01,-1.542292785644531250e+01,-1.308769893646240234e+01
-1.898702430725097656e+01,-5.685507297515869141e+00,-1.422929382324218750e+01,-1.512609291076660156e+01,-1.308038234710693359e+01
-1.882325553894042969e+01,-5.677446842193603516e+00,-1.434117984771728516e+01,-1.503675460815429688e+01,-1.306993865966796875e+01
-1.875224113464355469e+01,-5.671525001525878906e+00,-1.445001220703125000e+01,-1.503769493103027344e+01,-1.306133651733398438e+01
-1.871035385131835938e+01,-5.661321640014648438e+00,-1.451391315460205078e+01,-1.501503944396972656e+01,-1.308939933776855469e+01
-1.836496925354003906e+01,-5.663660049438476562e+00,-1.436645126342773438e+01,-1.478689956665039062e+01,-1.301219081878662109e+01
-1.823355674743652344e+01,-5.659270286560058594e+00,-1.445404148101806641e+01,-1.483806419372558594e+01,-1.294789981842041016e+01
-1.804825592041015625e+01,-5.659954071044921875e+00,-1.456699848175048828e+01,-1.494034004211425781e+01,-1.288337612152099609e+01
-1.795375251770019531e+01,-5.662450790405273438e+00,-1.465378093719482422e+01,-1.502947998046875000e+01,-1.285725021362304688e+01
-1.802434539794921875e+01,-5.656857967376708984e+00,-1.471056652069091797e+01,-1.509298515319824219e+01,-1.289905166625976562e+01
-1.809641647338867188e+01,-5.654829978942871094e+00,-1.473400402069091797e+01,-1.513723754882812500e+01,-1.293043899536132812e+01
-1.816851806640625000e+01,-5.651411056518554688e+00,-1.474019145965576172e+01,-1.517203140258789062e+01,-1.295447826385498047e+01
-1.813427162170410156e+01,-5.650387287139892578e+00,-1.476586723327636719e+01,-1.518839645385742188e+01,-1.296423244476318359e+01
-1.806365966796875000e+01,-5.653845787048339844e+00,-1.482963275909423828e+01,-1.521122741699218750e+01,-1.295092105865478516e+01
-1.811851882934570312e+01,-5.653718948364257812e+00,-1.483526897430419922e+01,-1.528625488281250000e+01,-1.294665527343750000e+01
-1.810840225219726562e+01,-5.652123928070068359e+00,-1.483455181121826172e+01,-1.531179809570312500e+01,-1.293962001800537109e+01
-1.782929992675781250e+01,-5.659564018249511719e+00,-1.458780097961425781e+01,-1.512926101684570312e+01,-1.285396862030029297e+01
-1.783588218688964844e+01,-5.658617496490478516e+00,-1.460993480682373047e+01,-1.516024398803710938e+01,-1.280931854248046875e+01
-1.786780929565429688e+01,-5.656649589538574219e+00,-1.467866039276123047e+01,-1.521051216125488281e+01,-1.279649829864501953e+01
-1.792188644409179688e+01,-5.657329559326171875e+00,-1.472580623626708984e+01,-1.527928543090820312e+01,-1.279835605621337891e+01
-1.797748756408691406e+01,-5.653945446014404297e+00,-1.480040931701660156e+01,-1.531395912170410156e+01,-1.282805919647216797e+01
-1.801342391967773438e+01,-5.651823520660400391e+00,-1.481549072265625000e+01,-1.534373092651367188e+01,-1.284781551361083984e+01
-1.808588981628417969e+01,-5.655273437500000000e+00,-1.479907798767089844e+01,-1.539600372314453125e+01,-1.285257434844970703e+01
-1.819809913635253906e+01,-5.657721042633056641e+00,-1.475981807708740234e+01,-1.546822357177734375e+01,-1.286814975738525391e+01
-1.842716598510742188e+01,-5.658351898193359375e+00,-1.469978427886962891e+01,-1.555815124511718750e+01,-1.289608669281005859e+01
-1.864666366577148438e+01,-5.656000137329101562e+00,-1.462152957916259766e+01,-1.560491371154785156e+01,-1.296092319488525391e+01
-1.887070846557617188e+01,-5.658906459808349609e+00,-1.449477481842041016e+01,-1.563132667541503906e+01,-1.303051185607910156e+01
-1.905704498291015625e+01,-5.661498069763183594e+00,-1.436621189117431641e+01,-1.562585258483886719e+01,-1.310826778411865234e+01
-1.918422889709472656e+01,-5.663876533508300781e+00,-1.426276016235351562e+01,-1.559075927734375000e+01,-1.318141365051269531e+01
-1.923291397094726562e+01,-5.667645454406738281e+00,-1.412025928497314453e+01,-1.554232406616210938e+01,-1.322112464904785156e+01
-1.924689674377441406e+01,-5.671188354492187500e+00,-1.393870258331298828e+01,-1.548854637145996094e+01,-1.323679161071777344e+01
-1.927775382995605469e+01,-5.676050186157226562e+00,-1.370690250396728516e+01,-1.545183181762695312e+01,-1.322187709808349609e+01
-1.926862335205078125e+01,-5.684148788452148438e+00,-1.347127246856689453e+01,-1.545204353332519531e+01,-1.316845226287841797e+01
-1.909662628173828125e+01,-5.690413951873779297e+00,-1.337402439117431641e+01,-1.540925025939941406e+01,-1.311320209503173828e+01
-1.890402221679687500e+01,-5.703241825103759766e+00,-1.324856948852539062e+01,-1.538881683349609375e+01,-1.301778602600097656e+01
-1.879830551147460938e+01,-5.713742733001708984e+00,-1.305086040496826172e+01,-1.541705131530761719e+01,-1.292346286773681641e+01
-1.869799995422363281e+01,-5.721301078796386719e+00,-1.282137012481689453e+01,-1.545524406433105469e+01,-1.283869743347167969e+01
-1.858069038391113281e+01,-5.728298187255859375e+00,-1.260179233551025391e+01,-1.546931266784667969e+01,-1.277652454376220703e+01
-1.836540222167968750e+01,-5.742660045623779297e+00,-1.230647945404052734e+01,-1.546365737915039062e+01,-1.269165420532226562e+01
-1.809475898742675781e+01,-5.762640476226806641e+00,-1.196798801422119141e+01,-1.546233558654785156e+01,-1.255384922027587891e+01
-1.766263008117675781e+01,-5.777234077453613281e+00,-1.171821975708007812e+01,-1.542265701293945312e+01,-1.242676258087158203e+01
-1.730506324768066406e+01,-5.789819240570068359e+00,-1.126562595367431641e+01,-1.537870025634765625e+01,-1.226534366607666016e+01
-1.697762489318847656e+01,-5.795390605926513672e+00,-1.074736595153808594e+01,-1.533223342895507812e+01,-1.209387302398681641e+01
-1.668945884704589844e+01,-5.786032199859619141e+00,-1.027719688415527344e+01,-1.525205612182617188e+01,-1.195747089385986328e+01
-1.637398338317871094e+01,-5.774669647216796875e+00,-9.951935768127441406e+00,-1.515295600891113281e+01,-1.187049484252929688e+01
-1.596248054504394531e+01,-5.767381191253662109e+00,-1.004008769989013672e+01,-1.496083641052246094e+01,-1.194000720977783203e+01
-1.540651702880859375e+01,-5.765191078186035156e+00,-1.023820018768310547e+01,-1.464350700378417969e+01,-1.205938339233398438e+01
-1.534050083160400391e+01,-5.752954483032226562e+00,-9.997447967529296875e+00,-1.438223838806152344e+01,-1.196370124816894531e+01
-1.521342468261718750e+01,-5.725315093994140625e+00,-1.014049339294433594e+01,-1.414452171325683594e+01,-1.208437633514404297e+01
-1.492497634887695312e+01,-5.708766937255859375e+00,-1.065161514282226562e+01,-1.394009208679199219e+01,-1.233309555053710938e+01
-1.506565856933593750e+01,-5.693580150604248047e+00,-1.132800388336181641e+01,-1.387291717529296875e+01,-1.258366012573242188e+01
-1.529696178436279297e+01,-5.685998439788818359e+00,-1.201609992980957031e+01,-1.383625602722167969e+01,-1.281783676147460938e+01
-1.551985549926757812e+01,-5.684342861175537109e+00,-1.261612606048583984e+01,-1.383221626281738281e+01,-1.299874782562255859e+01
-1.626916885375976562e+01,-5.673397541046142578e+00,-1.275151348114013672e+01,-1.386345863342285156e+01,-1.293755817413330078e+01
-1.679172325134277344e+01,-5.652344703674316406e+00,-1.316157817840576172e+01,-1.402974128723144531e+01,-1.300402832031250000e+01
-1.717039108276367188e+01,-5.640453338623046875e+00,-1.367141246795654297e+01,-1.421739959716796875e+01,-1.313468265533447266e+01
-1.729162406921386719e+01,-5.635077953338623047e+00,-1.414552593231201172e+01,-1.433766365051269531e+01,-1.324503135681152344e+01
-1.734273338317871094e+01,-5.631063461303710938e+00,-1.451147174835205078e+01,-1.438125038146972656e+01,-1.334796142578125000e+01
-1.762423515319824219e+01,-5.622907161712646484e+00,-1.449812316894531250e+01,-1.432574462890625000e+01,-1.327544593811035156e+01
-1.757714080810546875e+01,-5.615509510040283203e+00,-1.469323921203613281e+01,-1.432705688476562500e+01,-1.328258037567138672e+01
-1.747530746459960938e+01,-5.612387657165527344e+00,-1.485353088378906250e+01,-1.434885978698730469e+01,-1.331491947174072266e+01
-1.760128021240234375e+01,-5.607800006866455078e+00,-1.473172187805175781e+01,-1.429964065551757812e+01,-1.321166992187500000e+01
-1.747134971618652344e+01,-5.604888439178466797e+00,-1.482272720336914062e+01,-1.429666328430175781e+01,-1.322049999237060547e+01
-1.734687423706054688e+01,-5.603326797485351562e+00,-1.495468616485595703e+01,-1.433261108398437500e+01,-1.326790523529052734e+01
-1.748563957214355469e+01,-5.601639270782470703e+00,-1.481789493560791016e+01,-1.430639266967773438e+01,-1.316940975189208984e+01
-1.742620849609375000e+01,-5.600564002990722656e+00,-1.490263175964355469e+01,-1.436423301696777344e+01,-1.318270874023437500e+01
-1.734143066406250000e+01,-5.600374698638916016e+00,-1.501497745513916016e+01,-1.441424560546875000e+01,-1.323900604248046875e+01
-1.735558319091796875e+01,-5.600683212280273438e+00,-1.512681293487548828e+01,-1.446550178527832031e+01,-1.330618572235107422e+01
-1.724292755126953125e+01,-5.598638057708740234e+00,-1.522569084167480469e+01,-1.448758125305175781e+01,-1.335936927795410156e+01
-1.712750434875488281e+01,-5.599802017211914062e+00,-1.528244304656982422e+01,-1.449342155456542969e+01,-1.340193748474121094e+01
-1.740697860717773438e+01,-5.598217964172363281e+00,-1.507317543029785156e+01,-1.445508956909179688e+01,-1.329126453399658203e+01
-1.734103965759277344e+01,-5.601941585540771484e+00,-1.504780864715576172e+01,-1.447239494323730469e+01,-1.327132034301757812e+01
-1.712601470947265625e+01,-5.606017112731933594e+00,-1.505415725708007812e+01,-1.448856163024902344e+01,-1.329038619995117188e+01
-1.701568222045898438e+01,-5.611721515655517578e+00,-1.505442810058593750e+01,-1.453180694580078125e+01,-1.330722332000732422e+01
-1.678849029541015625e+01,-5.611545085906982422e+00,-1.502842140197753906e+01,-1.441245460510253906e+01,-1.331816101074218750e+01
-1.716292953491210938e+01,-5.608960628509521484e+00,-1.499570751190185547e+01,-1.450994682312011719e+01,-1.333558368682861328e+01
-1.787393951416015625e+01,-5.601193904876708984e+00,-1.500912761688232422e+01,-1.473036193847656250e+01,-1.341928386688232422e+01
-1.850980186462402344e+01,-5.593422412872314453e+00,-1.503449916839599609e+01,-1.487264251708984375e+01,-1.355994224548339844e+01
-1.893855094909667969e+01,-5.586789131164550781e+00,-1.507430553436279297e+01,-1.488125419616699219e+01,-1.370621013641357422e+01
-1.928090667724609375e+01,-5.580207824707031250e+00,-1.508557415008544922e+01,-1.482206535339355469e+01,-1.381851291656494141e+01
-1.950534629821777344e+01,-5.574999809265136719e+00,-1.506644916534423828e+01,-1.471868324279785156e+01,-1.388998222351074219e+01
-1.965021514892578125e+01,-5.573128700256347656e+00,-1.503675174713134766e+01,-1.459862327575683594e+01,-1.392488193511962891e+01
-1.971838951110839844e+01,-5.571124553680419922e+00,-1.502678489685058594e+01,-1.450107192993164062e+01,-1.393006515502929688e+01
-1.975606918334960938e+01,-5.567499160766601562e+00,-1.500008487701416016e+01,-1.440712547302246094e+01,-1.393018817901611328e+01
-1.982174491882324219e+01,-5.566774368286132812e+00,-1.496068572998046875e+01,-1.435645294189453125e+01,-1.392487621307373047e+01
-1.986180877685546875e+01,-5.568174839019775391e+00,-1.494223499298095703e+01,-1.432567214965820312e+01,-1.391611671447753906e+01
-1.982070159912109375e+01,-5.569396018981933594e+00,-1.494614887237548828e+01,-1.426967811584472656e+01,-1.391757869720458984e+01
-1.978145980834960938e+01,-5.568115234375000000e+00,-1.491158390045166016e+01,-1.423140907287597656e+01,-1.390069389343261719e+01
-1.974967765808105469e+01,-5.569195270538330078e+00,-1.483658313751220703e+01,-1.419871330261230469e+01,-1.386958217620849609e+01
-1.970066070556640625e+01,-5.571600914001464844e+00,-1.481051349639892578e+01,-1.417278289794921875e+01,-1.382186889648437500e+01
-1.968111228942871094e+01,-5.572172641754150391e+00,-1.481518077850341797e+01,-1.416772651672363281e+01,-1.378055000305175781e+01
-1.967104721069335938e+01,-5.570932865142822266e+00,-1.481396007537841797e+01,-1.416816520690917969e+01,-1.376399517059326172e+01
-1.965046310424804688e+01,-5.572880744934082031e+00,-1.481079578399658203e+01,-1.415386962890625000e+01,-1.376389694213867188e+01
-1.957653617858886719e+01,-5.575646400451660156e+00,-1.476603031158447266e+01,-1.410427856445312500e+01,-1.375512695312500000e+01
-1.948434066772460938e+01,-5.579160690307617188e+00,-1.469193267822265625e+01,-1.408748435974121094e+01,-1.372141361236572266e+01
-1.939785766601562500e+01,-5.582821369171142578e+00,-1.470775985717773438e+01,-1.408511924743652344e+01,-1.366062641143798828e+01
-1.932124519348144531e+01,-5.579923629760742188e+00,-1.476941585540771484e+01,-1.407052040100097656e+01,-1.361460113525390625e+01
-1.926760292053222656e+01,-5.577489376068115234e+00,-1.483190059661865234e+01,-1.407174491882324219e+01,-1.357334995269775391e+01
-1.918538665771484375e+01,-5.575830936431884766e+00,-1.491485691070556641e+01,-1.404483604431152344e+01,-1.353727912902832031e+01
-1.912822914123535156e+01,-5.577628135681152344e+00,-1.499316692352294922e+01,-1.399566078186035156e+01,-1.350886058807373047e+01
-1.904948997497558594e+01,-5.582005023956298828e+00,-1.504463481903076172e+01,-1.395849990844726562e+01,-1.346000480651855469e+01
-1.893559646606445312e+01,-5.586225032806396484e+00,-1.503988361358642578e+01,-1.396966361999511719e+01,-1.337865066528320312e+01
-1.888352203369140625e+01,-5.590116024017333984e+00,-1.501812648773193359e+01,-1.400972175598144531e+01,-1.330939769744873047e+01
-1.888309669494628906e+01,-5.595293521881103516e+00,-1.495614242553710938e+01,-1.410363960266113281e+01,-1.322112369537353516e+01
-1.881779670715332031e+01,-5.603227138519287109e+00,-1.486320400238037109e+01,-1.416848945617675781e+01,-1.315354061126708984e+01
-1.874734878540039062e+01,-5.609933376312255859e+00,-1.484829711914062500e+01,-1.417436408996582031e+01,-1.314624309539794922e+01
-1.869465637207031250e+01,-5.610714912414550781e+00,-1.489760875701904297e+01,-1.413718795776367188e+01,-1.318362426757812500e+01
-1.871240234375000000e+01,-5.605932235717773438e+00,-1.494918918609619141e+01,-1.408535003662109375e+01,-1.325605869293212891e+01
-1.871019744873046875e+01,-5.599377155303955078e+00,-1.500168609619140625e+01,-1.399988174438476562e+01,-1.332066440582275391e+01
-1.868622207641601562e+01,-5.595176219940185547e+00,-1.506166744232177734e+01,-1.392729377746582031e+01,-1.335763549804687500e+01
-1.868226242065429688e+01,-5.591248989105224609e+00,-1.507603168487548828e+01,-1.387746047973632812e+01,-1.336528873443603516e+01
-1.867263221740722656e+01,-5.589060783386230469e+00,-1.499391460418701172e+01,-1.389291381835937500e+01,-1.329585933685302734e+01
-1.863843536376953125e+01,-5.594183921813964844e+00,-1.488978481292724609e+01,-1.390756034851074219e+01,-1.323691940307617188e+01
-1.857585334777832031e+01,-5.598951339721679688e+00,-1.486146068572998047e+01,-1.388940238952636719e+01,-1.323749065399169922e+01
-1.854550170898437500e+01,-5.598908901214599609e+00,-1.491136646270751953e+01,-1.381207275390625000e+01,-1.330643844604492188e+01
-1.857464599609375000e+01,-5.592627525329589844e+00,-1.493275165557861328e+01,-1.372949600219726562e+01,-1.338314914703369141e+01
-1.857007026672363281e+01,-5.589334011077880859e+00,-1.496111488342285156e+01,-1.369735717773437500e+01,-1.342256736755371094e+01
-1.851335906982421875e+01,-5.587440967559814453e+00,-1.492146301269531250e+01,-1.362244415283203125e+01,-1.344713306427001953e+01
-1.846159362792968750e+01,-5.585027217864990234e+00,-1.474012565612792969e+01,-1.358347320556640625e+01,-1.339756870269775391e+01
-1.824063491821289062e+01,-5.594102859497070312e+00,-1.438407802581787109e+01,-1.356385803222656250e+01,-1.321200752258300781e+01
-1.796690177917480469e+01,-5.615406513214111328e+00,-1.388177585601806641e+01,-1.350666427612304688e+01,-1.300283718109130859e+01
-1.769353294372558594e+01,-5.636970996856689453e+00,-1.334936046600341797e+01,-1.349472236633300781e+01,-1.279975414276123047e+01
-1.724062919616699219e+01,-5.647078514099121094e+00,-1.294209480285644531e+01,-1.349786376953125000e+01,-1.261466979980468750e+01
-1.725444221496582031e+01,-5.658610343933105469e+00,-1.263650894165039062e+01,-1.370701026916503906e+01,-1.252905941009521484e+01
-1.749834632873535156e+01,-5.663699626922607422e+00,-1.259359169006347656e+01,-1.409497642517089844e+01,-1.254795169830322266e+01
-1.793358039855957031e+01,-5.655941963195800781e+00,-1.293082714080810547e+01,-1.452481842041015625e+01,-1.273624610900878906e+01
-1.844528770446777344e+01,-5.652607440948486328e+00,-1.343505191802978516e+01,-1.483138656616210938e+01,-1.298405170440673828e+01
-1.886977005004882812e+01,-5.644284725189208984e+00,-1.393927860260009766e+01,-1.494536781311035156e+01,-1.322304821014404297e+01
-1.918361473083496094e+01,-5.634734630584716797e+00,-1.434897327423095703e+01,-1.491465568542480469e+01,-1.340482521057128906e+01
-1.940960502624511719e+01,-5.627133846282958984e+00,-1.466187095642089844e+01,-1.485931587219238281e+01,-1.351137256622314453e+01
-1.955207824707031250e+01,-5.618071079254150391e+00,-1.486576175689697266e+01,-1.482988739013671875e+01,-1.356554508209228516e+01
-1.958835411071777344e+01,-5.607779502868652344e+00,-1.501167774200439453e+01,-1.478483581542968750e+01,-1.360263633728027344e+01
-1.955828666687011719e+01,-5.600080966949462891e+00,-1.510598754882812500e+01,-1.469347000122070312e+01,-1.363987159729003906e+01
-1.951266670227050781e+01,-5.596329689025878906e+00,-1.515991783142089844e+01,-1.461221694946289062e+01,-1.365641880035400391e+01
-1.947938537597656250e+01,-5.593717098236083984e+00,-1.516902446746826172e+01,-1.454963111877441406e+01,-1.364817905426025391e+01
-1.944283676147460938e+01,-5.593304634094238281e+00,-1.515483188629150391e+01,-1.451311683654785156e+01,-1.362723255157470703e+01
-1.939033508300781250e+01,-5.594308376312255859e+00,-1.510640811920166016e+01,-1.450152015686035156e+01,-1.358799171447753906e+01
-1.934998321533203125e+01,-5.597161293029785156e+00,-1.501570415496826172e+01,-1.449896621704101562e+01,-1.352456092834472656e+01
-1.932612037658691406e+01,-5.602449893951416016e+00,-1.494118976593017578e+01,-1.451111030578613281e+01,-1.347054958343505859e+01
-1.925223731994628906e+01,-5.607556819915771484e+00,-1.490623283386230469e+01,-1.455335617065429688e+01,-1.342546367645263672e+01
-1.914959907531738281e+01,-5.611244201660156250e+00,-1.488164043426513672e+01,-1.459826850891113281e+01,-1.338538837432861328e+01
-1.900655746459960938e+01,-5.615543365478515625e+00,-1.483979034423828125e+01,-1.466135787963867188e+01,-1.333493709564208984e+01
-1.894806480407714844e+01,-5.620387077331542969e+00,-1.475539398193359375e+01,-1.473607063293457031e+01,-1.328807926177978516e+01
-1.892778587341308594e+01,-5.626881599426269531e+00,-1.462936019897460938e+01,-1.479051971435546875e+01,-1.325872230529785156e+01
-1.896221351623535156e+01,-5.633504867553710938e+00,-1.444751548767089844e+01,-1.483746147155761719e+01,-1.322673320770263672e+01
-1.901530265808105469e+01,-5.640966892242431641e+00,-1.427284336090087891e+01,-1.487522888183593750e+01,-1.320677947998046875e+01
-1.901844978332519531e+01,-5.650311946868896484e+00,-1.402721595764160156e+01,-1.491577339172363281e+01,-1.314506244659423828e+01
-1.894921302795410156e+01,-5.659820556640625000e+00,-1.372331047058105469e+01,-1.487578392028808594e+01,-1.308065223693847656e+01
-1.883444404602050781e+01,-5.677311897277832031e+00,-1.331183719635009766e+01,-1.470140647888183594e+01,-1.300075054168701172e+01
-1.832161331176757812e+01,-5.695713996887207031e+00,-1.269309806823730469e+01,-1.428890800476074219e+01,-1.287978553771972656e+01
-1.703080558776855469e+01,-5.717127323150634766e+00,-1.186937046051025391e+01,-1.361407661437988281e+01,-1.262378311157226562e+01
-1.458349037170410156e+01,-5.735874176025390625e+00,-1.088156795501708984e+01,-1.277041816711425781e+01,-1.227517986297607422e+01
-1.322124481201171875e+01,-5.717240333557128906e+00,-9.956340789794921875e+00,-1.194219970703125000e+01,-1.187625217437744141e+01
-1.251791954040527344e+01,-5.699247837066650391e+00,-9.324567794799804688e+00,-1.125344181060791016e+01,-1.151684570312500000e+01
-1.380425262451171875e+01,-5.586071491241455078e+00,-9.776546478271484375e+00,-1.172025489807128906e+01,-1.164225196838378906e+01
-1.568466567993164062e+01,-5.521929264068603516e+00,-1.067471694946289062e+01,-1.271203804016113281e+01,-1.210892677307128906e+01
-1.733760070800781250e+01,-5.532339572906494141e+00,-1.168037891387939453e+01,-1.357242012023925781e+01,-1.261139678955078125e+01
-1.834719657897949219e+01,-5.565037250518798828e+00,-1.253715991973876953e+01,-1.411156845092773438e+01,-1.294718647003173828e+01
-1.884818077087402344e+01,-5.581861019134521484e+00,-1.322092533111572266e+01,-1.435424232482910156e+01,-1.316892337799072266e+01
-1.904174041748046875e+01,-5.585547924041748047e+00,-1.373620510101318359e+01,-1.441953849792480469e+01,-1.330974102020263672e+01
-1.905369377136230469e+01,-5.584526062011718750e+00,-1.405643558502197266e+01,-1.442603683471679688e+01,-1.334137821197509766e+01
-1.900820159912109375e+01,-5.582804679870605469e+00,-1.425607776641845703e+01,-1.441876792907714844e+01,-1.333395099639892578e+01
-1.895605278015136719e+01,-5.582621574401855469e+00,-1.436039638519287109e+01,-1.440828132629394531e+01,-1.331429195404052734e+01
-1.886469841003417969e+01,-5.583029270172119141e+00,-1.444216918945312500e+01,-1.438625717163085938e+01,-1.328201293945312500e+01
-1.876585769653320312e+01,-5.585979938507080078e+00,-1.450938606262207031e+01,-1.437354278564453125e+01,-1.325334358215332031e+01
-1.871050834655761719e+01,-5.589790344238281250e+00,-1.453974056243896484e+01,-1.437112617492675781e+01,-1.323714160919189453e+01
-1.861230659484863281e+01,-5.592737197875976562e+00,-1.459781646728515625e+01,-1.436579513549804688e+01,-1.321442604064941406e+01
-1.847339820861816406e+01,-5.594465255737304688e+00,-1.469950771331787109e+01,-1.433582115173339844e+01,-1.320405769348144531e+01
-1.838239288330078125e+01,-5.594504356384277344e+00,-1.480831432342529297e+01,-1.427353096008300781e+01,-1.322300529479980469e+01
-1.834898376464843750e+01,-5.594524860382080078e+00,-1.490746212005615234e+01,-1.420539665222167969e+01,-1.326497173309326172e+01
-1.833700180053710938e+01,-5.592670917510986328e+00,-1.498502063751220703e+01,-1.414173126220703125e+01,-1.329793167114257812e+01
-1.834565353393554688e+01,-5.591718673706054688e+00,-1.502239704132080078e+01,-1.409012222290039062e+01,-1.332346725463867188e+01
-1.834862899780273438e+01,-5.590810775756835938e+00,-1.500847816467285156e+01,-1.406071472167968750e+01,-1.332294082641601562e+01
-1.835626029968261719e+01,-5.589784622192382812e+00,-1.498057270050048828e+01,-1.403631019592285156e+01,-1.332261657714843750e+01
-1.833492851257324219e+01,-5.590542793273925781e+00,-1.494338130950927734e+01,-1.400762939453125000e+01,-1.331639862060546875e+01
-1.833521652221679688e+01,-5.591178894042968750e+00,-1.492973136901855469e+01,-1.398853492736816406e+01,-1.332399845123291016e+01
-1.829228210449218750e+01,-5.591864585876464844e+00,-1.494099140167236328e+01,-1.396894264221191406e+01,-1.333524227142333984e+01
-1.829970550537109375e+01,-5.591766834259033203e+00,-1.495285129547119141e+01,-1.395209121704101562e+01,-1.335533428192138672e+01
-1.832316398620605469e+01,-5.593006134033203125e+00,-1.494917774200439453e+01,-1.393679428100585938e+01,-1.337510871887207031e+01
-1.837658691406250000e+01,-5.593052864074707031e+00,-1.496716403961181641e+01,-1.393812751770019531e+01,-1.341282939910888672e+01
-1.845907783508300781e+01,-5.593552589416503906e+00,-1.496417903900146484e+01,-1.395492935180664062e+01,-1.345652103424072266e+01
-1.844843864440917969e+01,-5.594372272491455078e+00,-1.497653484344482422e+01,-1.397738456726074219e+01,-1.348120784759521484e+01
-1.834249114990234375e+01,-5.596864700317382812e+00,-1.501269626617431641e+01,-1.395546722412109375e+01,-1.350777912139892578e+01
-1.826040840148925781e+01,-5.596660137176513672e+00,-1.492792034149169922e+01,-1.393608093261718750e+01,-1.348740577697753906e+01
-1.821451377868652344e+01,-5.594199180603027344e+00,-1.476069355010986328e+01,-1.382330322265625000e+01,-1.343219757080078125e+01
-1.803944778442382812e+01,-5.593060493469238281e+00,-1.448179721832275391e+01,-1.352289772033691406e+01,-1.328087234497070312e+01
-1.790778350830078125e+01,-5.594670295715332031e+00,-1.421659374237060547e+01,-1.304249763488769531e+01,-1.317605876922607422e+01
-1.761735725402832031e+01,-5.581800460815429688e+00,-1.408452224731445312e+01,-1.251183509826660156e+01,-1.307596874237060547e+01
-1.785462760925292969e+01,-5.570212841033935547e+00,-1.417256069183349609e+01,-1.260717964172363281e+01,-1.311714649200439453e+01
-1.834333801269531250e+01,-5.568596363067626953e+00,-1.440864467620849609e+01,-1.304473495483398438e+01,-1.319837093353271484e+01
-1.867372703552246094e+01,-5.571290493011474609e+00,-1.465297222137451172e+01,-1.335570335388183594e+01,-1.333411693572998047e+01
-1.884614753723144531e+01,-5.573673248291015625e+00,-1.482261371612548828e+01,-1.349012756347656250e+01,-1.346634387969970703e+01
-1.909399032592773438e+01,-5.573939800262451172e+00,-1.482563877105712891e+01,-1.366925430297851562e+01,-1.351115322113037109e+01
-1.946769523620605469e+01,-5.578153610229492188e+00,-1.473507118225097656e+01,-1.395682907104492188e+01,-1.354178619384765625e+01
-1.969252204895019531e+01,-5.583767890930175781e+00,-1.462444686889648438e+01,-1.426425170898437500e+01,-1.353934383392333984e+01
-1.988667678833007812e+01,-5.593641757965087891e+00,-1.441815853118896484e+01,-1.457958984375000000e+01,-1.350100326538085938e+01
-2.008358955383300781e+01,-5.612714767456054688e+00,-1.409887599945068359e+01,-1.482072257995605469e+01,-1.345125102996826172e+01
-2.020454788208007812e+01,-5.635710239410400391e+00,-1.370987987518310547e+01,-1.497128105163574219e+01,-1.339700984954833984e+01
-2.025871086120605469e+01,-5.654833793640136719e+00,-1.327754497528076172e+01,-1.504976463317871094e+01,-1.332272911071777344e+01
-2.023277473449707031e+01,-5.668531894683837891e+00,-1.287908363342285156e+01,-1.508038711547851562e+01,-1.321399211883544922e+01
-2.015905570983886719e+01,-5.675457477569580078e+00,-1.251372241973876953e+01,-1.508572387695312500e+01,-1.309318161010742188e+01
-2.008827018737792969e+01,-5.676437377929687500e+00,-1.226200199127197266e+01,-1.503133773803710938e+01,-1.301638603210449219e+01
-1.994436073303222656e+01,-5.674503326416015625e+00,-1.206187057495117188e+01,-1.496121025085449219e+01,-1.296013164520263672e+01
-1.978625297546386719e+01,-5.671971321105957031e+00,-1.192469692230224609e+01,-1.490651130676269531e+01,-1.291226291656494141e+01
-1.964168357849121094e+01,-5.675216674804687500e+00,-1.177039051055908203e+01,-1.488306236267089844e+01,-1.286343860626220703e+01
-1.953244209289550781e+01,-5.680948734283447266e+00,-1.156004619598388672e+01,-1.486334419250488281e+01,-1.280312156677246094e+01
-1.943753051757812500e+01,-5.688823223114013672e+00,-1.125835704803466797e+01,-1.484558105468750000e+01,-1.272698593139648438e+01
-1.942782783508300781e+01,-5.696007728576660156e+00,-1.093811988830566406e+01,-1.480862045288085938e+01,-1.266100597381591797e+01
-1.940035057067871094e+01,-5.700993061065673828e+00,-1.053286933898925781e+01,-1.468328666687011719e+01,-1.259715938568115234e+01
-1.936636352539062500e+01,-5.693819999694824219e+00,-1.024966621398925781e+01,-1.449018096923828125e+01,-1.259744930267333984e+01
-1.910234069824218750e+01,-5.689588069915771484e+00,-9.900342941284179688e+00,-1.426868438720703125e+01,-1.259270191192626953e+01
-1.833389091491699219e+01,-5.704831600189208984e+00,-8.812530517578125000e+00,-1.383605194091796875e+01,-1.232933902740478516e+01
-1.753775978088378906e+01,-5.720640659332275391e+00,-7.258160591125488281e+00,-1.311311340332031250e+01,-1.190281772613525391e+01
-1.657868957519531250e+01,-5.771002292633056641e+00,-5.975679874420166016e+00,-1.180252075195312500e+01,-1.157147789001464844e+01
-1.548435592651367188e+01,-5.902355194091796875e+00,-5.231279373168945312e+00,-1.002678394317626953e+01,-1.127392101287841797e+01
-1.501018905639648438e+01,-6.187448978424072266e+00,-4.949054718017578125e+00,-8.289930343627929688e+00,-1.106684112548828125e+01
-1.558830928802490234e+01,-6.456998825073242188e+00,-5.221898078918457031e+00,-7.216592311859130859e+00,-1.116310596466064453e+01
-1.673972129821777344e+01,-6.423561573028564453e+00,-5.871038913726806641e+00,-7.031642913818359375e+00,-1.139566421508789062e+01
-1.795504951477050781e+01,-6.188204288482666016e+00,-6.455553531646728516e+00,-7.294207572937011719e+00,-1.160963535308837891e+01
-1.892866897583007812e+01,-5.839285850524902344e+00,-6.767013072967529297e+00,-8.115188598632812500e+00,-1.173735618591308594e+01
-1.942803001403808594e+01,-5.548532962799072266e+00,-6.996598243713378906e+00,-9.273820877075195312e+00,-1.180377674102783203e+01
-1.966793632507324219e+01,-5.385551452636718750e+00,-7.342502593994140625e+00,-1.061020088195800781e+01,-1.183822727203369141e+01
-1.959002876281738281e+01,-5.341059684753417969e+00,-7.816934108734130859e+00,-1.183823490142822266e+01,-1.192466449737548828e+01
-1.957363510131835938e+01,-5.380007743835449219e+00,-8.020406723022460938e+00,-1.293066406250000000e+01,-1.194650173187255859e+01
-1.959518051147460938e+01,-5.432930469512939453e+00,-8.169546127319335938e+00,-1.376994705200195312e+01,-1.199382305145263672e+01
-1.959474563598632812e+01,-5.482818126678466797e+00,-8.482448577880859375e+00,-1.430716705322265625e+01,-1.209707832336425781e+01
-1.956411933898925781e+01,-5.530089855194091797e+00,-8.859398841857910156e+00,-1.461662483215332031e+01,-1.224354076385498047e+01
-1.955875968933105469e+01,-5.567532062530517578e+00,-9.360059738159179688e+00,-1.474204063415527344e+01,-1.244776248931884766e+01
-1.949110221862792969e+01,-5.590588092803955078e+00,-1.003421592712402344e+01,-1.464406585693359375e+01,-1.271518039703369141e+01
-1.938534736633300781e+01,-5.600987911224365234e+00,-1.078441715240478516e+01,-1.441819190979003906e+01,-1.297010803222656250e+01
-1.932353973388671875e+01,-5.604174137115478516e+00,-1.143488216400146484e+01,-1.422452545166015625e+01,-1.314417266845703125e+01
-1.928218650817871094e+01,-5.602963447570800781e+00,-1.197352504730224609e+01,-1.405767250061035156e+01,-1.327271842956542969e+01
-1.918509483337402344e+01,-5.600310325622558594e+00,-1.242922115325927734e+01,-1.390645599365234375e+01,-1.334880161285400391e+01
-1.906925582885742188e+01,-5.596989154815673828e+00,-1.270154857635498047e+01,-1.381475639343261719e+01,-1.334589004516601562e+01
-1.889980697631835938e+01,-5.595401763916015625e+00,-1.294990921020507812e+01,-1.376430130004882812e+01,-1.334714794158935547e+01
-1.878728866577148438e+01,-5.594544887542724609e+00,-1.315976619720458984e+01,-1.376548004150390625e+01,-1.332857418060302734e+01
-1.874048805236816406e+01,-5.595211982727050781e+00,-1.329790592193603516e+01,-1.382800483703613281e+01,-1.328074836730957031e+01
-1.871796989440917969e+01,-5.596189022064208984e+00,-1.338483333587646484e+01,-1.392710304260253906e+01,-1.321937847137451172e+01
-1.875653266906738281e+01,-5.598936557769775391e+00,-1.345752048492431641e+01,-1.402454948425292969e+01,-1.319038963317871094e+01
-1.882250213623046875e+01,-5.602578639984130859e+00,-1.353075313568115234e+01,-1.410492324829101562e+01,-1.319059181213378906e+01
-1.884478187561035156e+01,-5.605880260467529297e+00,-1.360599803924560547e+01,-1.414824485778808594e+01,-1.321224594116210938e+01
-1.879810142517089844e+01,-5.607869148254394531e+00,-1.366670513153076172e+01,-1.410982322692871094e+01,-1.325731468200683594e+01
-1.865041351318359375e+01,-5.606719017028808594e+00,-1.369480800628662109e+01,-1.402777862548828125e+01,-1.329698753356933594e+01
-1.846147727966308594e+01,-5.603331089019775391e+00,-1.379812335968017578e+01,-1.391020393371582031e+01,-1.333690452575683594e+01
-1.835888481140136719e+01,-5.599952697753906250e+00,-1.391413211822509766e+01,-1.381210899353027344e+01,-1.338239955902099609e+01
-1.825614356994628906e+01,-5.596341133117675781e+00,-1.402102184295654297e+01,-1.376224136352539062e+01,-1.340069580078125000e+01
-1.821886253356933594e+01,-5.597012519836425781e+00,-1.405036449432373047e+01,-1.374805641174316406e+01,-1.342112255096435547e+01
-1.820338439941406250e+01,-5.598223686218261719e+00,-1.398108577728271484e+01,-1.372866821289062500e+01,-1.343941974639892578e+01
-1.822779846191406250e+01,-5.599350929260253906e+00,-1.377442359924316406e+01,-1.368161201477050781e+01,-1.341452980041503906e+01
-1.818682861328125000e+01,-5.602456569671630859e+00,-1.352539730072021484e+01,-1.365796852111816406e+01,-1.333679008483886719e+01
-1.812857246398925781e+01,-5.597196102142333984e+00,-1.342149925231933594e+01,-1.359836578369140625e+01,-1.323688411712646484e+01
-1.802368927001953125e+01,-5.593814373016357422e+00,-1.338314437866210938e+01,-1.347103500366210938e+01,-1.315411376953125000e+01
-1.795620155334472656e+01,-5.595067501068115234e+00,-1.327015972137451172e+01,-1.325547409057617188e+01,-1.306272602081298828e+01
-1.819471549987792969e+01,-5.592710494995117188e+00,-1.328108310699462891e+01,-1.324624252319335938e+01,-1.307673168182373047e+01
-1.851235389709472656e+01,-5.591272354125976562e+00,-1.334016036987304688e+01,-1.325324058532714844e+01,-1.314480590820312500e+01
-1.887598228454589844e+01,-5.587689876556396484e+00,-1.336749076843261719e+01,-1.321816253662109375e+01,-1.317028427124023438e+01
-1.929242706298828125e+01,-5.575981616973876953e+00,-1.360015201568603516e+01,-1.322817420959472656e+01,-1.331894016265869141e+01
-1.958690071105957031e+01,-5.570530414581298828e+00,-1.372782421112060547e+01,-1.320398712158203125e+01,-1.348041439056396484e+01
-1.985173416137695312e+01,-5.572222709655761719e+00,-1.361274719238281250e+01,-1.347994041442871094e+01,-1.344819164276123047e+01
-2.001546096801757812e+01,-5.585064888000488281e+00,-1.334807682037353516e+01,-1.392871284484863281e+01,-1.330698680877685547e+01
-2.015124702453613281e+01,-5.608836650848388672e+00,-1.296421241760253906e+01,-1.435346984863281250e+01,-1.314420986175537109e+01
-2.023290061950683594e+01,-5.635088443756103516e+00,-1.250723648071289062e+01,-1.465904998779296875e+01,-1.299727153778076172e+01
-2.023939514160156250e+01,-5.659101486206054688e+00,-1.199711704254150391e+01,-1.486731529235839844e+01,-1.286436939239501953e+01
-2.026231956481933594e+01,-5.677910327911376953e+00,-1.127806949615478516e+01,-1.499652481079101562e+01,-1.269637012481689453e+01
-2.021778297424316406e+01,-5.685523033142089844e+00,-1.034499835968017578e+01,-1.508412742614746094e+01,-1.246808052062988281e+01
-2.008106994628906250e+01,-5.683553695678710938e+00,-9.261712074279785156e+00,-1.516189193725585938e+01,-1.217773914337158203e+01
-1.978195571899414062e+01,-5.688710689544677734e+00,-8.057202339172363281e+00,-1.522697639465332031e+01,-1.185431957244873047e+01
-1.942040061950683594e+01,-5.734960556030273438e+00,-6.843016624450683594e+00,-1.527606773376464844e+01,-1.152985000610351562e+01
-1.901432609558105469e+01,-5.867442131042480469e+00,-5.738054752349853516e+00,-1.526268196105957031e+01,-1.124243354797363281e+01
-1.861935424804687500e+01,-6.127917289733886719e+00,-4.836016178131103516e+00,-1.528835296630859375e+01,-1.098547744750976562e+01
-1.832667541503906250e+01,-6.521126747131347656e+00,-4.233467102050781250e+00,-1.518556022644042969e+01,-1.090702152252197266e+01
-1.796827888488769531e+01,-7.123949050903320312e+00,-3.821527719497680664e+00,-1.489865303039550781e+01,-1.092295646667480469e+01
-1.728758049011230469e+01,-7.960138797760009766e+00,-3.604034423828125000e+00,-1.428297996520996094e+01,-1.093908309936523438e+01
-1.608061218261718750e+01,-8.964627265930175781e+00,-3.495774745941162109e+00,-1.371504211425781250e+01,-1.089676666259765625e+01
-1.504081153869628906e+01,-1.003915119171142578e+01,-3.475888252258300781e+00,-1.298899650573730469e+01,-1.082215595245361328e+01
-1.476751327514648438e+01,-1.095511531829833984e+01,-3.506378650665283203e+00,-1.242250442504882812e+01,-1.077325820922851562e+01
-1.476736545562744141e+01,-1.162799453735351562e+01,-3.524703502655029297e+00,-1.215554618835449219e+01,-1.069059658050537109e+01
-1.502916622161865234e+01,-1.209074020385742188e+01,-3.554208278656005859e+00,-1.213394165039062500e+01,-1.066877174377441406e+01
-1.530088520050048828e+01,-1.240175151824951172e+01,-3.576826095581054688e+00,-1.230721282958984375e+01,-1.065200614929199219e+01
-1.559705829620361328e+01,-1.261820793151855469e+01,-3.597908496856689453e+00,-1.259318351745605469e+01,-1.066039085388183594e+01
-1.578727531433105469e+01,-1.278312110900878906e+01,-3.608491897583007812e+00,-1.303976631164550781e+01,-1.060486507415771484e+01
-1.591431236267089844e+01,-1.291201496124267578e+01,-3.621634483337402344e+00,-1.341013145446777344e+01,-1.057466125488281250e+01
-1.554596042633056641e+01,-1.295991230010986328e+01,-3.640326976776123047e+00,-1.339832878112792969e+01,-1.051287364959716797e+01
-1.557602119445800781e+01,-1.304606342315673828e+01,-3.624850749969482422e+00,-1.372257614135742188e+01,-1.043859672546386719e+01
-1.519572925567626953e+01,-1.307773208618164062e+01,-3.634877204895019531e+00,-1.375702095031738281e+01,-1.038404083251953125e+01
-1.539970684051513672e+01,-1.317508792877197266e+01,-3.617843627929687500e+00,-1.392149925231933594e+01,-1.040335178375244141e+01
-1.545330047607421875e+01,-1.326930809020996094e+01,-3.595251083374023438e+00,-1.389962959289550781e+01,-1.047242450714111328e+01
-1.540099811553955078e+01,-1.336009693145751953e+01,-3.588231086730957031e+00,-1.374549293518066406e+01,-1.054305839538574219e+01
-1.491177845001220703e+01,-1.342274570465087891e+01,-3.583220958709716797e+00,-1.328478813171386719e+01,-1.060605430603027344e+01
-1.499229717254638672e+01,-1.346357727050781250e+01,-3.589438915252685547e+00,-1.286858177185058594e+01,-1.070351791381835938e+01
-1.570268344879150391e+01,-1.346141815185546875e+01,-3.604365348815917969e+00,-1.298151016235351562e+01,-1.086773586273193359e+01
-1.656317901611328125e+01,-1.341978454589843750e+01,-3.626404762268066406e+00,-1.349331092834472656e+01,-1.105820751190185547e+01
-1.722307968139648438e+01,-1.339326953887939453e+01,-3.646671772003173828e+00,-1.411365318298339844e+01,-1.119821834564208984e+01
-1.764979553222656250e+01,-1.333878612518310547e+01,-3.652863025665283203e+00,-1.464522933959960938e+01,-1.125798416137695312e+01
-1.801311302185058594e+01,-1.329368114471435547e+01,-3.660550117492675781e+00,-1.494769668579101562e+01,-1.134306144714355469e+01
-1.835257911682128906e+01,-1.326272773742675781e+01,-3.658398628234863281e+00,-1.506323623657226562e+01,-1.144826221466064453e+01
-1.857865715026855469e+01,-1.322754955291748047e+01,-3.650274276733398438e+00,-1.506342697143554688e+01,-1.154441642761230469e+01
-1.874837303161621094e+01,-1.320315837860107422e+01,-3.641909122467041016e+00,-1.493898773193359375e+01,-1.170092010498046875e+01
-1.882955169677734375e+01,-1.317821598052978516e+01,-3.638576030731201172e+00,-1.468105506896972656e+01,-1.190723609924316406e+01
-1.873443603515625000e+01,-1.315483379364013672e+01,-3.634568214416503906e+00,-1.422094154357910156e+01,-1.212130069732666016e+01
-1.852886199951171875e+01,-1.308492469787597656e+01,-3.621437549591064453e+00,-1.355493354797363281e+01,-1.230295658111572266e+01
-1.807408714294433594e+01,-1.295263099670410156e+01,-3.590753555297851562e+00,-1.255129623413085938e+01,-1.247706699371337891e+01
-1.775618743896484375e+01,-1.275021743774414062e+01,-3.533632278442382812e+00,-1.133333015441894531e+01,-1.253725528717041016e+01
-1.694879150390625000e+01,-1.246842861175537109e+01,-3.505419731140136719e+00,-9.628717422485351562e+00,-1.258014297485351562e+01
-1.614131736755371094e+01,-1.209844017028808594e+01,-3.653779506683349609e+00,-7.442311286926269531e+00,-1.264813041687011719e+01
-1.500977516174316406e+01,-1.195398998260498047e+01,-4.508922576904296875e+00,-5.463713645935058594e+00,-1.303462028503417969e+01
-1.461442756652832031e+01,-1.216746902465820312e+01,-6.124795436859130859e+00,-4.753475666046142578e+00,-1.362881851196289062e+01
-1.459136199951171875e+01,-1.264491081237792969e+01,-7.940125942230224609e+00,-4.710903167724609375e+00,-1.422984313964843750e+01
-1.488731098175048828e+01,-1.306521511077880859e+01,-9.330263137817382812e+00,-4.714358329772949219e+00,-1.455028820037841797e+01
-1.536038875579833984e+01,-1.336048793792724609e+01,-1.023101997375488281e+01,-4.664112091064453125e+00,-1.457449340820312500e+01
-1.621096038818359375e+01,-1.354469966888427734e+01,-1.081264877319335938e+01,-4.618438720703125000e+00,-1.447654914855957031e+01
-1.699154281616210938e+01,-1.366759681701660156e+01,-1.122478199005126953e+01,-4.594026565551757812e+00,-1.430970764160156250e+01
-1.729769134521484375e+01,-1.379095649719238281e+01,-1.165681266784667969e+01,-4.579659461975097656e+00,-1.434555721282958984e+01
-1.711781311035156250e+01,-1.388545322418212891e+01,-1.207444858551025391e+01,-4.549427032470703125e+00,-1.451967334747314453e+01
-1.673115921020507812e+01,-1.394363498687744141e+01,-1.239159870147705078e+01,-4.511949539184570312e+00,-1.462122058868408203e+01
-1.641568374633789062e+01,-1.397212696075439453e+01,-1.257740592956542969e+01,-4.479742527008056641e+00,-1.460172080993652344e+01
-1.654707527160644531e+01,-1.397122287750244141e+01,-1.262436103820800781e+01,-4.455139160156250000e+00,-1.448327541351318359e+01
-1.666778945922851562e+01,-1.397021675109863281e+01,-1.265667533874511719e+01,-4.434314250946044922e+00,-1.434296894073486328e+01
-1.674487304687500000e+01,-1.394855785369873047e+01,-1.266586017608642578e+01,-4.421150207519531250e+00,-1.417158603668212891e+01
-1.671423530578613281e+01,-1.391525650024414062e+01,-1.267316818237304688e+01,-4.415610790252685547e+00,-1.402312564849853516e+01
-1.669893455505371094e+01,-1.386136531829833984e+01,-1.265619373321533203e+01,-4.411780834197998047e+00,-1.384792804718017578e+01
-1.667868614196777344e+01,-1.381016921997070312e+01,-1.261087417602539062e+01,-4.411609172821044922e+00,-1.366309642791748047e+01
-1.676584815979003906e+01,-1.374874687194824219e+01,-1.254199886322021484e+01,-4.416324138641357422e+00,-1.346585655212402344e+01
-1.672376251220703125e+01,-1.369468498229980469e+01,-1.249787807464599609e+01,-4.421869277954101562e+00,-1.328798389434814453e+01
-1.662066459655761719e+01,-1.364461708068847656e+01,-1.245042896270751953e+01,-4.428126335144042969e+00,-1.311972713470458984e+01
-1.656777763366699219e+01,-1.359073162078857422e+01,-1.239138984680175781e+01,-4.435959339141845703e+00,-1.292824268341064453e+01
-1.663070106506347656e+01,-1.353816318511962891e+01,-1.231186389923095703e+01,-4.449382781982421875e+00,-1.273189163208007812e+01
-1.667149925231933594e+01,-1.348313903808593750e+01,-1.225991916656494141e+01,-4.456221103668212891e+00,-1.256801986694335938e+01
-1.666022682189941406e+01,-1.341630840301513672e+01,-1.222083950042724609e+01,-4.466066837310791016e+00,-1.238558101654052734e+01
-1.671016311645507812e+01,-1.335025787353515625e+01,-1.218896389007568359e+01,-4.481917381286621094e+00,-1.222535610198974609e+01
-1.679446411132812500e+01,-1.329153251647949219e+01,-1.216541099548339844e+01,-4.496890068054199219e+00,-1.211732196807861328e+01
-1.697136688232421875e+01,-1.324713134765625000e+01,-1.215360355377197266e+01,-4.510640144348144531e+00,-1.204767704010009766e+01
-1.709073448181152344e+01,-1.321662807464599609e+01,-1.217489624023437500e+01,-4.520163536071777344e+00,-1.203478431701660156e+01
-1.705185699462890625e+01,-1.320767021179199219e+01,-1.218285846710205078e+01,-4.522183895111083984e+00,-1.198853111267089844e+01
-1.703684043884277344e+01,-1.320299339294433594e+01,-1.220498371124267578e+01,-4.521688938140869141e+00,-1.197716617584228516e+01
-1.694874382019042969e+01,-1.320246028900146484e+01,-1.221541500091552734e+01,-4.519232749938964844e+00,-1.194621658325195312e+01
-1.682100677490234375e+01,-1.322017097473144531e+01,-1.223333263397216797e+01,-4.513705730438232422e+00,-1.193318653106689453e+01
-1.660753631591796875e+01,-1.326338291168212891e+01,-1.224092864990234375e+01,-4.505799293518066406e+00,-1.194239997863769531e+01
-1.648511505126953125e+01,-1.331419277191162109e+01,-1.222043323516845703e+01,-4.499594688415527344e+00,-1.196065330505371094e+01
-1.634753227233886719e+01,-1.336814594268798828e+01,-1.220058917999267578e+01,-4.491761684417724609e+00,-1.197775363922119141e+01
-1.618242835998535156e+01,-1.338854026794433594e+01,-1.219019603729248047e+01,-4.488700866699218750e+00,-1.193677616119384766e+01
-1.616371154785156250e+01,-1.336576557159423828e+01,-1.213357543945312500e+01,-4.495248794555664062e+00,-1.182343769073486328e+01
-1.655531311035156250e+01,-1.330452251434326172e+01,-1.202278614044189453e+01,-4.517634391784667969e+00,-1.164347553253173828e+01
-1.686952781677246094e+01,-1.324969863891601562e+01,-1.195691394805908203e+01,-4.541510581970214844e+00,-1.150919532775878906e+01
-1.667374038696289062e+01,-1.321582889556884766e+01,-1.196872234344482422e+01,-4.545755386352539062e+00,-1.144255542755126953e+01
-1.621682548522949219e+01,-1.320821952819824219e+01,-1.198962116241455078e+01,-4.544817924499511719e+00,-1.135543918609619141e+01
-1.609823226928710938e+01,-1.318996524810791016e+01,-1.194180107116699219e+01,-4.544328212738037109e+00,-1.117829990386962891e+01
-1.622821426391601562e+01,-1.319577884674072266e+01,-1.188339900970458984e+01,-4.540550231933593750e+00,-1.096731662750244141e+01
-1.664217185974121094e+01,-1.320236396789550781e+01,-1.180527305603027344e+01,-4.544600486755371094e+00,-1.082146167755126953e+01
-1.734070396423339844e+01,-1.314130210876464844e+01,-1.169532012939453125e+01,-4.566192626953125000e+00,-1.076071834564208984e+01
-1.812565040588378906e+01,-1.306243515014648438e+01,-1.170078754425048828e+01,-4.587460041046142578e+00,-1.094195938110351562e+01
-1.878441238403320312e+01,-1.300269126892089844e+01,-1.176996326446533203e+01,-4.603580474853515625e+00,-1.120628738403320312e+01
-1.914252090454101562e+01,-1.297780036926269531e+01,-1.189850425720214844e+01,-4.610172271728515625e+00,-1.142663669586181641e+01
-1.918140220642089844e+01,-1.298254394531250000e+01,-1.204095554351806641e+01,-4.605160713195800781e+00,-1.157507419586181641e+01
-1.906587791442871094e+01,-1.297737503051757812e+01,-1.216244983673095703e+01,-4.597451210021972656e+00,-1.157929515838623047e+01
-1.880793571472167969e+01,-1.294421768188476562e+01,-1.224057102203369141e+01,-4.589970588684082031e+00,-1.144094657897949219e+01
-1.846672248840332031e+01,-1.286700153350830078e+01,-1.225465965270996094e+01,-4.590259075164794922e+00,-1.112080478668212891e+01
-1.802675056457519531e+01,-1.275993919372558594e+01,-1.205467796325683594e+01,-4.614252567291259766e+00,-1.039916515350341797e+01
-1.727683258056640625e+01,-1.264385509490966797e+01,-1.162078857421875000e+01,-4.666613578796386719e+00,-9.133206367492675781e+00
-1.650681877136230469e+01,-1.243677043914794922e+01,-1.098446750640869141e+01,-4.742730617523193359e+00,-7.502471923828125000e+00
-1.538560199737548828e+01,-1.226921653747558594e+01,-1.051588916778564453e+01,-4.798636436462402344e+00,-6.265792369842529297e+00
-1.450251007080078125e+01,-1.215183925628662109e+01,-1.014864444732666016e+01,-4.846982002258300781e+00,-5.308725357055664062e+00
-1.348359584808349609e+01,-1.211606216430664062e+01,-9.705381393432617188e+00,-5.066503524780273438e+00,-3.942880630493164062e+00
-1.223989677429199219e+01,-1.223230457305908203e+01,-9.434537887573242188e+00,-5.413640022277832031e+00,-2.720986366271972656e+00
-1.153973197937011719e+01,-1.242525196075439453e+01,-9.381057739257812500e+00,-5.739383697509765625e+00,-2.053007125854492188e+00
-1.150570487976074219e+01,-1.256068992614746094e+01,-9.441318511962890625e+00,-5.844449996948242188e+00,-1.863013386726379395e+00
-1.204108905792236328e+01,-1.264881992340087891e+01,-9.448304176330566406e+00,-5.710264682769775391e+00,-1.925282597541809082e+00
-1.297703170776367188e+01,-1.260905647277832031e+01,-9.434789657592773438e+00,-5.547346115112304688e+00,-2.161788940429687500e+00
-1.380873870849609375e+01,-1.251815605163574219e+01,-9.412329673767089844e+00,-5.435905933380126953e+00,-2.427030563354492188e+00
-1.450895309448242188e+01,-1.240765190124511719e+01,-9.454825401306152344e+00,-5.215784549713134766e+00,-2.983397006988525391e+00
-1.537325000762939453e+01,-1.232691574096679688e+01,-9.593185424804687500e+00,-4.980142593383789062e+00,-3.939280033111572266e+00
-1.648859405517578125e+01,-1.231411838531494141e+01,-9.856017112731933594e+00,-4.854792594909667969e+00,-5.273895263671875000e+00
-1.755767822265625000e+01,-1.234820842742919922e+01,-1.021647262573242188e+01,-4.835339546203613281e+00,-6.721290588378906250e+00
-1.826667785644531250e+01,-1.244221115112304688e+01,-1.056328392028808594e+01,-4.837194442749023438e+00,-7.844487190246582031e+00
-1.815085983276367188e+01,-1.264203262329101562e+01,-1.103885078430175781e+01,-4.795029640197753906e+00,-8.938264846801757812e+00
-1.736063766479492188e+01,-1.290087509155273438e+01,-1.154027652740478516e+01,-4.724403858184814453e+00,-9.836347579956054688e+00
-1.653824615478515625e+01,-1.315845012664794922e+01,-1.194261264801025391e+01,-4.654564380645751953e+00,-1.052301788330078125e+01
-1.582543849945068359e+01,-1.338255214691162109e+01,-1.224349308013916016e+01,-4.588187694549560547e+00,-1.097473049163818359e+01
-1.517171096801757812e+01,-1.351191997528076172e+01,-1.242187595367431641e+01,-4.538810729980468750e+00,-1.114873790740966797e+01
-1.420884895324707031e+01,-1.355580234527587891e+01,-1.247085952758789062e+01,-4.509673595428466797e+00,-1.100135135650634766e+01
-1.327411651611328125e+01,-1.351224708557128906e+01,-1.234919548034667969e+01,-4.502244472503662109e+00,-1.050682067871093750e+01
-1.322268676757812500e+01,-1.338699340820312500e+01,-1.196449565887451172e+01,-4.507375717163085938e+00,-9.656788825988769531e+00
-1.357178497314453125e+01,-1.316019439697265625e+01,-1.141585731506347656e+01,-4.548963069915771484e+00,-8.496595382690429688e+00
-1.435286712646484375e+01,-1.286810779571533203e+01,-1.078329086303710938e+01,-4.633237361907958984e+00,-7.342674255371093750e+00
-1.538610267639160156e+01,-1.263529205322265625e+01,-1.038419437408447266e+01,-4.704185485839843750e+00,-6.898519515991210938e+00
-1.632916069030761719e+01,-1.250147819519042969e+01,-1.023309421539306641e+01,-4.740970611572265625e+00,-7.014946937561035156e+00
-1.722159004211425781e+01,-1.241964626312255859e+01,-1.025092029571533203e+01,-4.756905555725097656e+00,-7.472653388977050781e+00
-1.783006858825683594e+01,-1.239973068237304688e+01,-1.039313888549804688e+01,-4.761299610137939453e+00,-8.010089874267578125e+00
-1.818116950988769531e+01,-1.239512443542480469e+01,-1.063091659545898438e+01,-4.761782646179199219e+00,-8.551595687866210938e+00
-1.823384666442871094e+01,-1.245263767242431641e+01,-1.094487476348876953e+01,-4.742481231689453125e+00,-9.044529914855957031e+00
-1.820818328857421875e+01,-1.250792312622070312e+01,-1.127046203613281250e+01,-4.725608825683593750e+00,-9.419102668762207031e+00
-1.810552787780761719e+01,-1.256627464294433594e+01,-1.157399654388427734e+01,-4.708627700805664062e+00,-9.676693916320800781e+00
-1.798153495788574219e+01,-1.258927154541015625e+01,-1.186525535583496094e+01,-4.701610565185546875e+00,-9.873794555664062500e+00
-1.779781913757324219e+01,-1.256230449676513672e+01,-1.210979175567626953e+01,-4.701787948608398438e+00,-9.970896720886230469e+00
-1.758965110778808594e+01,-1.250673580169677734e+01,-1.224919605255126953e+01,-4.707060337066650391e+00,-9.919554710388183594e+00
-1.734690284729003906e+01,-1.243601131439208984e+01,-1.230125141143798828e+01,-4.716103553771972656e+00,-9.770524024963378906e+00
-1.696460151672363281e+01,-1.237690925598144531e+01,-1.229496479034423828e+01,-4.723176956176757812e+00,-9.574748039245605469e+00
-1.664813804626464844e+01,-1.234543800354003906e+01,-1.228522586822509766e+01,-4.718404769897460938e+00,-9.436156272888183594e+00
-1.649722862243652344e+01,-1.235179615020751953e+01,-1.223496723175048828e+01,-4.708673954010009766e+00,-9.320435523986816406e+00
-1.641617965698242188e+01,-1.241189193725585938e+01,-1.210289287567138672e+01,-4.692379951477050781e+00,-9.174655914306640625e+00
-1.611717224121093750e+01,-1.254001808166503906e+01,-1.195671176910400391e+01,-4.661192893981933594e+00,-9.017985343933105469e+00
-1.577353572845458984e+01,-1.268357467651367188e+01,-1.182213973999023438e+01,-4.640644073486328125e+00,-8.755438804626464844e+00
-1.519742202758789062e+01,-1.282616901397705078e+01,-1.176925277709960938e+01,-4.634600639343261719e+00,-8.380357742309570312e+00
-1.411455154418945312e+01,-1.294541645050048828e+01,-1.170709705352783203e+01,-4.633871078491210938e+00,-7.665489196777343750e+00
-1.298396110534667969e+01,-1.296326065063476562e+01,-1.152309131622314453e+01,-4.650016784667968750e+00,-6.572436332702636719e+00
-1.161936569213867188e+01,-1.292590904235839844e+01,-1.132016563415527344e+01,-4.672576904296875000e+00,-5.302523612976074219e+00
-1.050093460083007812e+01,-1.280687236785888672e+01,-1.106227588653564453e+01,-4.701312065124511719e+00,-4.070900917053222656e+00
-9.576517105102539062e+00,-1.264044666290283203e+01,-1.074260616302490234e+01,-4.749926567077636719e+00,-3.050858974456787109e+00
-8.387907028198242188e+00,-1.253273963928222656e+01,-1.051584434509277344e+01,-4.833895683288574219e+00,-2.383354187011718750e+00
-4.028462572023272514e-04,-1.230564403533935547e+01,-1.120960426330566406e+01,-5.530692100524902344e+00,-3.614946365356445312e+00
