-1.211954307556152344e+01,-5.843150138854980469e+00,-4.667533874511718750e+00,-1.007970428466796875e+01,-8.875967979431152344e+00
-1.169342517852783203e+01,-5.621685028076171875e+00,-6.076896190643310547e+00,-1.103133392333984375e+01,-9.323538780212402344e+00
-1.167973995208740234e+01,-5.629802703857421875e+00,-7.702639579772949219e+00,-1.191154861450195312e+01,-9.809123992919921875e+00
-1.231517219543457031e+01,-5.709609985351562500e+00,-9.109029769897460938e+00,-1.262522125244140625e+01,-1.025726032257080078e+01
-1.283473777770996094e+01,-5.769294261932373047e+00,-1.022491073608398438e+01,-1.315350818634033203e+01,-1.066487503051757812e+01
-1.313500213623046875e+01,-5.789700508117675781e+00,-1.107703304290771484e+01,-1.342694568634033203e+01,-1.103349685668945312e+01
-1.338474655151367188e+01,-5.783939361572265625e+00,-1.161685276031494141e+01,-1.355326938629150391e+01,-1.127874279022216797e+01
-1.358011913299560547e+01,-5.766110420227050781e+00,-1.189519596099853516e+01,-1.364815998077392578e+01,-1.139055442810058594e+01
-1.363626098632812500e+01,-5.749408245086669922e+00,-1.206292533874511719e+01,-1.371718692779541016e+01,-1.141170310974121094e+01
-1.364271163940429688e+01,-5.738149166107177734e+00,-1.217475891113281250e+01,-1.377008819580078125e+01,-1.141622352600097656e+01
-1.360227966308593750e+01,-5.729269981384277344e+00,-1.230550670623779297e+01,-1.378759670257568359e+01,-1.146702289581298828e+01
-1.358059024810791016e+01,-5.721339702606201172e+00,-1.245443248748779297e+01,-1.373046779632568359e+01,-1.154226303100585938e+01
-1.373582839965820312e+01,-5.711210727691650391e+00,-1.253786373138427734e+01,-1.373498630523681641e+01,-1.160024356842041016e+01
-1.389649295806884766e+01,-5.706229686737060547e+00,-1.257691001892089844e+01,-1.370503330230712891e+01,-1.163570117950439453e+01
-1.376173496246337891e+01,-5.706131935119628906e+00,-1.260425949096679688e+01,-1.366923236846923828e+01,-1.163276672363281250e+01
-1.373745918273925781e+01,-5.703642368316650391e+00,-1.256392002105712891e+01,-1.369762516021728516e+01,-1.159353828430175781e+01
-1.378038978576660156e+01,-5.701745986938476562e+00,-1.250874137878417969e+01,-1.375598907470703125e+01,-1.156016921997070312e+01
-1.383765316009521484e+01,-5.702942848205566406e+00,-1.245962333679199219e+01,-1.380376052856445312e+01,-1.152310562133789062e+01
-1.386057662963867188e+01,-5.704306125640869141e+00,-1.247557830810546875e+01,-1.381349086761474609e+01,-1.152531909942626953e+01
-1.385445785522460938e+01,-5.704489231109619141e+00,-1.242276287078857422e+01,-1.382529544830322266e+01,-1.146576499938964844e+01
-1.380769538879394531e+01,-5.703635692596435547e+00,-1.237999248504638672e+01,-1.379544448852539062e+01,-1.141506195068359375e+01
-1.364372825622558594e+01,-5.701289176940917969e+00,-1.236928367614746094e+01,-1.366438961029052734e+01,-1.139298439025878906e+01
-1.353453636169433594e+01,-5.696033000946044922e+00,-1.233251285552978516e+01,-1.348927879333496094e+01,-1.137997722625732422e+01
-1.315066814422607422e+01,-5.693679809570312500e+00,-1.241114902496337891e+01,-1.326882076263427734e+01,-1.144336795806884766e+01
-1.305428409576416016e+01,-5.691122531890869141e+00,-1.246258640289306641e+01,-1.317309761047363281e+01,-1.151887416839599609e+01
-1.289194107055664062e+01,-5.686131000518798828e+00,-1.251501560211181641e+01,-1.301504039764404297e+01,-1.157002544403076172e+01
-1.262972927093505859e+01,-5.677596569061279297e+00,-1.245838356018066406e+01,-1.280109786987304688e+01,-1.152244472503662109e+01
-1.258917140960693359e+01,-5.666807651519775391e+00,-1.233356571197509766e+01,-1.262207603454589844e+01,-1.146716213226318359e+01
-1.262316417694091797e+01,-5.657088279724121094e+00,-1.222025775909423828e+01,-1.252879428863525391e+01,-1.142408180236816406e+01
-1.266308879852294922e+01,-5.648188114166259766e+00,-1.211417579650878906e+01,-1.243488216400146484e+01,-1.139726257324218750e+01
-1.282824325561523438e+01,-5.635846138000488281e+00,-1.195882415771484375e+01,-1.226868057250976562e+01,-1.140551280975341797e+01
-1.306733417510986328e+01,-5.621295928955078125e+00,-1.178536033630371094e+01,-1.204435253143310547e+01,-1.144541740417480469e+01
-1.319055557250976562e+01,-5.613191604614257812e+00,-1.174156856536865234e+01,-1.191423416137695312e+01,-1.151248741149902344e+01
-1.337001705169677734e+01,-5.601428985595703125e+00,-1.168105888366699219e+01,-1.169350624084472656e+01,-1.160094451904296875e+01
-1.361991691589355469e+01,-5.588360786437988281e+00,-1.154405307769775391e+01,-1.130118179321289062e+01,-1.169470310211181641e+01
-1.384506893157958984e+01,-5.575403690338134766e+00,-1.144241046905517578e+01,-1.092469120025634766e+01,-1.177033424377441406e+01
-1.400668430328369141e+01,-5.563890933990478516e+00,-1.134720706939697266e+01,-1.063531303405761719e+01,-1.181428909301757812e+01
-1.410566616058349609e+01,-5.555686950683593750e+00,-1.135136222839355469e+01,-1.045087242126464844e+01,-1.186170959472656250e+01
-1.414047050476074219e+01,-5.550886631011962891e+00,-1.132939147949218750e+01,-1.023309135437011719e+01,-1.188310813903808594e+01
-1.359467506408691406e+01,-5.560199737548828125e+00,-1.152703094482421875e+01,-9.827795028686523438e+00,-1.197146415710449219e+01
-1.301926136016845703e+01,-5.578083992004394531e+00,-1.173100280761718750e+01,-9.348539352416992188e+00,-1.204085922241210938e+01
-1.270008182525634766e+01,-5.581899642944335938e+00,-1.175071811676025391e+01,-9.002097129821777344e+00,-1.200576400756835938e+01
-1.273279857635498047e+01,-5.567428588867187500e+00,-1.166664028167724609e+01,-8.822521209716796875e+00,-1.193771171569824219e+01
-1.304337024688720703e+01,-5.545448303222656250e+00,-1.152079010009765625e+01,-8.856426239013671875e+00,-1.184932804107666016e+01
-1.347606468200683594e+01,-5.521998405456542969e+00,-1.133023929595947266e+01,-9.088871002197265625e+00,-1.176176834106445312e+01
-1.383735370635986328e+01,-5.515771865844726562e+00,-1.116118431091308594e+01,-9.347105026245117188e+00,-1.172300529479980469e+01
-1.404163360595703125e+01,-5.521890640258789062e+00,-1.111373710632324219e+01,-9.668248176574707031e+00,-1.170538234710693359e+01
-1.401571178436279297e+01,-5.539016246795654297e+00,-1.117329502105712891e+01,-9.882209777832031250e+00,-1.171724319458007812e+01
-1.385022068023681641e+01,-5.556653976440429688e+00,-1.116773986816406250e+01,-9.996186256408691406e+00,-1.174431037902832031e+01
-1.368499946594238281e+01,-5.574376583099365234e+00,-1.117226409912109375e+01,-1.003347969055175781e+01,-1.177706718444824219e+01
-1.367356300354003906e+01,-5.584252357482910156e+00,-1.114248466491699219e+01,-1.009646129608154297e+01,-1.177742481231689453e+01
-1.380229187011718750e+01,-5.589299678802490234e+00,-1.107620620727539062e+01,-1.022091388702392578e+01,-1.175388145446777344e+01
-1.386620140075683594e+01,-5.596817970275878906e+00,-1.103982639312744141e+01,-1.026621818542480469e+01,-1.174865722656250000e+01
-1.375168991088867188e+01,-5.605973720550537109e+00,-1.103493595123291016e+01,-1.026880455017089844e+01,-1.173444366455078125e+01
-1.361388587951660156e+01,-5.614416122436523438e+00,-1.105211353302001953e+01,-1.026861000061035156e+01,-1.170859146118164062e+01
-1.340213871002197266e+01,-5.622898101806640625e+00,-1.104287624359130859e+01,-1.017971801757812500e+01,-1.169313907623291016e+01
-1.307351016998291016e+01,-5.629694938659667969e+00,-1.109425544738769531e+01,-9.991455078125000000e+00,-1.171901512145996094e+01
-1.281116867065429688e+01,-5.631010532379150391e+00,-1.112736892700195312e+01,-9.836695671081542969e+00,-1.172742748260498047e+01
-1.276340293884277344e+01,-5.626788616180419922e+00,-1.109211635589599609e+01,-9.743144035339355469e+00,-1.171281051635742188e+01
-1.290780258178710938e+01,-5.616487026214599609e+00,-1.106867313385009766e+01,-9.752376556396484375e+00,-1.168880176544189453e+01
-1.314133834838867188e+01,-5.608117103576660156e+00,-1.104039001464843750e+01,-9.865614891052246094e+00,-1.164612483978271484e+01
-1.316520309448242188e+01,-5.607155323028564453e+00,-1.112121295928955078e+01,-1.003313827514648438e+01,-1.160805606842041016e+01
-1.331184673309326172e+01,-5.607647895812988281e+00,-1.116389179229736328e+01,-1.020132446289062500e+01,-1.161304092407226562e+01
-1.340887069702148438e+01,-5.615198135375976562e+00,-1.113428974151611328e+01,-1.028923225402832031e+01,-1.162057781219482422e+01
-1.337374401092529297e+01,-5.619831085205078125e+00,-1.112021064758300781e+01,-1.033507156372070312e+01,-1.164410400390625000e+01
-1.349344921112060547e+01,-5.620325565338134766e+00,-1.100157451629638672e+01,-1.045197486877441406e+01,-1.158973121643066406e+01
-1.355208778381347656e+01,-5.622946739196777344e+00,-1.089488220214843750e+01,-1.059982299804687500e+01,-1.152399730682373047e+01
-1.354710197448730469e+01,-5.624775409698486328e+00,-1.081757926940917969e+01,-1.074714279174804688e+01,-1.149880695343017578e+01
-1.340309143066406250e+01,-5.625058650970458984e+00,-1.079327583312988281e+01,-1.083976745605468750e+01,-1.147911262512207031e+01
-1.329716968536376953e+01,-5.626368522644042969e+00,-1.076382923126220703e+01,-1.096314525604248047e+01,-1.142890739440917969e+01
-1.320551490783691406e+01,-5.635187149047851562e+00,-1.067313003540039062e+01,-1.107108688354492188e+01,-1.136794090270996094e+01
-1.300585746765136719e+01,-5.644776344299316406e+00,-1.064422321319580078e+01,-1.113553428649902344e+01,-1.137526130676269531e+01
-1.277084922790527344e+01,-5.654886722564697266e+00,-1.063307762145996094e+01,-1.109411811828613281e+01,-1.142343711853027344e+01
-1.263004589080810547e+01,-5.663962364196777344e+00,-1.049872398376464844e+01,-1.106816864013671875e+01,-1.140705680847167969e+01
-1.263798904418945312e+01,-5.666648864746093750e+00,-1.034055233001708984e+01,-1.113847732543945312e+01,-1.139132595062255859e+01
-1.254305648803710938e+01,-5.673426151275634766e+00,-1.021197319030761719e+01,-1.120639038085937500e+01,-1.138158702850341797e+01
-1.242628002166748047e+01,-5.681884288787841797e+00,-1.007070255279541016e+01,-1.129495239257812500e+01,-1.133382129669189453e+01
-1.240462303161621094e+01,-5.688083648681640625e+00,-9.906350135803222656e+00,-1.136880111694335938e+01,-1.127558612823486328e+01
-1.237749862670898438e+01,-5.695153713226318359e+00,-9.770749092102050781e+00,-1.131559944152832031e+01,-1.124559211730957031e+01
-1.235947990417480469e+01,-5.700433731079101562e+00,-9.761760711669921875e+00,-1.117892646789550781e+01,-1.127560997009277344e+01
-1.239252281188964844e+01,-5.697792530059814453e+00,-9.917539596557617188e+00,-1.094981002807617188e+01,-1.138179588317871094e+01
-1.249511337280273438e+01,-5.690585136413574219e+00,-1.004595279693603516e+01,-1.060474395751953125e+01,-1.152838516235351562e+01
-1.253085041046142578e+01,-5.682954311370849609e+00,-1.011756229400634766e+01,-1.022040843963623047e+01,-1.163829803466796875e+01
-1.257734394073486328e+01,-5.666049003601074219e+00,-1.022199535369873047e+01,-9.899559020996093750e+00,-1.168612384796142578e+01
-1.278820610046386719e+01,-5.639558792114257812e+00,-1.031680393218994141e+01,-9.723105430603027344e+00,-1.172614002227783203e+01
-1.301253700256347656e+01,-5.627437114715576172e+00,-1.030608654022216797e+01,-9.562593460083007812e+00,-1.183415794372558594e+01
-1.327960109710693359e+01,-5.610279083251953125e+00,-1.028210163116455078e+01,-9.519508361816406250e+00,-1.193188285827636719e+01
-1.368829536437988281e+01,-5.581330299377441406e+00,-1.033526325225830078e+01,-9.749553680419921875e+00,-1.196695232391357422e+01
-1.405299758911132812e+01,-5.570875644683837891e+00,-1.045035934448242188e+01,-1.013306427001953125e+01,-1.194642448425292969e+01
-1.422164726257324219e+01,-5.580711841583251953e+00,-1.061011314392089844e+01,-1.051255798339843750e+01,-1.193753528594970703e+01
-1.425557708740234375e+01,-5.598410129547119141e+00,-1.078329372406005859e+01,-1.086077404022216797e+01,-1.192395496368408203e+01
-1.426034641265869141e+01,-5.607490062713623047e+00,-1.091913795471191406e+01,-1.118110275268554688e+01,-1.190720081329345703e+01
-1.433451652526855469e+01,-5.614622116088867188e+00,-1.099779701232910156e+01,-1.151638031005859375e+01,-1.187965393066406250e+01
-1.442344474792480469e+01,-5.622696399688720703e+00,-1.103534317016601562e+01,-1.181331348419189453e+01,-1.184705448150634766e+01
-1.463678932189941406e+01,-5.626866817474365234e+00,-1.102744388580322266e+01,-1.216725349426269531e+01,-1.183200740814208984e+01
-1.470940494537353516e+01,-5.635712146759033203e+00,-1.104353141784667969e+01,-1.236009693145751953e+01,-1.186986732482910156e+01
-1.475929737091064453e+01,-5.641399860382080078e+00,-1.106190967559814453e+01,-1.250519275665283203e+01,-1.189830780029296875e+01
-1.472444343566894531e+01,-5.645516872406005859e+00,-1.103988361358642578e+01,-1.261576366424560547e+01,-1.186846828460693359e+01
-1.467175102233886719e+01,-5.648460865020751953e+00,-1.095877552032470703e+01,-1.269032669067382812e+01,-1.184234905242919922e+01
-1.459969043731689453e+01,-5.648603916168212891e+00,-1.091771697998046875e+01,-1.279961872100830078e+01,-1.182103252410888672e+01
-1.455144786834716797e+01,-5.652745723724365234e+00,-1.084484863281250000e+01,-1.294852924346923828e+01,-1.175906276702880859e+01
-1.444447517395019531e+01,-5.665348052978515625e+00,-1.057197570800781250e+01,-1.316528987884521484e+01,-1.152978706359863281e+01
-1.436521434783935547e+01,-5.688877105712890625e+00,-9.969431877136230469e+00,-1.353569507598876953e+01,-1.117320156097412109e+01
-1.433704090118408203e+01,-5.713423728942871094e+00,-9.549015045166015625e+00,-1.386152648925781250e+01,-1.101419448852539062e+01
-1.428814983367919922e+01,-5.727429866790771484e+00,-9.291804313659667969e+00,-1.405169200897216797e+01,-1.101199340820312500e+01
-1.429906845092773438e+01,-5.735408782958984375e+00,-9.094089508056640625e+00,-1.412183856964111328e+01,-1.110116767883300781e+01
-1.435705661773681641e+01,-5.732264995574951172e+00,-9.089744567871093750e+00,-1.411705684661865234e+01,-1.124371528625488281e+01
-1.444369220733642578e+01,-5.731459617614746094e+00,-9.109479904174804688e+00,-1.406888675689697266e+01,-1.137516593933105469e+01
-1.444167900085449219e+01,-5.730227470397949219e+00,-9.110953330993652344e+00,-1.398904991149902344e+01,-1.145660781860351562e+01
-1.435400104522705078e+01,-5.731468677520751953e+00,-9.085320472717285156e+00,-1.387348556518554688e+01,-1.148501586914062500e+01
-1.432245063781738281e+01,-5.730286121368408203e+00,-8.994698524475097656e+00,-1.385179233551025391e+01,-1.144858074188232422e+01
-1.426885700225830078e+01,-5.733388423919677734e+00,-8.879061698913574219e+00,-1.389506053924560547e+01,-1.138523197174072266e+01
-1.423159027099609375e+01,-5.741583347320556641e+00,-8.770740509033203125e+00,-1.397978305816650391e+01,-1.131743144989013672e+01
-1.412480640411376953e+01,-5.764169216156005859e+00,-8.449523925781250000e+00,-1.412246513366699219e+01,-1.114407157897949219e+01
-1.398812007904052734e+01,-5.799298286437988281e+00,-7.853232383728027344e+00,-1.442371654510498047e+01,-1.083464622497558594e+01
-1.376408672332763672e+01,-5.811825275421142578e+00,-7.287153244018554688e+00,-1.440067768096923828e+01,-1.053658008575439453e+01
-1.370380973815917969e+01,-5.818577766418457031e+00,-6.729000091552734375e+00,-1.462881946563720703e+01,-1.031029987335205078e+01
-1.360774421691894531e+01,-5.813108921051025391e+00,-6.503966331481933594e+00,-1.461097145080566406e+01,-1.025651359558105469e+01
-1.362580013275146484e+01,-5.830547809600830078e+00,-5.787353515625000000e+00,-1.471796131134033203e+01,-1.008382892608642578e+01
-1.366160011291503906e+01,-5.846622467041015625e+00,-4.872952938079833984e+00,-1.491393947601318359e+01,-9.907701492309570312e+00
-1.362998867034912109e+01,-5.867202281951904297e+00,-4.084715843200683594e+00,-1.516089057922363281e+01,-9.756042480468750000e+00
-1.354277706146240234e+01,-5.918713092803955078e+00,-3.429523706436157227e+00,-1.531064319610595703e+01,-9.664523124694824219e+00
-1.338129234313964844e+01,-5.959446907043457031e+00,-3.096080541610717773e+00,-1.533440971374511719e+01,-9.627915382385253906e+00
-1.336155891418457031e+01,-5.934555530548095703e+00,-3.265428543090820312e+00,-1.498630619049072266e+01,-9.697678565979003906e+00
-1.349489307403564453e+01,-5.890195846557617188e+00,-3.601384639739990234e+00,-1.490636348724365234e+01,-9.814538955688476562e+00
-1.381320476531982422e+01,-5.837813377380371094e+00,-4.075605869293212891e+00,-1.496405029296875000e+01,-9.940422058105468750e+00
-1.412878131866455078e+01,-5.802197456359863281e+00,-4.643741130828857422e+00,-1.498262691497802734e+01,-1.008048343658447266e+01
-1.441393852233886719e+01,-5.788415431976318359e+00,-5.209677696228027344e+00,-1.498956394195556641e+01,-1.021533203125000000e+01
-1.448861694335937500e+01,-5.790239810943603516e+00,-5.636744976043701172e+00,-1.495560741424560547e+01,-1.024827861785888672e+01
-1.444455814361572266e+01,-5.793230056762695312e+00,-6.092560768127441406e+00,-1.488675785064697266e+01,-1.029737281799316406e+01
-1.448316478729248047e+01,-5.794359207153320312e+00,-6.608875274658203125e+00,-1.489536952972412109e+01,-1.038025665283203125e+01
-1.442598724365234375e+01,-5.798435211181640625e+00,-6.973966598510742188e+00,-1.497073268890380859e+01,-1.038607692718505859e+01
-1.436707496643066406e+01,-5.811002254486083984e+00,-7.047021865844726562e+00,-1.510232734680175781e+01,-1.028442287445068359e+01
-1.428909015655517578e+01,-5.821460247039794922e+00,-6.967031478881835938e+00,-1.525154304504394531e+01,-1.018560791015625000e+01
-1.417271995544433594e+01,-5.825247764587402344e+00,-6.704387664794921875e+00,-1.541419410705566406e+01,-1.004010391235351562e+01
-1.404842758178710938e+01,-5.818190574645996094e+00,-6.881167411804199219e+00,-1.546807670593261719e+01,-1.008074188232421875e+01
-1.394485473632812500e+01,-5.820730209350585938e+00,-7.207873344421386719e+00,-1.549743270874023438e+01,-1.017794418334960938e+01
-1.385032463073730469e+01,-5.839024066925048828e+00,-7.222997665405273438e+00,-1.545776081085205078e+01,-1.017465209960937500e+01
-1.370715332031250000e+01,-5.848161220550537109e+00,-7.239703178405761719e+00,-1.546274185180664062e+01,-1.017396259307861328e+01
-1.358571624755859375e+01,-5.845852375030517578e+00,-7.558138847351074219e+00,-1.547714424133300781e+01,-1.030402183532714844e+01
-1.361524105072021484e+01,-5.853771209716796875e+00,-7.772312164306640625e+00,-1.545891475677490234e+01,-1.041024589538574219e+01
-1.372648334503173828e+01,-5.855410099029541016e+00,-7.804450988769531250e+00,-1.543655586242675781e+01,-1.043080043792724609e+01
-1.366836833953857422e+01,-5.850236415863037109e+00,-7.796901702880859375e+00,-1.542474079132080078e+01,-1.042019081115722656e+01
-1.351577568054199219e+01,-5.843901634216308594e+00,-7.874896049499511719e+00,-1.541578578948974609e+01,-1.041716098785400391e+01
-1.348379898071289062e+01,-5.838967800140380859e+00,-8.051859855651855469e+00,-1.543050861358642578e+01,-1.045934104919433594e+01
-1.351395130157470703e+01,-5.834285736083984375e+00,-8.194282531738281250e+00,-1.543938541412353516e+01,-1.052222537994384766e+01
-1.360505008697509766e+01,-5.824229240417480469e+00,-8.479705810546875000e+00,-1.543948936462402344e+01,-1.064502048492431641e+01
-1.362177085876464844e+01,-5.818314552307128906e+00,-8.794203758239746094e+00,-1.535277462005615234e+01,-1.075468063354492188e+01
-1.354166698455810547e+01,-5.810021400451660156e+00,-9.005536079406738281e+00,-1.504365825653076172e+01,-1.079715156555175781e+01
-1.378873157501220703e+01,-5.807221412658691406e+00,-8.949869155883789062e+00,-1.504331302642822266e+01,-1.069078636169433594e+01
-1.410935878753662109e+01,-5.799442291259765625e+00,-8.932676315307617188e+00,-1.511288547515869141e+01,-1.063218784332275391e+01
-1.432371616363525391e+01,-5.800104141235351562e+00,-8.838484764099121094e+00,-1.518155574798583984e+01,-1.056411457061767578e+01
-1.441829299926757812e+01,-5.805471420288085938e+00,-8.671436309814453125e+00,-1.521654415130615234e+01,-1.048897743225097656e+01
-1.446309089660644531e+01,-5.808688640594482422e+00,-8.476758956909179688e+00,-1.524655055999755859e+01,-1.044403553009033203e+01
-1.452049446105957031e+01,-5.811547756195068359e+00,-8.125287055969238281e+00,-1.532094097137451172e+01,-1.034050655364990234e+01
-1.453628826141357422e+01,-5.812963962554931641e+00,-7.768695831298828125e+00,-1.539449787139892578e+01,-1.025686264038085938e+01
-1.451694869995117188e+01,-5.810674190521240234e+00,-7.359911918640136719e+00,-1.549739646911621094e+01,-1.015670299530029297e+01
-1.424785041809082031e+01,-5.807053565979003906e+00,-7.140568733215332031e+00,-1.553521823883056641e+01,-1.009318542480468750e+01
-1.399418067932128906e+01,-5.801734447479248047e+00,-7.213128089904785156e+00,-1.549377727508544922e+01,-1.019055747985839844e+01
-1.385810852050781250e+01,-5.805049419403076172e+00,-7.327404022216796875e+00,-1.544669342041015625e+01,-1.029102039337158203e+01
-1.408635807037353516e+01,-5.818492889404296875e+00,-6.916296005249023438e+00,-1.549612522125244141e+01,-1.025011348724365234e+01
-1.430630207061767578e+01,-5.812408924102783203e+00,-6.475400924682617188e+00,-1.555377578735351562e+01,-1.023501968383789062e+01
-1.444799709320068359e+01,-5.803426742553710938e+00,-6.185192584991455078e+00,-1.561706256866455078e+01,-1.025606441497802734e+01
-1.456670093536376953e+01,-5.809968471527099609e+00,-5.746918678283691406e+00,-1.556705284118652344e+01,-1.026300621032714844e+01
-1.437809848785400391e+01,-5.793120384216308594e+00,-5.855257987976074219e+00,-1.505805873870849609e+01,-1.034980773925781250e+01
-1.406075286865234375e+01,-5.775567054748535156e+00,-5.999053955078125000e+00,-1.481448650360107422e+01,-1.042168521881103516e+01
-1.387761116027832031e+01,-5.764584064483642578e+00,-6.093260765075683594e+00,-1.464616966247558594e+01,-1.047779369354248047e+01
-1.394403743743896484e+01,-5.754396915435791016e+00,-6.247525215148925781e+00,-1.462296485900878906e+01,-1.056101799011230469e+01
-1.385032272338867188e+01,-5.748975276947021484e+00,-6.719598770141601562e+00,-1.464608287811279297e+01,-1.073347759246826172e+01
-1.384152698516845703e+01,-5.754280090332031250e+00,-7.432758331298828125e+00,-1.469128513336181641e+01,-1.096205425262451172e+01
-1.403270244598388672e+01,-5.768277168273925781e+00,-7.897162437438964844e+00,-1.470137119293212891e+01,-1.110148906707763672e+01
-1.430577850341796875e+01,-5.777503013610839844e+00,-8.154000282287597656e+00,-1.471633625030517578e+01,-1.114545059204101562e+01
-1.459531784057617188e+01,-5.781605720520019531e+00,-8.377428054809570312e+00,-1.472389888763427734e+01,-1.124064826965332031e+01
-1.489466190338134766e+01,-5.783885002136230469e+00,-8.589597702026367188e+00,-1.469360160827636719e+01,-1.135778427124023438e+01
-1.496463584899902344e+01,-5.770252704620361328e+00,-8.899315834045410156e+00,-1.426383018493652344e+01,-1.137372016906738281e+01
-1.501326847076416016e+01,-5.754747867584228516e+00,-9.004449844360351562e+00,-1.406233692169189453e+01,-1.141061401367187500e+01
-1.495673751831054688e+01,-5.741628170013427734e+00,-8.962139129638671875e+00,-1.394384193420410156e+01,-1.140340232849121094e+01
-1.479682540893554688e+01,-5.730397224426269531e+00,-8.857667922973632812e+00,-1.391092300415039062e+01,-1.134332275390625000e+01
-1.464956188201904297e+01,-5.726200580596923828e+00,-8.742231369018554688e+00,-1.389958667755126953e+01,-1.127944469451904297e+01
-1.472878646850585938e+01,-5.726684093475341797e+00,-8.672919273376464844e+00,-1.393185043334960938e+01,-1.122747325897216797e+01
-1.464627361297607422e+01,-5.723694801330566406e+00,-8.660931587219238281e+00,-1.388426113128662109e+01,-1.113431453704833984e+01
-1.462994194030761719e+01,-5.711947917938232422e+00,-8.925681114196777344e+00,-1.383444976806640625e+01,-1.111317348480224609e+01
-1.436348152160644531e+01,-5.705070018768310547e+00,-9.535629272460937500e+00,-1.362021541595458984e+01,-1.126112747192382812e+01
-1.396547126770019531e+01,-5.700338840484619141e+00,-1.013366317749023438e+01,-1.324957752227783203e+01,-1.147326755523681641e+01
-1.365838432312011719e+01,-5.686772346496582031e+00,-1.061262893676757812e+01,-1.288217830657958984e+01,-1.162971019744873047e+01
-1.346602821350097656e+01,-5.670596599578857422e+00,-1.097856235504150391e+01,-1.259967899322509766e+01,-1.169679737091064453e+01
-1.330007171630859375e+01,-5.657776832580566406e+00,-1.119623756408691406e+01,-1.239846992492675781e+01,-1.167931842803955078e+01
-1.322695446014404297e+01,-5.646161556243896484e+00,-1.133777046203613281e+01,-1.219566154479980469e+01,-1.164525604248046875e+01
-1.323655891418457031e+01,-5.638061523437500000e+00,-1.140870571136474609e+01,-1.205998897552490234e+01,-1.159451007843017578e+01
-1.325588035583496094e+01,-5.631223201751708984e+00,-1.140717792510986328e+01,-1.207473278045654297e+01,-1.147118568420410156e+01
-1.330404663085937500e+01,-5.632955551147460938e+00,-1.137754154205322266e+01,-1.213092803955078125e+01,-1.137253952026367188e+01
-1.339749908447265625e+01,-5.636313438415527344e+00,-1.137082099914550781e+01,-1.219927215576171875e+01,-1.131501770019531250e+01
-1.351839351654052734e+01,-5.640202522277832031e+00,-1.138626480102539062e+01,-1.220312309265136719e+01,-1.132197952270507812e+01
-1.367796134948730469e+01,-5.640103340148925781e+00,-1.139411640167236328e+01,-1.212098503112792969e+01,-1.137710571289062500e+01
-1.384752941131591797e+01,-5.638455390930175781e+00,-1.141081333160400391e+01,-1.193826484680175781e+01,-1.147830009460449219e+01
-1.384734344482421875e+01,-5.634175777435302734e+00,-1.148505020141601562e+01,-1.175452041625976562e+01,-1.154562664031982422e+01
-1.392602252960205078e+01,-5.632803440093994141e+00,-1.149051570892333984e+01,-1.169664287567138672e+01,-1.155144500732421875e+01
-1.396027183532714844e+01,-5.629855155944824219e+00,-1.144011402130126953e+01,-1.175655078887939453e+01,-1.148888874053955078e+01
-1.396244716644287109e+01,-5.631541252136230469e+00,-1.137717056274414062e+01,-1.187773799896240234e+01,-1.144144630432128906e+01
-1.399765396118164062e+01,-5.637312889099121094e+00,-1.130518341064453125e+01,-1.200880050659179688e+01,-1.143621063232421875e+01
-1.406365776062011719e+01,-5.641823768615722656e+00,-1.127633857727050781e+01,-1.212531757354736328e+01,-1.146610450744628906e+01
-1.404400920867919922e+01,-5.642146110534667969e+00,-1.134900474548339844e+01,-1.217704200744628906e+01,-1.152424144744873047e+01
-1.396666526794433594e+01,-5.641699790954589844e+00,-1.137593173980712891e+01,-1.223742103576660156e+01,-1.150631713867187500e+01
-1.400899600982666016e+01,-5.645816326141357422e+00,-1.129038143157958984e+01,-1.228763580322265625e+01,-1.144635200500488281e+01
-1.400076866149902344e+01,-5.650806427001953125e+00,-1.116158008575439453e+01,-1.237756633758544922e+01,-1.136334133148193359e+01
-1.407777404785156250e+01,-5.658354759216308594e+00,-1.105393123626708984e+01,-1.250679302215576172e+01,-1.130167865753173828e+01
-1.414947986602783203e+01,-5.664631843566894531e+00,-1.094121646881103516e+01,-1.263411617279052734e+01,-1.123305797576904297e+01
-1.424723243713378906e+01,-5.672911167144775391e+00,-1.086492633819580078e+01,-1.276411151885986328e+01,-1.120958995819091797e+01
-1.432469749450683594e+01,-5.680544376373291016e+00,-1.083217144012451172e+01,-1.288409328460693359e+01,-1.121392154693603516e+01
-1.437543010711669922e+01,-5.683779716491699219e+00,-1.079570293426513672e+01,-1.293915843963623047e+01,-1.121147251129150391e+01
-1.432490921020507812e+01,-5.683084011077880859e+00,-1.066193771362304688e+01,-1.288043117523193359e+01,-1.119597625732421875e+01
-1.429248046875000000e+01,-5.677020549774169922e+00,-1.049486923217773438e+01,-1.263344669342041016e+01,-1.133343124389648438e+01
-1.420089149475097656e+01,-5.669596672058105469e+00,-1.041465568542480469e+01,-1.224736785888671875e+01,-1.146525192260742188e+01
-1.404163932800292969e+01,-5.660125732421875000e+00,-1.038249301910400391e+01,-1.176581287384033203e+01,-1.155636024475097656e+01
-1.387689018249511719e+01,-5.645295619964599609e+00,-1.031887054443359375e+01,-1.129401779174804688e+01,-1.155815124511718750e+01
-1.381177997589111328e+01,-5.627549648284912109e+00,-1.016852569580078125e+01,-1.096564483642578125e+01,-1.148950958251953125e+01
-1.400670146942138672e+01,-5.608408451080322266e+00,-9.945117950439453125e+00,-1.091265964508056641e+01,-1.135758876800537109e+01
-1.422203731536865234e+01,-5.594537734985351562e+00,-9.788859367370605469e+00,-1.090561485290527344e+01,-1.123997688293457031e+01
-1.424649429321289062e+01,-5.590067863464355469e+00,-9.707073211669921875e+00,-1.069132423400878906e+01,-1.114741611480712891e+01
-1.418370246887207031e+01,-5.594560623168945312e+00,-9.858399391174316406e+00,-1.052264213562011719e+01,-1.119764137268066406e+01
-1.412133789062500000e+01,-5.600193977355957031e+00,-1.005258178710937500e+01,-1.038137817382812500e+01,-1.126792430877685547e+01
-1.403498554229736328e+01,-5.600640773773193359e+00,-1.008638000488281250e+01,-1.024159622192382812e+01,-1.133257961273193359e+01
-1.383724308013916016e+01,-5.603963375091552734e+00,-1.015116405487060547e+01,-1.011953163146972656e+01,-1.136961555480957031e+01
-1.350676631927490234e+01,-5.608817100524902344e+00,-1.031173801422119141e+01,-9.980579376220703125e+00,-1.140958213806152344e+01
-1.316321849822998047e+01,-5.608220577239990234e+00,-1.037188339233398438e+01,-9.899331092834472656e+00,-1.139516639709472656e+01
-1.295282554626464844e+01,-5.602972984313964844e+00,-1.029271411895751953e+01,-9.939406394958496094e+00,-1.131941032409667969e+01
-1.292687225341796875e+01,-5.596167564392089844e+00,-1.006296348571777344e+01,-1.003403949737548828e+01,-1.118519783020019531e+01
-1.332955169677734375e+01,-5.590569972991943359e+00,-9.698127746582031250e+00,-1.044979095458984375e+01,-1.102802848815917969e+01
-1.374921321868896484e+01,-5.597403049468994141e+00,-9.391548156738281250e+00,-1.101035499572753906e+01,-1.085881805419921875e+01
-1.399703598022460938e+01,-5.620851516723632812e+00,-9.063023567199707031e+00,-1.152532196044921875e+01,-1.074400424957275391e+01
-1.412857818603515625e+01,-5.642874240875244141e+00,-8.716587066650390625e+00,-1.183959197998046875e+01,-1.074486064910888672e+01
-1.405158233642578125e+01,-5.654697895050048828e+00,-8.310242652893066406e+00,-1.179034233093261719e+01,-1.082284927368164062e+01
-1.361844825744628906e+01,-5.657549381256103516e+00,-7.993205070495605469e+00,-1.156125736236572266e+01,-1.087053108215332031e+01
-1.306766223907470703e+01,-5.649712085723876953e+00,-7.800024032592773438e+00,-1.122996616363525391e+01,-1.090220165252685547e+01
-1.239943027496337891e+01,-5.639397144317626953e+00,-7.696619987487792969e+00,-1.059914588928222656e+01,-1.100125980377197266e+01
-1.171677780151367188e+01,-5.625611782073974609e+00,-7.644399642944335938e+00,-9.891255378723144531e+00,-1.107122039794921875e+01
-1.105024909973144531e+01,-5.613047122955322266e+00,-7.627348899841308594e+00,-9.211599349975585938e+00,-1.109971141815185547e+01
-1.055380153656005859e+01,-5.604668617248535156e+00,-7.660179138183593750e+00,-8.618247032165527344e+00,-1.111374378204345703e+01
-1.104253578186035156e+01,-5.556159496307373047e+00,-7.804316520690917969e+00,-8.447772026062011719e+00,-1.123997688293457031e+01
-1.201889896392822266e+01,-5.512771606445312500e+00,-7.811468124389648438e+00,-8.431936264038085938e+00,-1.138260078430175781e+01
-1.291004657745361328e+01,-5.481178283691406250e+00,-7.675996780395507812e+00,-8.401887893676757812e+00,-1.145640850067138672e+01
-1.354421615600585938e+01,-5.451816558837890625e+00,-7.377922058105468750e+00,-8.342325210571289062e+00,-1.146346950531005859e+01
-1.388925170898437500e+01,-5.419914722442626953e+00,-6.963983535766601562e+00,-8.285902976989746094e+00,-1.139641857147216797e+01
-1.414863300323486328e+01,-5.386196613311767578e+00,-6.637612342834472656e+00,-8.334276199340820312e+00,-1.131431770324707031e+01
-1.449228858947753906e+01,-5.359395980834960938e+00,-6.433921813964843750e+00,-8.407171249389648438e+00,-1.130415153503417969e+01
-1.475764179229736328e+01,-5.345717430114746094e+00,-6.394762039184570312e+00,-8.347589492797851562e+00,-1.138721847534179688e+01
-1.483699798583984375e+01,-5.337857723236083984e+00,-6.466742515563964844e+00,-8.294866561889648438e+00,-1.149107360839843750e+01
-1.467362976074218750e+01,-5.345158100128173828e+00,-6.709017753601074219e+00,-8.107772827148437500e+00,-1.168936729431152344e+01
-1.450235939025878906e+01,-5.358260154724121094e+00,-6.975307464599609375e+00,-7.878190994262695312e+00,-1.185490226745605469e+01
-1.432376480102539062e+01,-5.367015361785888672e+00,-7.186609268188476562e+00,-7.727483749389648438e+00,-1.194859886169433594e+01
-1.418062114715576172e+01,-5.377178192138671875e+00,-7.369746208190917969e+00,-7.599656105041503906e+00,-1.199658203125000000e+01
-1.409169864654541016e+01,-5.382531642913818359e+00,-7.477665901184082031e+00,-7.505716800689697266e+00,-1.200737285614013672e+01
-1.400073528289794922e+01,-5.376776218414306641e+00,-7.670139312744140625e+00,-7.533994674682617188e+00,-1.194808483123779297e+01
-1.399921798706054688e+01,-5.366850376129150391e+00,-7.826782226562500000e+00,-7.651784896850585938e+00,-1.188228130340576172e+01
-1.400910377502441406e+01,-5.371329784393310547e+00,-7.849818229675292969e+00,-7.737279415130615234e+00,-1.189374828338623047e+01
-1.392122459411621094e+01,-5.384001255035400391e+00,-7.701367378234863281e+00,-7.794874191284179688e+00,-1.189531517028808594e+01
-1.379418373107910156e+01,-5.374815940856933594e+00,-7.697620391845703125e+00,-8.064337730407714844e+00,-1.175841331481933594e+01
-1.366071414947509766e+01,-5.368922710418701172e+00,-7.664563179016113281e+00,-8.391590118408203125e+00,-1.161129760742187500e+01
-1.354049682617187500e+01,-5.384299755096435547e+00,-7.283282279968261719e+00,-8.503889083862304688e+00,-1.140323066711425781e+01
-1.337369155883789062e+01,-5.405674934387207031e+00,-6.646881103515625000e+00,-8.532878875732421875e+00,-1.111406230926513672e+01
-1.330567646026611328e+01,-5.416851997375488281e+00,-5.955973625183105469e+00,-8.672681808471679688e+00,-1.084749126434326172e+01
-1.303591346740722656e+01,-5.451484680175781250e+00,-5.261568069458007812e+00,-8.507767677307128906e+00,-1.062199974060058594e+01
-1.253502559661865234e+01,-5.515855312347412109e+00,-4.548207759857177734e+00,-7.981858253479003906e+00,-1.034353160858154297e+01
-1.237479019165039062e+01,-5.587034225463867188e+00,-4.178682327270507812e+00,-7.432826042175292969e+00,-1.023951530456542969e+01
-1.247695636749267578e+01,-5.652985572814941406e+00,-3.997653007507324219e+00,-6.966722488403320312e+00,-1.023435974121093750e+01
-1.270275497436523438e+01,-5.674888134002685547e+00,-3.860221862792968750e+00,-6.858516693115234375e+00,-1.013930320739746094e+01
-1.290159511566162109e+01,-5.718047618865966797e+00,-3.797257661819458008e+00,-6.713857650756835938e+00,-1.019281864166259766e+01
-1.321773052215576172e+01,-5.734237670898437500e+00,-3.749957561492919922e+00,-6.678817749023437500e+00,-1.024484539031982422e+01
-1.367303752899169922e+01,-5.719079017639160156e+00,-3.624580144882202148e+00,-6.779311180114746094e+00,-1.025980949401855469e+01
-1.401256465911865234e+01,-5.697837352752685547e+00,-3.561916351318359375e+00,-6.830048561096191406e+00,-1.030019187927246094e+01
-1.424394321441650391e+01,-5.672546863555908203e+00,-3.562804460525512695e+00,-6.842019557952880859e+00,-1.037367725372314453e+01
-1.443270492553710938e+01,-5.650879859924316406e+00,-3.569212198257446289e+00,-6.825549602508544922e+00,-1.045788478851318359e+01
-1.473761463165283203e+01,-5.633498191833496094e+00,-3.481777191162109375e+00,-6.822555541992187500e+00,-1.048129081726074219e+01
-1.490400695800781250e+01,-5.614627361297607422e+00,-3.472711324691772461e+00,-6.786614418029785156e+00,-1.048548316955566406e+01
-1.487775421142578125e+01,-5.613473892211914062e+00,-3.549088478088378906e+00,-6.647540092468261719e+00,-1.052020549774169922e+01
-1.466419219970703125e+01,-5.614544391632080078e+00,-3.787306308746337891e+00,-6.479188919067382812e+00,-1.051225948333740234e+01
-1.456392478942871094e+01,-5.641128063201904297e+00,-4.044319629669189453e+00,-6.296154022216796875e+00,-1.051233768463134766e+01
-1.441472625732421875e+01,-5.698369979858398438e+00,-4.383280754089355469e+00,-6.109595298767089844e+00,-1.054711341857910156e+01
-1.417065715789794922e+01,-5.836719036102294922e+00,-4.787195205688476562e+00,-5.862273693084716797e+00,-1.066261196136474609e+01
-1.403719139099121094e+01,-5.972977638244628906e+00,-5.050250053405761719e+00,-5.697537422180175781e+00,-1.074747276306152344e+01
-1.393593215942382812e+01,-6.094486236572265625e+00,-5.287541866302490234e+00,-5.591185569763183594e+00,-1.080501174926757812e+01
-1.383781337738037109e+01,-6.245208263397216797e+00,-5.523611068725585938e+00,-5.483376502990722656e+00,-1.083629226684570312e+01
-1.361495208740234375e+01,-6.434630393981933594e+00,-5.765892982482910156e+00,-5.370071411132812500e+00,-1.085910034179687500e+01
-1.348832321166992188e+01,-6.651187896728515625e+00,-5.957463264465332031e+00,-5.258687019348144531e+00,-1.087518596649169922e+01
-1.358939743041992188e+01,-6.819163799285888672e+00,-6.054839134216308594e+00,-5.192735195159912109e+00,-1.086789798736572266e+01
-1.341479587554931641e+01,-7.013917922973632812e+00,-6.165691375732421875e+00,-5.123894691467285156e+00,-1.087853717803955078e+01
-1.316503334045410156e+01,-7.217029094696044922e+00,-6.322900772094726562e+00,-5.072349548339843750e+00,-1.086973571777343750e+01
-1.304201602935791016e+01,-7.406093597412109375e+00,-6.467247962951660156e+00,-5.038331031799316406e+00,-1.081802558898925781e+01
-1.305061531066894531e+01,-7.589022636413574219e+00,-6.605868339538574219e+00,-5.016906738281250000e+00,-1.071655559539794922e+01
-1.321978950500488281e+01,-7.723947048187255859e+00,-6.713279724121093750e+00,-5.019214630126953125e+00,-1.058319091796875000e+01
-1.333847904205322266e+01,-7.833253860473632812e+00,-6.791295051574707031e+00,-5.022925376892089844e+00,-1.046879577636718750e+01
-1.347292900085449219e+01,-7.915664672851562500e+00,-6.809914588928222656e+00,-5.029512882232666016e+00,-1.032769966125488281e+01
-1.349622344970703125e+01,-8.002241134643554688e+00,-6.770059585571289062e+00,-5.018885612487792969e+00,-1.020208930969238281e+01
-1.358884048461914062e+01,-8.074615478515625000e+00,-6.675438880920410156e+00,-5.011979103088378906e+00,-1.005067157745361328e+01
-1.358716297149658203e+01,-8.200191497802734375e+00,-6.556732177734375000e+00,-4.975335121154785156e+00,-9.907505035400390625e+00
-1.338869667053222656e+01,-8.386114120483398438e+00,-6.574301719665527344e+00,-4.931547164916992188e+00,-9.836984634399414062e+00
-1.325804996490478516e+01,-8.575544357299804688e+00,-6.609807014465332031e+00,-4.887425422668457031e+00,-9.753650665283203125e+00
-1.329361724853515625e+01,-8.773759841918945312e+00,-6.692456245422363281e+00,-4.845932960510253906e+00,-9.733955383300781250e+00
-1.335750007629394531e+01,-8.976034164428710938e+00,-6.766159057617187500e+00,-4.808864593505859375e+00,-9.674964904785156250e+00
-1.340324878692626953e+01,-9.195242881774902344e+00,-6.903083801269531250e+00,-4.770832061767578125e+00,-9.666291236877441406e+00
-1.346660423278808594e+01,-9.385932922363281250e+00,-7.023413658142089844e+00,-4.747508049011230469e+00,-9.593494415283203125e+00
-1.369239807128906250e+01,-9.576623916625976562e+00,-7.135642051696777344e+00,-4.720526218414306641e+00,-9.575069427490234375e+00
-1.387702941894531250e+01,-9.753511428833007812e+00,-7.261836051940917969e+00,-4.698950290679931641e+00,-9.585753440856933594e+00
-1.378644371032714844e+01,-9.949175834655761719e+00,-7.402915954589843750e+00,-4.673712253570556641e+00,-9.621515274047851562e+00
-1.366837692260742188e+01,-1.018158531188964844e+01,-7.495123863220214844e+00,-4.631228923797607422e+00,-9.697694778442382812e+00
-1.376118469238281250e+01,-1.040035438537597656e+01,-7.490472793579101562e+00,-4.594730377197265625e+00,-9.710420608520507812e+00
-1.390045070648193359e+01,-1.055046463012695312e+01,-7.439349174499511719e+00,-4.576369762420654297e+00,-9.631626129150390625e+00
-1.382275390625000000e+01,-1.068899440765380859e+01,-7.384128570556640625e+00,-4.555882930755615234e+00,-9.561075210571289062e+00
-1.375866413116455078e+01,-1.076414108276367188e+01,-7.265765190124511719e+00,-4.552971839904785156e+00,-9.326672554016113281e+00
-1.344846916198730469e+01,-1.083150863647460938e+01,-7.226466178894042969e+00,-4.544110298156738281e+00,-9.129301071166992188e+00
-1.265003490447998047e+01,-1.084126949310302734e+01,-7.281055450439453125e+00,-4.547433853149414062e+00,-8.885986328125000000e+00
-1.196311473846435547e+01,-1.082224082946777344e+01,-7.308613777160644531e+00,-4.546926021575927734e+00,-8.656077384948730469e+00
-1.189830589294433594e+01,-1.080845642089843750e+01,-7.295019149780273438e+00,-4.533853054046630859e+00,-8.627326965332031250e+00
-1.231716156005859375e+01,-1.079014968872070312e+01,-7.295180320739746094e+00,-4.530537605285644531e+00,-8.781218528747558594e+00
-1.302868461608886719e+01,-1.080395698547363281e+01,-7.364809989929199219e+00,-4.524790287017822266e+00,-9.099304199218750000e+00
-1.364467334747314453e+01,-1.085424423217773438e+01,-7.451376914978027344e+00,-4.507733821868896484e+00,-9.526524543762207031e+00
-1.397705841064453125e+01,-1.094877624511718750e+01,-7.623166084289550781e+00,-4.486946105957031250e+00,-9.942849159240722656e+00
-1.403074455261230469e+01,-1.109671115875244141e+01,-7.825738906860351562e+00,-4.451591491699218750e+00,-1.032991695404052734e+01
-1.387002372741699219e+01,-1.126727104187011719e+01,-7.973865509033203125e+00,-4.413783550262451172e+00,-1.060227012634277344e+01
-1.360132598876953125e+01,-1.143267250061035156e+01,-8.016059875488281250e+00,-4.376783847808837891e+00,-1.072555446624755859e+01
-1.332664299011230469e+01,-1.160479736328125000e+01,-8.058865547180175781e+00,-4.347773075103759766e+00,-1.076413249969482422e+01
-1.306371593475341797e+01,-1.177348136901855469e+01,-8.086719512939453125e+00,-4.324018478393554688e+00,-1.074666690826416016e+01
-1.293089866638183594e+01,-1.190850257873535156e+01,-8.027188301086425781e+00,-4.311669349670410156e+00,-1.061947536468505859e+01
-1.285140800476074219e+01,-1.203433418273925781e+01,-7.993427276611328125e+00,-4.311990737915039062e+00,-1.046866416931152344e+01
-1.287463760375976562e+01,-1.213023853302001953e+01,-7.934077262878417969e+00,-4.315204143524169922e+00,-1.027710437774658203e+01
-1.287199306488037109e+01,-1.220110511779785156e+01,-7.777112960815429688e+00,-4.321181297302246094e+00,-1.002680206298828125e+01
-1.283174610137939453e+01,-1.223101615905761719e+01,-7.621216773986816406e+00,-4.330424785614013672e+00,-9.801498413085937500e+00
-1.253273963928222656e+01,-1.223198127746582031e+01,-7.490442276000976562e+00,-4.336647033691406250e+00,-9.575625419616699219e+00
-1.237023162841796875e+01,-1.221803855895996094e+01,-7.304435729980468750e+00,-4.343845844268798828e+00,-9.328728675842285156e+00
-1.223979187011718750e+01,-1.222726345062255859e+01,-6.962451934814453125e+00,-4.364867210388183594e+00,-8.838796615600585938e+00
-1.235729503631591797e+01,-1.220911216735839844e+01,-6.591455459594726562e+00,-4.396196365356445312e+00,-8.315772056579589844e+00
-1.254252147674560547e+01,-1.221937179565429688e+01,-6.199954986572265625e+00,-4.433357238769531250e+00,-7.707840919494628906e+00
-1.256453895568847656e+01,-1.222959709167480469e+01,-5.810448646545410156e+00,-4.484902381896972656e+00,-6.986694335937500000e+00
-1.248128890991210938e+01,-1.222899532318115234e+01,-5.493236541748046875e+00,-4.550121307373046875e+00,-6.349624156951904297e+00
-1.275671863555908203e+01,-1.220474815368652344e+01,-5.324026107788085938e+00,-4.583880901336669922e+00,-6.112020015716552734e+00
-1.299984550476074219e+01,-1.216968727111816406e+01,-5.226865768432617188e+00,-4.606985092163085938e+00,-6.088898658752441406e+00
-1.320789527893066406e+01,-1.212947273254394531e+01,-5.141042709350585938e+00,-4.617322444915771484e+00,-6.157433032989501953e+00
-1.335909557342529297e+01,-1.208502197265625000e+01,-5.093074798583984375e+00,-4.605550289154052734e+00,-6.280819892883300781e+00
-1.344696140289306641e+01,-1.201624870300292969e+01,-5.102716445922851562e+00,-4.580574989318847656e+00,-6.496638774871826172e+00
-1.368647956848144531e+01,-1.193235015869140625e+01,-5.133754730224609375e+00,-4.556898117065429688e+00,-6.771176338195800781e+00
-1.394771099090576172e+01,-1.185419845581054688e+01,-5.224218368530273438e+00,-4.530555248260498047e+00,-7.096388816833496094e+00
-1.405681228637695312e+01,-1.181724834442138672e+01,-5.402363777160644531e+00,-4.503411769866943359e+00,-7.464475631713867188e+00
-1.399947261810302734e+01,-1.181247901916503906e+01,-5.611898422241210938e+00,-4.488582611083984375e+00,-7.808553695678710938e+00
-1.395841979980468750e+01,-1.181074523925781250e+01,-5.825514793395996094e+00,-4.472207546234130859e+00,-8.140368461608886719e+00
-1.398558521270751953e+01,-1.182325935363769531e+01,-6.067673683166503906e+00,-4.451538085937500000e+00,-8.442019462585449219e+00
-1.395896148681640625e+01,-1.181617164611816406e+01,-6.307630538940429688e+00,-4.442325592041015625e+00,-8.647404670715332031e+00
-1.398953437805175781e+01,-1.182702732086181641e+01,-6.522880554199218750e+00,-4.430668354034423828e+00,-8.802085876464843750e+00
-1.385212516784667969e+01,-1.186304855346679688e+01,-6.755955696105957031e+00,-4.411560535430908203e+00,-8.893157958984375000e+00
-1.364821338653564453e+01,-1.189296150207519531e+01,-6.936145782470703125e+00,-4.399922370910644531e+00,-8.877713203430175781e+00
-1.340215682983398438e+01,-1.191401863098144531e+01,-7.030149459838867188e+00,-4.392467498779296875e+00,-8.767613410949707031e+00
-1.314327144622802734e+01,-1.191284561157226562e+01,-7.030589103698730469e+00,-4.388031005859375000e+00,-8.520011901855468750e+00
-1.306897449493408203e+01,-1.186130714416503906e+01,-6.985842704772949219e+00,-4.398787975311279297e+00,-8.240933418273925781e+00
-1.320481395721435547e+01,-1.176778793334960938e+01,-6.949529647827148438e+00,-4.416795730590820312e+00,-8.061333656311035156e+00
-1.332393074035644531e+01,-1.168446922302246094e+01,-6.958429336547851562e+00,-4.433682441711425781e+00,-7.954878807067871094e+00
-1.338916683197021484e+01,-1.157537078857421875e+01,-6.904363632202148438e+00,-4.459046840667724609e+00,-7.806071281433105469e+00
-1.353349113464355469e+01,-1.145930862426757812e+01,-6.781815528869628906e+00,-4.486228942871093750e+00,-7.632957458496093750e+00
-1.364961147308349609e+01,-1.135847759246826172e+01,-6.609407424926757812e+00,-4.507812500000000000e+00,-7.441050529479980469e+00
-1.391279411315917969e+01,-1.121809196472167969e+01,-6.405304908752441406e+00,-4.534386634826660156e+00,-7.258505821228027344e+00
-1.396825313568115234e+01,-1.109345817565917969e+01,-6.244366645812988281e+00,-4.553439617156982422e+00,-7.112904548645019531e+00
-1.390971851348876953e+01,-1.098197460174560547e+01,-6.131027221679687500e+00,-4.567145347595214844e+00,-6.958986282348632812e+00
-1.397006225585937500e+01,-1.083656883239746094e+01,-6.020296096801757812e+00,-4.591114044189453125e+00,-6.853339195251464844e+00
-1.395313835144042969e+01,-1.070660209655761719e+01,-5.850515365600585938e+00,-4.609747409820556641e+00,-6.691197395324707031e+00
-1.395036315917968750e+01,-1.053816795349121094e+01,-5.739494323730468750e+00,-4.633369922637939453e+00,-6.603950500488281250e+00
-1.388266658782958984e+01,-1.036232185363769531e+01,-5.691305160522460938e+00,-4.652891635894775391e+00,-6.573137760162353516e+00
-1.379585742950439453e+01,-1.021387863159179688e+01,-5.669657707214355469e+00,-4.658260345458984375e+00,-6.584832668304443359e+00
-1.361013603210449219e+01,-1.012024021148681641e+01,-5.625957489013671875e+00,-4.653676986694335938e+00,-6.522218704223632812e+00
-1.343272876739501953e+01,-1.005026245117187500e+01,-5.563935756683349609e+00,-4.652599334716796875e+00,-6.407046318054199219e+00
-1.324328613281250000e+01,-9.972833633422851562e+00,-5.508131027221679688e+00,-4.665606021881103516e+00,-6.274044513702392578e+00
-1.307741737365722656e+01,-9.841857910156250000e+00,-5.426218032836914062e+00,-4.705667495727539062e+00,-6.079887390136718750e+00
-1.300742053985595703e+01,-9.663380622863769531e+00,-5.378283500671386719e+00,-4.758942604064941406e+00,-5.951753616333007812e+00
-1.298878097534179688e+01,-9.482623100280761719e+00,-5.328970909118652344e+00,-4.815595626831054688e+00,-5.823703765869140625e+00
-1.291802120208740234e+01,-9.307435035705566406e+00,-5.291057586669921875e+00,-4.879969596862792969e+00,-5.653095245361328125e+00
-1.274010944366455078e+01,-9.142907142639160156e+00,-5.219325065612792969e+00,-4.964911937713623047e+00,-5.394052028656005859e+00
-1.250192737579345703e+01,-8.996105194091796875e+00,-5.144289970397949219e+00,-5.066935539245605469e+00,-5.100911140441894531e+00
-1.233702659606933594e+01,-8.884399414062500000e+00,-5.085442066192626953e+00,-5.177083969116210938e+00,-4.886602401733398438e+00
-1.223685264587402344e+01,-8.792222023010253906e+00,-5.014888763427734375e+00,-5.310420989990234375e+00,-4.699741363525390625e+00
-1.229045581817626953e+01,-8.692818641662597656e+00,-4.964895248413085938e+00,-5.460762023925781250e+00,-4.620079994201660156e+00
-1.232576370239257812e+01,-8.607761383056640625e+00,-4.927903175354003906e+00,-5.624680042266845703e+00,-4.560875892639160156e+00
-1.220003318786621094e+01,-8.531316757202148438e+00,-4.933352470397949219e+00,-5.807136058807373047e+00,-4.492325782775878906e+00
-1.203611564636230469e+01,-8.455631256103515625e+00,-4.985020637512207031e+00,-6.030819892883300781e+00,-4.411594390869140625e+00
-1.195952796936035156e+01,-8.400391578674316406e+00,-5.059077262878417969e+00,-6.245934486389160156e+00,-4.340570449829101562e+00
-1.197453594207763672e+01,-8.378889083862304688e+00,-5.060815811157226562e+00,-6.501608848571777344e+00,-4.211902618408203125e+00
-1.205998992919921875e+01,-8.361147880554199219e+00,-5.074429035186767578e+00,-6.741191864013671875e+00,-4.129687309265136719e+00
-1.207437038421630859e+01,-8.361953735351562500e+00,-5.076424121856689453e+00,-6.976089477539062500e+00,-4.042322158813476562e+00
-1.204384803771972656e+01,-8.382535934448242188e+00,-5.039479255676269531e+00,-7.268467903137207031e+00,-3.920737981796264648e+00
-1.207721805572509766e+01,-8.393429756164550781e+00,-5.031419754028320312e+00,-7.634506225585937500e+00,-3.816941976547241211e+00
-1.211451530456542969e+01,-8.420061111450195312e+00,-5.027271747589111328e+00,-8.007064819335937500e+00,-3.731282949447631836e+00
-1.210593700408935547e+01,-8.447414398193359375e+00,-5.058403491973876953e+00,-8.331975936889648438e+00,-3.679005384445190430e+00
-1.200974655151367188e+01,-8.453471183776855469e+00,-5.166949748992919922e+00,-8.591020584106445312e+00,-3.669294595718383789e+00
-1.174777412414550781e+01,-8.452817916870117188e+00,-5.319652080535888672e+00,-8.777818679809570312e+00,-3.682123422622680664e+00
-1.147259902954101562e+01,-8.443084716796875000e+00,-5.491663932800292969e+00,-8.913380622863769531e+00,-3.702698945999145508e+00
-1.123180294036865234e+01,-8.428850173950195312e+00,-5.674907684326171875e+00,-8.968833923339843750e+00,-3.748852014541625977e+00
-1.095222187042236328e+01,-8.393337249755859375e+00,-5.951798439025878906e+00,-9.005994796752929688e+00,-3.803980588912963867e+00
-1.073073482513427734e+01,-8.379380226135253906e+00,-6.186134815216064453e+00,-9.001161575317382812e+00,-3.863859891891479492e+00
-1.063579368591308594e+01,-8.380356788635253906e+00,-6.307678222656250000e+00,-9.046812057495117188e+00,-3.879406213760375977e+00
-1.072369194030761719e+01,-8.373115539550781250e+00,-6.408827781677246094e+00,-9.190469741821289062e+00,-3.885600805282592773e+00
-1.077791118621826172e+01,-8.351758003234863281e+00,-6.588160514831542969e+00,-9.336093902587890625e+00,-3.935970067977905273e+00
-1.081999206542968750e+01,-8.340278625488281250e+00,-6.755969047546386719e+00,-9.514531135559082031e+00,-3.985452890396118164e+00
-1.079585075378417969e+01,-8.341541290283203125e+00,-6.930792808532714844e+00,-9.775764465332031250e+00,-4.002498626708984375e+00
-1.076826286315917969e+01,-8.348804473876953125e+00,-7.105500221252441406e+00,-1.000980949401855469e+01,-4.036303520202636719e+00
-1.074067592620849609e+01,-8.354490280151367188e+00,-7.284500122070312500e+00,-1.019033241271972656e+01,-4.065342903137207031e+00
-1.073301792144775391e+01,-8.363338470458984375e+00,-7.453651428222656250e+00,-1.039806938171386719e+01,-4.061128616333007812e+00
-1.069002628326416016e+01,-8.361192703247070312e+00,-7.671049118041992188e+00,-1.055777645111083984e+01,-4.077211380004882812e+00
-1.066244888305664062e+01,-8.375686645507812500e+00,-7.797802925109863281e+00,-1.069871997833251953e+01,-4.054818153381347656e+00
-1.063760566711425781e+01,-8.388170242309570312e+00,-7.884760856628417969e+00,-1.079570770263671875e+01,-4.044434547424316406e+00
-1.061604118347167969e+01,-8.404756546020507812e+00,-7.939290046691894531e+00,-1.094074153900146484e+01,-3.997106313705444336e+00
-1.058530712127685547e+01,-8.424961090087890625e+00,-7.963221549987792969e+00,-1.108184814453125000e+01,-3.941286802291870117e+00
-1.049434661865234375e+01,-8.418325424194335938e+00,-8.052243232727050781e+00,-1.086561965942382812e+01,-3.889382123947143555e+00
-1.050130271911621094e+01,-8.447000503540039062e+00,-7.984560012817382812e+00,-1.096417617797851562e+01,-3.766037702560424805e+00
-1.042763137817382812e+01,-8.440856933593750000e+00,-8.017392158508300781e+00,-1.077115631103515625e+01,-3.710685491561889648e+00
-1.055103874206542969e+01,-8.477896690368652344e+00,-7.868448257446289062e+00,-1.099288272857666016e+01,-3.586932420730590820e+00
-1.045588207244873047e+01,-8.466484069824218750e+00,-7.892820358276367188e+00,-1.083739089965820312e+01,-3.562423467636108398e+00
-1.052441787719726562e+01,-8.493602752685546875e+00,-7.787912368774414062e+00,-1.099177837371826172e+01,-3.495963811874389648e+00
-1.037022590637207031e+01,-8.517740249633789062e+00,-7.733381271362304688e+00,-1.117568206787109375e+01,-3.443623304367065430e+00
-1.009548664093017578e+01,-8.539972305297851562e+00,-7.752429962158203125e+00,-1.139672946929931641e+01,-3.372747659683227539e+00
-9.652555465698242188e+00,-8.549615859985351562e+00,-7.926152229309082031e+00,-1.157059478759765625e+01,-3.344293355941772461e+00
-9.304033279418945312e+00,-8.567292213439941406e+00,-8.080662727355957031e+00,-1.170112228393554688e+01,-3.318425893783569336e+00
-7.968945026397705078e+00,-8.614027976989746094e+00,-8.223923683166503906e+00,-1.146422958374023438e+01,-3.303991079330444336e+00
-1.802368904463946819e-03,-8.917313575744628906e+00,-8.994236946105957031e+00,-1.051091861724853516e+01,-4.347783088684082031e+00
