8.614801764488220215e-01,1.385198384523391724e-01
9.847698211669921875e-01,1.523017045110464096e-02
9.985567927360534668e-01,1.443209359422326088e-03
9.997367262840270996e-01,2.632272953633219004e-04
9.998904466629028320e-01,1.095355110010132194e-04
9.999012947082519531e-01,9.864303865469992161e-05
9.997874498367309570e-01,2.125575410900637507e-04
9.997092485427856445e-01,2.908016904257237911e-04
9.995634555816650391e-01,4.366445646155625582e-04
9.995861649513244629e-01,4.138051590416580439e-04
9.997552633285522461e-01,2.447488368488848209e-04
9.998257160186767578e-01,1.742526219459250569e-04
9.998958706855773926e-01,1.041208670358173549e-04
9.998946189880371094e-01,1.053753439919091761e-04
9.999085664749145508e-01,9.143694478552788496e-05
9.996729493141174316e-01,3.270541201345622540e-04
9.990487694740295410e-01,9.512713295407593250e-04
9.993907213211059570e-01,6.092396215535700321e-04
9.998019337654113770e-01,1.981218083528801799e-04
9.999016523361206055e-01,9.839527774602174759e-05
9.998558759689331055e-01,1.440619380446150899e-04
9.996826052665710449e-01,3.173549775965511799e-04
9.990447163581848145e-01,9.552676929160952568e-04
9.983196854591369629e-01,1.680234214290976524e-03
9.983036518096923828e-01,1.696275779977440834e-03
9.984351992607116699e-01,1.564816571772098541e-03
9.755134582519531250e-01,2.448657900094985962e-02
9.873352646827697754e-01,1.266469527035951614e-02
9.946114420890808105e-01,5.388555582612752914e-03
9.962186217308044434e-01,3.781354520469903946e-03
9.972005486488342285e-01,2.799362409859895706e-03
9.978315234184265137e-01,2.168496372178196907e-03
9.978876709938049316e-01,2.112334361299872398e-03
9.981091022491455078e-01,1.890933373942971230e-03
9.987321496009826660e-01,1.267861691303551197e-03
9.995296001434326172e-01,4.703858285211026669e-04
9.998353123664855957e-01,1.647466851864010096e-04
9.998962879180908203e-01,1.037245383486151695e-04
9.998843669891357422e-01,1.156583603005856276e-04
9.997872710227966309e-01,2.127834741258993745e-04
9.945188164710998535e-01,5.481243599206209183e-03
9.383686184883117676e-01,6.163139268755912781e-02
9.630930423736572266e-01,3.690694645047187805e-02
9.954254031181335449e-01,4.574654158204793930e-03
9.990460276603698730e-01,9.539258317090570927e-04
9.994063377380371094e-01,5.936137167736887932e-04
9.809309840202331543e-01,1.906900480389595032e-02
9.492770433425903320e-01,5.072288587689399719e-02
9.793806672096252441e-01,2.061937004327774048e-02
9.941692948341369629e-01,5.830606445670127869e-03
9.976315498352050781e-01,2.368407556787133217e-03
9.986205101013183594e-01,1.379551016725599766e-03
9.984488487243652344e-01,1.551150926388800144e-03
9.973689317703247070e-01,2.631040755659341812e-03
8.990961909294128418e-01,1.009037718176841736e-01
9.088425636291503906e-01,9.115735441446304321e-02
9.256705641746520996e-01,7.432949542999267578e-02
8.905405998229980469e-01,1.094594523310661316e-01
8.418659567832946777e-01,1.581341028213500977e-01
8.064625263214111328e-01,1.935374736785888672e-01
7.689188718795776367e-01,2.310811132192611694e-01
6.386060118675231934e-01,3.613940477371215820e-01
4.120287299156188965e-01,5.879712104797363281e-01
1.648138016462326050e-01,8.351861238479614258e-01
1.009667962789535522e-01,8.990331292152404785e-01
9.421358257532119751e-02,9.057864546775817871e-01
1.372674703598022461e-01,8.627324700355529785e-01
2.442139387130737305e-01,7.557860612869262695e-01
5.026561617851257324e-01,4.973438680171966553e-01
8.229747414588928223e-01,1.770251989364624023e-01
9.604008197784423828e-01,3.959927335381507874e-02
9.897187352180480957e-01,1.028120424598455429e-02
9.961789250373840332e-01,3.821060061454772949e-03
9.968141913414001465e-01,3.185837296769022942e-03
9.967342615127563477e-01,3.265708917751908302e-03
9.985632896423339844e-01,1.436611870303750038e-03
9.986325502395629883e-01,1.367525546811521053e-03
9.985768198966979980e-01,1.423092908225953579e-03
9.993728995323181152e-01,6.271757301874458790e-04
9.992492198944091797e-01,7.508340058848261833e-04
9.978194236755371094e-01,2.180538373067975044e-03
9.949690103530883789e-01,5.030955653637647629e-03
9.946907758712768555e-01,5.309230182319879532e-03
9.987297654151916504e-01,1.270225853659212589e-03
9.997206330299377441e-01,2.793672319967299700e-04
9.996898770332336426e-01,3.100868489127606153e-04
9.994153380393981934e-01,5.846394342370331287e-04
9.991835951805114746e-01,8.164470200426876545e-04
9.989265799522399902e-01,1.073429128155112267e-03
9.992754459381103516e-01,7.244973676279187202e-04
9.996191859245300293e-01,3.808474284596741199e-04
9.995470046997070312e-01,4.529969883151352406e-04
9.994733333587646484e-01,5.266757798381149769e-04
9.992234706878662109e-01,7.765698246657848358e-04
9.987758994102478027e-01,1.224106526933610439e-03
9.991288185119628906e-01,8.710853289812803268e-04
9.995040297508239746e-01,4.958662320859730244e-04
9.994795322418212891e-01,5.204653716646134853e-04
9.988138675689697266e-01,1.186131965368986130e-03
9.974372386932373047e-01,2.562705893069505692e-03
9.917031526565551758e-01,8.296815678477287292e-03
9.637879729270935059e-01,3.621208295226097107e-02
3.462812900543212891e-01,6.537187099456787109e-01
1.452474147081375122e-01,8.547525405883789062e-01
2.112790346145629883e-01,7.887210249900817871e-01
4.737918078899383545e-01,5.262082219123840332e-01
8.428676724433898926e-01,1.571322828531265259e-01
9.781084060668945312e-01,2.189161255955696106e-02
9.973310232162475586e-01,2.668936969712376595e-03
9.992671608924865723e-01,7.328882347792387009e-04
9.996799826622009277e-01,3.199208877049386501e-04
9.997231960296630859e-01,2.768122358247637749e-04
9.995356798171997070e-01,4.642975400201976299e-04
9.994658827781677246e-01,5.341428332030773163e-04
9.991571307182312012e-01,8.427736465819180012e-04
9.978895783424377441e-01,2.110436558723449707e-03
9.215088486671447754e-01,7.849112153053283691e-02
9.472903609275817871e-01,5.270961299538612366e-02
9.820728302001953125e-01,1.792709715664386749e-02
9.860154986381530762e-01,1.398450415581464767e-02
9.788450002670288086e-01,2.115499414503574371e-02
9.885348677635192871e-01,1.146508380770683289e-02
9.962106347084045410e-01,3.789321752265095711e-03
9.982664585113525391e-01,1.733455574139952660e-03
9.985781908035278320e-01,1.421848312020301819e-03
9.993020296096801758e-01,6.979517056606709957e-04
9.996011853218078613e-01,3.988018434029072523e-04
9.996696710586547852e-01,3.303549892734736204e-04
9.989929795265197754e-01,1.007069600746035576e-03
9.946835041046142578e-01,5.316511262208223343e-03
9.795274734497070312e-01,2.047252655029296875e-02
9.774391651153564453e-01,2.256080135703086853e-02
7.321672439575195312e-01,2.678328156471252441e-01
3.824802637100219727e-01,6.175196766853332520e-01
3.109510838985443115e-01,6.890488862991333008e-01
3.452990651130676270e-01,6.547008752822875977e-01
4.366155862808227539e-01,5.633844137191772461e-01
6.283354759216308594e-01,3.716644942760467529e-01
8.678151369094848633e-01,1.321847736835479736e-01
9.800611138343811035e-01,1.993889361619949341e-02
9.959276914596557617e-01,4.072401672601699829e-03
9.986563920974731445e-01,1.343579846434295177e-03
9.992918372154235840e-01,7.082210504449903965e-04
9.992727637290954590e-01,7.272840011864900589e-04
9.904582500457763672e-01,9.541765786707401276e-03
8.982557654380798340e-01,1.017442122101783752e-01
8.166502714157104492e-01,1.833497434854507446e-01
8.593587279319763184e-01,1.406412124633789062e-01
6.401588916778564453e-01,3.598411083221435547e-01
3.404889702796936035e-01,6.595109701156616211e-01
2.647839784622192383e-01,7.352160811424255371e-01
2.684415280818939209e-01,7.315584421157836914e-01
3.373507559299468994e-01,6.626492142677307129e-01
4.294376373291015625e-01,5.705623030662536621e-01
5.914551615715026855e-01,4.085448384284973145e-01
7.372316122055053711e-01,2.627684175968170166e-01
8.836086392402648926e-01,1.163913682103157043e-01
9.230318665504455566e-01,7.696811854839324951e-02
9.542258381843566895e-01,4.577418789267539978e-02
9.375484585762023926e-01,6.245157495141029358e-02
8.908634781837463379e-01,1.091365292668342590e-01
8.562546968460083008e-01,1.437453329563140869e-01
9.371842741966247559e-01,6.281574815511703491e-02
9.896590709686279297e-01,1.034088246524333954e-02
9.978442192077636719e-01,2.155751222744584084e-03
9.989482164382934570e-01,1.051755971275269985e-03
9.911697506904602051e-01,8.830238133668899536e-03
9.107475280761718750e-01,8.925250917673110962e-02
3.742588460445404053e-01,6.257411837577819824e-01
1.688902527093887329e-01,8.311097621917724609e-01
1.252780407667160034e-01,8.747219443321228027e-01
1.131306588649749756e-01,8.868693113327026367e-01
1.825636625289916992e-01,8.174362778663635254e-01
3.808633685111999512e-01,6.191367506980895996e-01
6.929196715354919434e-01,3.070802390575408936e-01
8.752564191818237305e-01,1.247435808181762695e-01
9.628590345382690430e-01,3.714099898934364319e-02
9.916364550590515137e-01,8.363471366465091705e-03
9.969204664230346680e-01,3.079515881836414337e-03
9.963644742965698242e-01,3.635494504123926163e-03
9.810111522674560547e-01,1.898887008428573608e-02
8.954434990882873535e-01,1.045565381646156311e-01
8.250162005424499512e-01,1.749837398529052734e-01
9.485290646553039551e-01,5.147098377346992493e-02
9.909036159515380859e-01,9.096293710172176361e-03
9.971549510955810547e-01,2.845047507435083389e-03
9.989055395126342773e-01,1.094455597922205925e-03
9.990808963775634766e-01,9.190497803501784801e-04
9.992455244064331055e-01,7.544688414782285690e-04
9.994446635246276855e-01,5.553131923079490662e-04
9.995638728141784668e-01,4.361386818345636129e-04
9.994311332702636719e-01,5.688822711817920208e-04
9.995718598365783691e-01,4.281713045202195644e-04
9.996270537376403809e-01,3.729927993845194578e-04
9.996973872184753418e-01,3.026144113391637802e-04
9.847522974014282227e-01,1.524763274937868118e-02
9.839707612991333008e-01,1.602923870086669922e-02
9.919568896293640137e-01,8.043014444410800934e-03
9.957277178764343262e-01,4.272242542356252670e-03
9.991393089294433594e-01,8.607229101471602917e-04
9.997435212135314941e-01,2.565119357313960791e-04
9.997480511665344238e-01,2.519656845834106207e-04
9.996765851974487305e-01,3.234831092413514853e-04
9.992455840110778809e-01,7.543638348579406738e-04
9.991883635520935059e-01,8.115873788483440876e-04
9.992308616638183594e-01,7.691055652685463428e-04
9.522528052330017090e-01,4.774710908532142639e-02
9.327901601791381836e-01,6.720978766679763794e-02
9.810426831245422363e-01,1.895729079842567444e-02
9.956507682800292969e-01,4.349235910922288895e-03
9.981155395507812500e-01,1.884428318589925766e-03
9.992952942848205566e-01,7.047075778245925903e-04
9.994863867759704590e-01,5.135966348461806774e-04
9.992164373397827148e-01,7.835003198124468327e-04
9.992824792861938477e-01,7.174641359597444534e-04
9.992565512657165527e-01,7.434901781380176544e-04
9.987783432006835938e-01,1.221637125127017498e-03
9.974175691604614258e-01,2.582387067377567291e-03
9.973197579383850098e-01,2.680237870663404465e-03
9.987688660621643066e-01,1.231053494848310947e-03
9.991844296455383301e-01,8.155746618285775185e-04
9.979947209358215332e-01,2.005294896662235260e-03
9.978665113449096680e-01,2.133430680260062218e-03
9.992159605026245117e-01,7.840265170671045780e-04
9.789151549339294434e-01,2.108478546142578125e-02
9.903606772422790527e-01,9.639250114560127258e-03
9.961420893669128418e-01,3.857888281345367432e-03
9.984818100929260254e-01,1.518264063633978367e-03
9.992737174034118652e-01,7.263355073519051075e-04
9.996082186698913574e-01,3.917983558494597673e-04
9.997214674949645996e-01,2.784673706628382206e-04
9.995692372322082520e-01,4.307979834266006947e-04
9.992481470108032227e-01,7.519354112446308136e-04
9.985859394073486328e-01,1.414128695614635944e-03
9.573964476585388184e-01,4.260358586907386780e-02
9.722321033477783203e-01,2.776787802577018738e-02
9.958906173706054688e-01,4.109302069991827011e-03
9.972200393676757812e-01,2.779999747872352600e-03
9.885416030883789062e-01,1.145833823829889297e-02
9.913476109504699707e-01,8.652338758111000061e-03
9.963220357894897461e-01,3.678024280816316605e-03
9.895418286323547363e-01,1.045815926045179367e-02
7.084696292877197266e-01,2.915303409099578857e-01
