-1.453268527984619141e+01,-5.011284351348876953e+00,-6.202641010284423828e+00,-9.864624023437500000e+00,-1.116183471679687500e+01
-1.526745700836181641e+01,-5.020541191101074219e+00,-6.656849861145019531e+00,-1.055780982971191406e+01,-1.189186859130859375e+01
-1.558616542816162109e+01,-4.967879295349121094e+00,-8.816621780395507812e+00,-1.164939689636230469e+01,-1.274911117553710938e+01
-1.567093753814697266e+01,-4.969769477844238281e+00,-8.330142974853515625e+00,-1.174283409118652344e+01,-1.303965187072753906e+01
-1.608176231384277344e+01,-5.079647064208984375e+00,-9.198654174804687500e+00,-1.221927452087402344e+01,-1.336354637145996094e+01
-1.596814632415771484e+01,-5.070814132690429688e+00,-9.461528778076171875e+00,-1.178687286376953125e+01,-1.368887519836425781e+01
-1.515461826324462891e+01,-4.961150169372558594e+00,-7.078231334686279297e+00,-1.027159500122070312e+01,-1.164429283142089844e+01
-1.618079185485839844e+01,-4.981312751770019531e+00,-7.800063133239746094e+00,-1.130115127563476562e+01,-1.283968353271484375e+01
-1.620164299011230469e+01,-5.070261955261230469e+00,-8.230079650878906250e+00,-1.223866844177246094e+01,-1.305420494079589844e+01
-1.598038768768310547e+01,-5.042052745819091797e+00,-7.626181602478027344e+00,-1.137663936614990234e+01,-1.276167678833007812e+01
-1.572390270233154297e+01,-4.910621643066406250e+00,-7.404126167297363281e+00,-1.155456733703613281e+01,-1.267377662658691406e+01
-1.516802501678466797e+01,-4.942090511322021484e+00,-7.100388050079345703e+00,-1.128629970550537109e+01,-1.167271423339843750e+01
-1.421927928924560547e+01,-4.976297378540039062e+00,-7.362280845642089844e+00,-1.010239791870117188e+01,-1.110513687133789062e+01
-1.590566539764404297e+01,-5.066969871520996094e+00,-7.514211177825927734e+00,-1.216296195983886719e+01,-1.228413009643554688e+01
-1.573549842834472656e+01,-5.102235794067382812e+00,-6.953267574310302734e+00,-1.238033866882324219e+01,-1.220613670349121094e+01
-1.558513545989990234e+01,-5.088004589080810547e+00,-6.891209125518798828e+00,-1.233872413635253906e+01,-1.210981082916259766e+01
-1.460484790802001953e+01,-4.956439018249511719e+00,-7.390190601348876953e+00,-1.002182960510253906e+01,-1.155036067962646484e+01
-1.486140155792236328e+01,-4.999557495117187500e+00,-7.049655914306640625e+00,-1.151574420928955078e+01,-1.154866790771484375e+01
-1.551509380340576172e+01,-5.049567222595214844e+00,-9.307167053222656250e+00,-1.171581840515136719e+01,-1.254046821594238281e+01
-1.527379703521728516e+01,-5.046855449676513672e+00,-8.009454727172851562e+00,-1.161314773559570312e+01,-1.220228195190429688e+01
-1.476616764068603516e+01,-5.009511470794677734e+00,-7.659871578216552734e+00,-1.075881958007812500e+01,-1.147073936462402344e+01
-1.474511814117431641e+01,-5.009465217590332031e+00,-7.115365505218505859e+00,-1.123072528839111328e+01,-1.144636917114257812e+01
-1.446160602569580078e+01,-5.046399116516113281e+00,-7.060359001159667969e+00,-1.075743007659912109e+01,-1.106829071044921875e+01
-1.462890243530273438e+01,-5.024883270263671875e+00,-7.797775745391845703e+00,-1.044856262207031250e+01,-1.189040851593017578e+01
-1.539239978790283203e+01,-4.987292289733886719e+00,-8.628030776977539062e+00,-1.082640457153320312e+01,-1.309946250915527344e+01
-1.540249729156494141e+01,-5.079421997070312500e+00,-8.694811820983886719e+00,-1.084569931030273438e+01,-1.269390964508056641e+01
-1.570171260833740234e+01,-5.117035865783691406e+00,-9.446560859680175781e+00,-1.119124603271484375e+01,-1.403400611877441406e+01
-1.550983810424804688e+01,-4.993276596069335938e+00,-6.883502483367919922e+00,-1.060452270507812500e+01,-1.266955184936523438e+01
-1.572891902923583984e+01,-4.918012619018554688e+00,-8.246219635009765625e+00,-1.079787540435791016e+01,-1.312692070007324219e+01
-1.534999561309814453e+01,-5.011920928955078125e+00,-7.112997531890869141e+00,-1.056930255889892578e+01,-1.261540031433105469e+01
-1.432311916351318359e+01,-5.058507919311523438e+00,-6.249295711517333984e+00,-9.901106834411621094e+00,-1.207448101043701172e+01
-1.453827381134033203e+01,-4.947928428649902344e+00,-6.457045078277587891e+00,-1.037174987792968750e+01,-1.235638427734375000e+01
-1.467232990264892578e+01,-4.907133102416992188e+00,-7.506003856658935547e+00,-1.034435272216796875e+01,-1.278511428833007812e+01
-1.447094249725341797e+01,-5.128193855285644531e+00,-8.723436355590820312e+00,-1.157017135620117188e+01,-1.347631645202636719e+01
-1.441008663177490234e+01,-4.985675811767578125e+00,-8.771980285644531250e+00,-1.136353588104248047e+01,-1.328813743591308594e+01
-1.392384624481201172e+01,-4.954166412353515625e+00,-8.465250968933105469e+00,-1.055663776397705078e+01,-1.311456108093261719e+01
-1.478263282775878906e+01,-5.038407325744628906e+00,-7.058107376098632812e+00,-1.027996635437011719e+01,-1.242596054077148438e+01
-1.509709644317626953e+01,-4.905759334564208984e+00,-8.300004959106445312e+00,-1.072658920288085938e+01,-1.300067901611328125e+01
-1.487357997894287109e+01,-5.050221443176269531e+00,-6.353887557983398438e+00,-1.082182025909423828e+01,-1.227036666870117188e+01
-1.474627208709716797e+01,-5.104528903961181641e+00,-5.986201763153076172e+00,-1.047869110107421875e+01,-1.222566223144531250e+01
-1.468489360809326172e+01,-5.394398689270019531e+00,-5.350628376007080078e+00,-1.006925392150878906e+01,-1.197132682800292969e+01
-1.437208080291748047e+01,-5.189522743225097656e+00,-5.700771808624267578e+00,-1.058617591857910156e+01,-1.242495346069335938e+01
-1.417614078521728516e+01,-5.468885898590087891e+00,-5.392230033874511719e+00,-1.076003456115722656e+01,-1.200329208374023438e+01
-5.058811187744140625e+00,-5.823249340057373047e+00,-4.623118400573730469e+00,-3.449948310852050781e+00,-3.667476654052734375e+00
-1.445500659942626953e+01,-6.212781906127929688e+00,-5.018009662628173828e+00,-9.672595977783203125e+00,-1.164316940307617188e+01
-1.337093067169189453e+01,-5.405275821685791016e+00,-5.274596691131591797e+00,-9.802853584289550781e+00,-1.185289001464843750e+01
-1.394453811645507812e+01,-5.815836429595947266e+00,-5.216400623321533203e+00,-9.505394935607910156e+00,-1.181736755371093750e+01
-1.421357440948486328e+01,-6.376823425292968750e+00,-5.060978889465332031e+00,-8.966869354248046875e+00,-1.118892383575439453e+01
-1.457540416717529297e+01,-5.310819625854492188e+00,-5.492085933685302734e+00,-1.085152053833007812e+01,-1.222763442993164062e+01
-1.433059883117675781e+01,-5.306521415710449219e+00,-5.626928806304931641e+00,-1.063206005096435547e+01,-1.221850681304931641e+01
-1.423940372467041016e+01,-5.644827842712402344e+00,-5.364676952362060547e+00,-9.947027206420898438e+00,-1.172538471221923828e+01
-1.391687202453613281e+01,-5.591838836669921875e+00,-5.222702980041503906e+00,-8.967942237854003906e+00,-1.154023647308349609e+01
-1.138882923126220703e+01,-5.735111236572265625e+00,-5.053831100463867188e+00,-6.468237876892089844e+00,-8.717298507690429688e+00
-1.353297519683837891e+01,-5.018593788146972656e+00,-6.300147056579589844e+00,-9.691793441772460938e+00,-1.198758220672607422e+01
-1.403811740875244141e+01,-5.192699909210205078e+00,-5.638855934143066406e+00,-8.985932350158691406e+00,-1.207958030700683594e+01
-1.426898097991943359e+01,-4.954168319702148438e+00,-7.628797531127929688e+00,-9.183268547058105469e+00,-1.238370227813720703e+01
-1.473447895050048828e+01,-5.079294204711914062e+00,-6.546736240386962891e+00,-9.796322822570800781e+00,-1.163897132873535156e+01
-1.391856288909912109e+01,-5.315886497497558594e+00,-5.765349864959716797e+00,-8.492687225341796875e+00,-1.096840476989746094e+01
-1.388445377349853516e+01,-5.354316711425781250e+00,-5.638043880462646484e+00,-8.355318069458007812e+00,-1.093794250488281250e+01
-1.408771610260009766e+01,-5.475373268127441406e+00,-5.284291267395019531e+00,-9.436431884765625000e+00,-1.115991020202636719e+01
-1.393099308013916016e+01,-5.297399520874023438e+00,-5.513461589813232422e+00,-9.122703552246093750e+00,-1.086885261535644531e+01
-1.426202678680419922e+01,-4.994482040405273438e+00,-6.528270721435546875e+00,-9.698496818542480469e+00,-1.144699287414550781e+01
-1.438363265991210938e+01,-5.050251007080078125e+00,-6.419947624206542969e+00,-1.008177757263183594e+01,-1.151285171508789062e+01
-1.372234439849853516e+01,-5.096334457397460938e+00,-6.324615955352783203e+00,-8.392498016357421875e+00,-1.044269561767578125e+01
-1.413840579986572266e+01,-5.234435081481933594e+00,-6.021529197692871094e+00,-8.475461006164550781e+00,-1.020240592956542969e+01
-1.432479953765869141e+01,-5.107855796813964844e+00,-6.803995132446289062e+00,-9.180833816528320312e+00,-1.042577552795410156e+01
-1.438840770721435547e+01,-5.058200836181640625e+00,-7.643754005432128906e+00,-9.364758491516113281e+00,-1.035663414001464844e+01
-1.476102447509765625e+01,-5.049630641937255859e+00,-7.781424999237060547e+00,-9.880088806152343750e+00,-1.079412078857421875e+01
-1.486830806732177734e+01,-5.027545928955078125e+00,-8.025285720825195312e+00,-1.011051559448242188e+01,-1.095766925811767578e+01
-1.500927829742431641e+01,-5.027674674987792969e+00,-8.627067565917968750e+00,-1.046686172485351562e+01,-1.165363311767578125e+01
-1.480764102935791016e+01,-5.020722866058349609e+00,-9.443506240844726562e+00,-1.047038936614990234e+01,-1.166902923583984375e+01
-1.410319614410400391e+01,-5.099329948425292969e+00,-7.442249774932861328e+00,-9.449911117553710938e+00,-1.040562629699707031e+01
-1.309781742095947266e+01,-5.210008621215820312e+00,-5.970932483673095703e+00,-6.940641403198242188e+00,-9.060272216796875000e+00
-1.248425769805908203e+01,-5.383759498596191406e+00,-5.430549144744873047e+00,-5.433962821960449219e+00,-8.269700050354003906e+00
-1.167471981048583984e+01,-5.727914810180664062e+00,-5.084468364715576172e+00,-4.677249908447265625e+00,-7.691755771636962891e+00
-1.179669475555419922e+01,-5.457938194274902344e+00,-5.385915279388427734e+00,-4.324355602264404297e+00,-7.946228981018066406e+00
-9.637774467468261719e+00,-6.781553268432617188e+00,-5.950484752655029297e+00,-1.272873163223266602e+00,-6.950511455535888672e+00
-1.202710056304931641e+01,-6.086887359619140625e+00,-5.694682598114013672e+00,-2.081443786621093750e+00,-7.380171298980712891e+00
-1.212803554534912109e+01,-6.872341156005859375e+00,-5.549547672271728516e+00,-2.219987630844116211e+00,-7.127068042755126953e+00
-1.182339382171630859e+01,-7.049100875854492188e+00,-5.401212215423583984e+00,-2.431584596633911133e+00,-6.982692241668701172e+00
-1.210482978820800781e+01,-6.500711441040039062e+00,-5.789646625518798828e+00,-2.460749626159667969e+00,-7.397549152374267578e+00
-1.249937152862548828e+01,-5.442537307739257812e+00,-6.505370616912841797e+00,-3.680595874786376953e+00,-8.154400825500488281e+00
-1.264405345916748047e+01,-5.256993293762207031e+00,-6.489271163940429688e+00,-4.255064010620117188e+00,-8.574455261230468750e+00
-1.346987056732177734e+01,-4.933646678924560547e+00,-7.773766517639160156e+00,-6.356637001037597656e+00,-9.756389617919921875e+00
-1.366399192810058594e+01,-5.002573966979980469e+00,-7.170847415924072266e+00,-6.622623443603515625e+00,-9.635749816894531250e+00
-1.396770191192626953e+01,-4.950509071350097656e+00,-7.929740905761718750e+00,-6.995443344116210938e+00,-1.018400192260742188e+01
-1.442813587188720703e+01,-4.922042846679687500e+00,-7.158047676086425781e+00,-7.074834823608398438e+00,-1.077276611328125000e+01
-1.427138137817382812e+01,-4.972614288330078125e+00,-7.916109561920166016e+00,-7.380355834960937500e+00,-1.088846206665039062e+01
-1.446040439605712891e+01,-4.998702526092529297e+00,-7.877185821533203125e+00,-7.748205184936523438e+00,-1.136070919036865234e+01
-1.455151081085205078e+01,-5.083649635314941406e+00,-7.013224601745605469e+00,-8.693850517272949219e+00,-1.135218048095703125e+01
-1.456973934173583984e+01,-5.211944580078125000e+00,-6.530802726745605469e+00,-9.385686874389648438e+00,-1.124443817138671875e+01
-1.450267887115478516e+01,-5.202507019042968750e+00,-6.852560043334960938e+00,-9.366095542907714844e+00,-1.161631393432617188e+01
-1.421170425415039062e+01,-5.181182384490966797e+00,-5.985835075378417969e+00,-8.623348236083984375e+00,-1.111204242706298828e+01
-1.406795597076416016e+01,-5.254575729370117188e+00,-5.597335815429687500e+00,-8.369094848632812500e+00,-1.069972229003906250e+01
-1.416759014129638672e+01,-5.255186080932617188e+00,-5.783503055572509766e+00,-8.652052879333496094e+00,-1.078537845611572266e+01
-1.447095966339111328e+01,-5.397977828979492188e+00,-5.173911571502685547e+00,-9.387341499328613281e+00,-1.100133705139160156e+01
-1.444509410858154297e+01,-5.371542930603027344e+00,-5.345562458038330078e+00,-1.075650882720947266e+01,-1.127276229858398438e+01
-1.403289508819580078e+01,-5.577792167663574219e+00,-4.985268115997314453e+00,-1.112020397186279297e+01,-1.035545730590820312e+01
-1.304290676116943359e+01,-5.943057060241699219e+00,-4.913706302642822266e+00,-8.784229278564453125e+00,-9.527630805969238281e+00
-1.215744686126708984e+01,-5.133881568908691406e+00,-6.209262371063232422e+00,-1.059250068664550781e+01,-9.413156509399414062e+00
-1.315359020233154297e+01,-5.255434036254882812e+00,-6.025639533996582031e+00,-1.023839473724365234e+01,-8.723381042480468750e+00
-1.324987602233886719e+01,-5.349470138549804688e+00,-6.145192623138427734e+00,-1.084980869293212891e+01,-9.199918746948242188e+00
-1.415653705596923828e+01,-5.352169990539550781e+00,-6.244151115417480469e+00,-1.127504539489746094e+01,-1.028252792358398438e+01
-1.415332126617431641e+01,-5.833265304565429688e+00,-5.275973796844482422e+00,-1.217172050476074219e+01,-1.010814857482910156e+01
-5.146277904510498047e+00,-5.777980804443359375e+00,-4.624473094940185547e+00,-3.541628122329711914e+00,-3.741091728210449219e+00
-1.414804267883300781e+01,-5.662616252899169922e+00,-5.354694366455078125e+00,-1.179677772521972656e+01,-1.028164196014404297e+01
-1.437437534332275391e+01,-5.823672294616699219e+00,-5.237794399261474609e+00,-1.150429534912109375e+01,-1.043188667297363281e+01
-5.324077129364013672e+00,-5.695010662078857422e+00,-4.633607387542724609e+00,-3.708813905715942383e+00,-3.885237216949462891e+00
-1.445908641815185547e+01,-6.169437408447265625e+00,-4.965640544891357422e+00,-1.201192855834960938e+01,-1.076889801025390625e+01
-1.385083293914794922e+01,-6.236799240112304688e+00,-5.007810115814208984e+00,-1.181438159942626953e+01,-1.050030708312988281e+01
-1.423804855346679688e+01,-5.971582412719726562e+00,-5.168748378753662109e+00,-1.161160087585449219e+01,-1.061434745788574219e+01
-1.452779483795166016e+01,-5.831809520721435547e+00,-5.087503910064697266e+00,-1.192532730102539062e+01,-1.108871269226074219e+01
-1.400461101531982422e+01,-6.151395320892333984e+00,-5.050684452056884766e+00,-1.105781173706054688e+01,-1.066241836547851562e+01
-5.136383533477783203e+00,-5.781453132629394531e+00,-4.625977993011474609e+00,-3.526535987854003906e+00,-3.729867935180664062e+00
-1.384317016601562500e+01,-6.838258266448974609e+00,-5.058551311492919922e+00,-1.061556339263916016e+01,-1.085842704772949219e+01
-5.063293933868408203e+00,-5.820539474487304688e+00,-4.623087882995605469e+00,-3.455495119094848633e+00,-3.669855594635009766e+00
-1.360081768035888672e+01,-6.582254886627197266e+00,-5.037183284759521484e+00,-1.042775154113769531e+01,-1.084779357910156250e+01
-1.346857547760009766e+01,-6.527100086212158203e+00,-4.942042350769042969e+00,-1.101536369323730469e+01,-1.084726142883300781e+01
-5.073502063751220703e+00,-5.814608573913574219e+00,-4.623286724090576172e+00,-3.465523958206176758e+00,-3.678624629974365234e+00
-1.407236766815185547e+01,-6.705928802490234375e+00,-5.027380943298339844e+00,-1.063874816894531250e+01,-1.104339027404785156e+01
-1.342424488067626953e+01,-6.463041305541992188e+00,-5.090987682342529297e+00,-1.053430175781250000e+01,-1.127719879150390625e+01
-1.356155681610107422e+01,-6.348603248596191406e+00,-5.170862674713134766e+00,-1.106539154052734375e+01,-1.162330436706542969e+01
-5.362745761871337891e+00,-5.679992675781250000e+00,-4.638144969940185547e+00,-3.747393369674682617e+00,-3.952315568923950195e+00
-1.380553627014160156e+01,-6.084501266479492188e+00,-5.085660457611083984e+00,-1.083628273010253906e+01,-1.153201293945312500e+01
-1.301013851165771484e+01,-6.122264862060546875e+00,-5.035878658294677734e+00,-7.527685165405273438e+00,-1.041799354553222656e+01
-1.397188854217529297e+01,-5.938302993774414062e+00,-4.946484088897705078e+00,-1.020546340942382812e+01,-1.160726737976074219e+01
-1.399276828765869141e+01,-6.121981620788574219e+00,-5.117675304412841797e+00,-1.076193141937255859e+01,-1.164599990844726562e+01
-1.445329380035400391e+01,-5.793229103088378906e+00,-5.257724285125732422e+00,-1.201703453063964844e+01,-1.163372421264648438e+01
-1.445786380767822266e+01,-5.458532333374023438e+00,-5.296207427978515625e+00,-1.214591884613037109e+01,-1.153628349304199219e+01
-1.528933238983154297e+01,-5.519810676574707031e+00,-5.596739768981933594e+00,-1.143478775024414062e+01,-1.189288330078125000e+01
-6.364425182342529297e+00,-5.427584648132324219e+00,-4.711333274841308594e+00,-4.760288238525390625e+00,-4.882456302642822266e+00
-1.486787319183349609e+01,-5.584802627563476562e+00,-5.320866584777832031e+00,-1.113488388061523438e+01,-1.190242958068847656e+01
-1.365589618682861328e+01,-5.915753364562988281e+00,-5.110832691192626953e+00,-1.006251049041748047e+01,-1.155182743072509766e+01
-1.394957065582275391e+01,-5.911888122558593750e+00,-5.057646751403808594e+00,-1.050615882873535156e+01,-1.174166679382324219e+01
-1.418474292755126953e+01,-6.280818939208984375e+00,-5.162450313568115234e+00,-9.350467681884765625e+00,-1.148317718505859375e+01
-1.378800487518310547e+01,-6.495711326599121094e+00,-5.072093486785888672e+00,-8.931316375732421875e+00,-1.145444679260253906e+01
-6.768609523773193359e+00,-5.364054679870605469e+00,-4.755696296691894531e+00,-5.203328132629394531e+00,-5.384018898010253906e+00
-1.466346073150634766e+01,-5.916590690612792969e+00,-5.151521205902099609e+00,-9.643364906311035156e+00,-1.198219680786132812e+01
-1.479178714752197266e+01,-6.165734291076660156e+00,-5.039054393768310547e+00,-9.483176231384277344e+00,-1.182428169250488281e+01
-1.452975940704345703e+01,-6.265644073486328125e+00,-5.136498451232910156e+00,-9.058679580688476562e+00,-1.167050933837890625e+01
-1.498473358154296875e+01,-5.622378349304199219e+00,-5.400062084197998047e+00,-1.007039165496826172e+01,-1.231840515136718750e+01
-1.500472450256347656e+01,-5.235726833343505859e+00,-6.211801528930664062e+00,-9.925198554992675781e+00,-1.258641338348388672e+01
-1.402318382263183594e+01,-5.170051574707031250e+00,-5.759280204772949219e+00,-9.563314437866210938e+00,-1.177396965026855469e+01
-1.445951175689697266e+01,-5.254145622253417969e+00,-6.512017250061035156e+00,-1.182547760009765625e+01,-1.234149169921875000e+01
-1.576361179351806641e+01,-5.211008071899414062e+00,-8.258916854858398438e+00,-1.241361808776855469e+01,-1.345436477661132812e+01
-1.479369831085205078e+01,-5.133952140808105469e+00,-7.007746219635009766e+00,-1.187753963470458984e+01,-1.275661659240722656e+01
-1.480436420440673828e+01,-5.143087863922119141e+00,-8.348764419555664062e+00,-1.240113735198974609e+01,-1.249012947082519531e+01
-1.517570400238037109e+01,-5.135330200195312500e+00,-8.576720237731933594e+00,-1.207175159454345703e+01,-1.274555015563964844e+01
-1.482911586761474609e+01,-5.140216827392578125e+00,-8.553228378295898438e+00,-1.234940910339355469e+01,-1.267522239685058594e+01
-1.477431488037109375e+01,-5.102752685546875000e+00,-8.583490371704101562e+00,-1.205923080444335938e+01,-1.240535926818847656e+01
-1.435674858093261719e+01,-5.125874519348144531e+00,-8.656911849975585938e+00,-1.200052833557128906e+01,-1.207040214538574219e+01
-1.463576221466064453e+01,-5.134877204895019531e+00,-8.692621231079101562e+00,-1.181258964538574219e+01,-1.184757137298583984e+01
-1.462010860443115234e+01,-5.152163505554199219e+00,-8.066240310668945312e+00,-1.141615676879882812e+01,-1.130603599548339844e+01
-1.509293079376220703e+01,-5.098000526428222656e+00,-9.266466140747070312e+00,-1.199295234680175781e+01,-1.245563316345214844e+01
-1.531388950347900391e+01,-5.172720909118652344e+00,-9.313632965087890625e+00,-1.188096904754638672e+01,-1.228487205505371094e+01
-1.515477180480957031e+01,-5.193257808685302734e+00,-9.035058975219726562e+00,-1.210746383666992188e+01,-1.211213397979736328e+01
-1.464790916442871094e+01,-5.166088104248046875e+00,-9.270069122314453125e+00,-1.212509346008300781e+01,-1.231354522705078125e+01
-1.448473453521728516e+01,-5.131578445434570312e+00,-9.437803268432617188e+00,-1.221842193603515625e+01,-1.222000122070312500e+01
-1.426975345611572266e+01,-5.071819305419921875e+00,-8.349428176879882812e+00,-1.144765090942382812e+01,-1.121568965911865234e+01
-1.468210124969482422e+01,-5.134374618530273438e+00,-8.946060180664062500e+00,-1.147476196289062500e+01,-1.146537017822265625e+01
-1.500412654876708984e+01,-5.142253875732421875e+00,-8.764180183410644531e+00,-1.143677330017089844e+01,-1.173081398010253906e+01
-1.537477016448974609e+01,-5.092698097229003906e+00,-9.405736923217773438e+00,-1.167783546447753906e+01,-1.257770061492919922e+01
-1.469020748138427734e+01,-5.060592174530029297e+00,-8.038846969604492188e+00,-1.178913974761962891e+01,-1.175785255432128906e+01
-1.462208938598632812e+01,-5.067080974578857422e+00,-7.676933288574218750e+00,-1.174410629272460938e+01,-1.162490653991699219e+01
-1.533724403381347656e+01,-5.056379318237304688e+00,-8.329732894897460938e+00,-1.140051651000976562e+01,-1.236850929260253906e+01
-1.614186286926269531e+01,-5.058300495147705078e+00,-8.780998229980468750e+00,-1.073619461059570312e+01,-1.307787132263183594e+01
-1.649765586853027344e+01,-5.035304069519042969e+00,-7.841974258422851562e+00,-1.042888545989990234e+01,-1.330748558044433594e+01
-1.444294548034667969e+01,-4.786897182464599609e+00,-9.066141128540039062e+00,-8.297189712524414062e+00,-1.260996818542480469e+01
-1.154271984100341797e+01,-4.845946311950683594e+00,-5.704741954803466797e+00,-7.187473297119140625e+00,-7.703661441802978516e+00
-1.497517108917236328e+01,-5.138833999633789062e+00,-5.791470527648925781e+00,-1.094430351257324219e+01,-1.133246421813964844e+01
-1.560392284393310547e+01,-5.194819450378417969e+00,-5.712749004364013672e+00,-1.088792800903320312e+01,-1.196783828735351562e+01
-1.585574626922607422e+01,-5.262413978576660156e+00,-5.403817653656005859e+00,-1.067966842651367188e+01,-1.183737564086914062e+01
-1.542246913909912109e+01,-5.319571018218994141e+00,-5.357764244079589844e+00,-1.044856834411621094e+01,-1.179233360290527344e+01
-1.555433082580566406e+01,-5.326017856597900391e+00,-5.729759693145751953e+00,-1.013436222076416016e+01,-1.190692710876464844e+01
-1.555486392974853516e+01,-5.152585029602050781e+00,-6.336452007293701172e+00,-1.035640335083007812e+01,-1.172625446319580078e+01
-1.492375087738037109e+01,-5.294688224792480469e+00,-6.082568168640136719e+00,-1.177649497985839844e+01,-1.159559631347656250e+01
-1.542416286468505859e+01,-5.294248580932617188e+00,-6.161770820617675781e+00,-1.179990005493164062e+01,-1.221439933776855469e+01
-1.550864696502685547e+01,-5.295261383056640625e+00,-6.300362586975097656e+00,-1.193542194366455078e+01,-1.223514938354492188e+01
-1.513909053802490234e+01,-5.332721710205078125e+00,-6.581388473510742188e+00,-1.200193214416503906e+01,-1.216931915283203125e+01
-1.497026920318603516e+01,-5.496357440948486328e+00,-6.214584350585937500e+00,-1.215909290313720703e+01,-1.213026428222656250e+01
-1.511969566345214844e+01,-5.545853614807128906e+00,-5.855968475341796875e+00,-1.208093833923339844e+01,-1.209833717346191406e+01
-1.548717975616455078e+01,-5.512284755706787109e+00,-5.882179737091064453e+00,-1.123345375061035156e+01,-1.166289329528808594e+01
-1.552047634124755859e+01,-5.627023696899414062e+00,-6.006363391876220703e+00,-1.125370502471923828e+01,-1.168311882019042969e+01
-1.527838802337646484e+01,-5.764974594116210938e+00,-5.731860637664794922e+00,-1.140072154998779297e+01,-1.143287849426269531e+01
-1.464463043212890625e+01,-6.200242042541503906e+00,-5.312278270721435547e+00,-1.124952125549316406e+01,-1.052439117431640625e+01
-1.433015918731689453e+01,-6.530899047851562500e+00,-5.328590869903564453e+00,-1.082560729980468750e+01,-1.027185344696044922e+01
-1.389273357391357422e+01,-6.570718765258789062e+00,-5.313467502593994141e+00,-1.035165214538574219e+01,-9.655731201171875000e+00
-1.484647274017333984e+01,-6.028128623962402344e+00,-5.529866695404052734e+00,-1.112746715545654297e+01,-1.090635204315185547e+01
-1.480549526214599609e+01,-6.341840744018554688e+00,-5.285803318023681641e+00,-1.121361255645751953e+01,-1.113967514038085938e+01
-1.387247180938720703e+01,-7.247710227966308594e+00,-5.077875614166259766e+00,-1.059277248382568359e+01,-1.019943618774414062e+01
-1.335671138763427734e+01,-7.756567001342773438e+00,-5.193304538726806641e+00,-1.065409469604492188e+01,-1.011438751220703125e+01
-1.309961223602294922e+01,-6.730422019958496094e+00,-5.147597789764404297e+00,-1.139812660217285156e+01,-1.003554534912109375e+01
-1.242918491363525391e+01,-7.012297153472900391e+00,-5.158505439758300781e+00,-1.070783042907714844e+01,-8.950599670410156250e+00
-1.313094139099121094e+01,-6.057522296905517578e+00,-5.393960475921630859e+00,-1.129932594299316406e+01,-9.690737724304199219e+00
-1.275726413726806641e+01,-6.603582859039306641e+00,-5.121123313903808594e+00,-1.113641357421875000e+01,-9.256853103637695312e+00
-1.339119052886962891e+01,-6.290644645690917969e+00,-5.246558666229248047e+00,-1.130953025817871094e+01,-9.844404220581054688e+00
-1.343017292022705078e+01,-6.214740753173828125e+00,-5.358460903167724609e+00,-1.132888412475585938e+01,-9.714863777160644531e+00
-1.330075359344482422e+01,-6.221535682678222656e+00,-5.376644134521484375e+00,-1.135589981079101562e+01,-9.734049797058105469e+00
-1.315883922576904297e+01,-7.591426849365234375e+00,-5.227708339691162109e+00,-1.114909744262695312e+01,-9.752984046936035156e+00
-1.313356494903564453e+01,-8.153138160705566406e+00,-5.200025081634521484e+00,-9.885614395141601562e+00,-9.711601257324218750e+00
-1.359152507781982422e+01,-7.209014415740966797e+00,-5.173022747039794922e+00,-9.585426330566406250e+00,-9.531433105468750000e+00
-1.278751850128173828e+01,-7.802658081054687500e+00,-5.148218631744384766e+00,-1.050078296661376953e+01,-8.946100234985351562e+00
-1.316619205474853516e+01,-7.554057598114013672e+00,-5.165277481079101562e+00,-1.129833030700683594e+01,-9.035423278808593750e+00
-1.313370990753173828e+01,-6.627846717834472656e+00,-5.218063831329345703e+00,-1.146876144409179688e+01,-8.982658386230468750e+00
-1.269727993011474609e+01,-5.964334487915039062e+00,-5.228750705718994141e+00,-1.104827690124511719e+01,-9.162822723388671875e+00
-1.472917461395263672e+01,-7.066670894622802734e+00,-5.122702598571777344e+00,-9.755260467529296875e+00,-9.543525695800781250e+00
-1.463798046112060547e+01,-7.945450782775878906e+00,-5.291611194610595703e+00,-8.972393035888671875e+00,-9.282045364379882812e+00
-1.410462856292724609e+01,-7.018983840942382812e+00,-5.122536182403564453e+00,-1.051949119567871094e+01,-8.857692718505859375e+00
-1.284988498687744141e+01,-6.090798377990722656e+00,-5.142461776733398438e+00,-1.049456977844238281e+01,-8.548709869384765625e+00
-1.402375507354736328e+01,-6.464079856872558594e+00,-5.094088554382324219e+00,-1.146624183654785156e+01,-9.386770248413085938e+00
-1.387826251983642578e+01,-6.555526733398437500e+00,-5.088975906372070312e+00,-1.173370456695556641e+01,-9.221562385559082031e+00
-1.440232753753662109e+01,-6.730866432189941406e+00,-5.190552234649658203e+00,-1.142580318450927734e+01,-9.555770874023437500e+00
-1.442911148071289062e+01,-7.102279186248779297e+00,-5.230281829833984375e+00,-1.137961578369140625e+01,-9.582309722900390625e+00
-1.465575695037841797e+01,-8.089607238769531250e+00,-5.329424381256103516e+00,-1.046121978759765625e+01,-9.610950469970703125e+00
-1.467331027984619141e+01,-8.287285804748535156e+00,-5.376126289367675781e+00,-1.093446922302246094e+01,-9.644290924072265625e+00
-1.415204524993896484e+01,-8.044190406799316406e+00,-5.331278324127197266e+00,-1.128143119812011719e+01,-9.161359786987304688e+00
-1.376532268524169922e+01,-8.174707412719726562e+00,-5.345005512237548828e+00,-1.125770092010498047e+01,-9.234298706054687500e+00
-1.479496192932128906e+01,-7.833076953887939453e+00,-5.281001091003417969e+00,-1.156853294372558594e+01,-1.008751106262207031e+01
-1.401027011871337891e+01,-8.504405975341796875e+00,-5.325920581817626953e+00,-1.080789375305175781e+01,-9.241880416870117188e+00
-1.372883319854736328e+01,-7.752022743225097656e+00,-5.154770851135253906e+00,-8.837532043457031250e+00,-8.539871215820312500e+00
-1.345651531219482422e+01,-7.288379669189453125e+00,-5.020717144012451172e+00,-8.184928894042968750e+00,-7.911075592041015625e+00
-1.381169795989990234e+01,-7.216545104980468750e+00,-5.064457416534423828e+00,-9.256335258483886719e+00,-9.006567001342773438e+00
-1.357611179351806641e+01,-8.771949768066406250e+00,-5.242908000946044922e+00,-1.021753501892089844e+01,-9.374926567077636719e+00
-1.331265163421630859e+01,-9.227899551391601562e+00,-5.246665954589843750e+00,-1.008235740661621094e+01,-8.868494033813476562e+00
-1.365622425079345703e+01,-8.792248725891113281e+00,-5.310597896575927734e+00,-1.050032234191894531e+01,-8.913561820983886719e+00
-1.392896175384521484e+01,-9.036688804626464844e+00,-5.326206684112548828e+00,-9.053750038146972656e+00,-9.608099937438964844e+00
-1.299361133575439453e+01,-9.236703872680664062e+00,-5.333311080932617188e+00,-7.295934677124023438e+00,-9.566307067871093750e+00
-1.419785213470458984e+01,-8.980680465698242188e+00,-5.192984104156494141e+00,-8.649055480957031250e+00,-9.771196365356445312e+00
-1.431866359710693359e+01,-8.685652732849121094e+00,-5.176301956176757812e+00,-8.396228790283203125e+00,-9.474735260009765625e+00
-1.416897678375244141e+01,-8.377180099487304688e+00,-5.078180789947509766e+00,-7.981287956237792969e+00,-9.195747375488281250e+00
-1.369454193115234375e+01,-6.617972373962402344e+00,-4.981833934783935547e+00,-9.923051834106445312e+00,-7.912183284759521484e+00
-1.255246639251708984e+01,-5.865702629089355469e+00,-5.182581424713134766e+00,-1.161852073669433594e+01,-5.955236434936523438e+00
-1.342785835266113281e+01,-6.308377265930175781e+00,-5.095940113067626953e+00,-1.194735908508300781e+01,-7.212086200714111328e+00
-1.365470600128173828e+01,-6.645924091339111328e+00,-5.121588230133056641e+00,-1.163072013854980469e+01,-7.654098033905029297e+00
-1.321465396881103516e+01,-6.720062255859375000e+00,-5.153497219085693359e+00,-1.147708225250244141e+01,-6.310546398162841797e+00
-1.275175952911376953e+01,-6.842682838439941406e+00,-5.106327533721923828e+00,-1.116417503356933594e+01,-4.788871765136718750e+00
-1.271898651123046875e+01,-7.298884391784667969e+00,-5.051600933074951172e+00,-1.091819381713867188e+01,-4.933673858642578125e+00
-1.259859371185302734e+01,-7.347182273864746094e+00,-5.074958324432373047e+00,-1.123169517517089844e+01,-5.383942604064941406e+00
-1.280191898345947266e+01,-7.303817272186279297e+00,-5.104644298553466797e+00,-1.061042785644531250e+01,-7.567882537841796875e+00
-1.302486896514892578e+01,-7.394173622131347656e+00,-5.017817497253417969e+00,-1.028951168060302734e+01,-8.108522415161132812e+00
-1.331637954711914062e+01,-7.562397003173828125e+00,-5.006372928619384766e+00,-1.014919281005859375e+01,-7.530612468719482422e+00
-1.285726261138916016e+01,-6.983566284179687500e+00,-4.940197944641113281e+00,-8.269429206848144531e+00,-7.989302158355712891e+00
-1.295589923858642578e+01,-7.038027763366699219e+00,-4.987042903900146484e+00,-1.029134941101074219e+01,-8.262420654296875000e+00
-1.287575244903564453e+01,-6.538673877716064453e+00,-5.068548202514648438e+00,-9.905643463134765625e+00,-7.816709995269775391e+00
-1.314821434020996094e+01,-6.469533443450927734e+00,-5.109319686889648438e+00,-1.005602264404296875e+01,-8.701663970947265625e+00
-1.288692951202392578e+01,-6.326535701751708984e+00,-5.149716377258300781e+00,-9.782203674316406250e+00,-8.875427246093750000e+00
-1.285946273803710938e+01,-6.406434535980224609e+00,-5.126147270202636719e+00,-1.032590675354003906e+01,-8.409967422485351562e+00
-1.135951805114746094e+01,-6.610243797302246094e+00,-5.032756328582763672e+00,-1.028131198883056641e+01,-5.817477703094482422e+00
-1.132196331024169922e+01,-6.739121913909912109e+00,-4.951841831207275391e+00,-9.529796600341796875e+00,-5.230199337005615234e+00
-1.280843448638916016e+01,-6.632251739501953125e+00,-4.975225448608398438e+00,-9.509745597839355469e+00,-7.808344364166259766e+00
-1.322062969207763672e+01,-7.438492774963378906e+00,-5.053329467773437500e+00,-8.561976432800292969e+00,-7.537082195281982422e+00
-1.286787223815917969e+01,-6.702429294586181641e+00,-4.903309345245361328e+00,-9.580857276916503906e+00,-7.172684192657470703e+00
-1.110148525238037109e+01,-6.314392566680908203e+00,-4.952542304992675781e+00,-9.813247680664062500e+00,-6.653460025787353516e+00
-1.093323993682861328e+01,-6.366234779357910156e+00,-4.916002273559570312e+00,-1.175800895690917969e+01,-6.671245098114013672e+00
-1.147665691375732422e+01,-6.157411098480224609e+00,-4.864513874053955078e+00,-9.642721176147460938e+00,-6.041453361511230469e+00
-1.235332584381103516e+01,-6.700603961944580078e+00,-4.906583309173583984e+00,-9.147630691528320312e+00,-6.740129947662353516e+00
-1.254854297637939453e+01,-6.563796997070312500e+00,-4.788439750671386719e+00,-1.048996162414550781e+01,-7.418369770050048828e+00
-1.296207141876220703e+01,-6.508069515228271484e+00,-4.918546199798583984e+00,-9.958904266357421875e+00,-7.763470649719238281e+00
-1.259176063537597656e+01,-6.214668750762939453e+00,-4.935595512390136719e+00,-9.588595390319824219e+00,-7.324924468994140625e+00
-1.275460720062255859e+01,-7.110871791839599609e+00,-5.011449813842773438e+00,-7.608898162841796875e+00,-7.674826622009277344e+00
-1.154894161224365234e+01,-8.183046340942382812e+00,-4.988289356231689453e+00,-4.852590560913085938e+00,-6.679652214050292969e+00
-4.447691887617111206e-02,-5.887538909912109375e+00,-4.043672084808349609e+00,-5.784884452819824219e+00,-2.704204916954040527e-01
