-1.468663215637207031e+01,-4.646188735961914062e+00,-8.213481903076171875e+00,-1.214988327026367188e+01,-8.013206481933593750e+00
-1.506542491912841797e+01,-4.704897880554199219e+00,-7.467660903930664062e+00,-1.206933403015136719e+01,-9.083803176879882812e+00
-1.492486286163330078e+01,-6.110438346862792969e+00,-5.498024463653564453e+00,-8.716943740844726562e+00,-7.881325721740722656e+00
-1.716179275512695312e+01,-4.601816177368164062e+00,-9.422727584838867188e+00,-1.367193412780761719e+01,-1.345086097717285156e+01
-1.779899215698242188e+01,-4.584440231323242188e+00,-7.732166767120361328e+00,-1.306816291809082031e+01,-1.254028892517089844e+01
-1.640800476074218750e+01,-4.619478225708007812e+00,-8.879689216613769531e+00,-1.252738571166992188e+01,-1.165852355957031250e+01
-1.309615993499755859e+01,-5.305696487426757812e+00,-6.274567604064941406e+00,-9.075584411621093750e+00,-5.651431083679199219e+00
-1.455292797088623047e+01,-5.082524299621582031e+00,-6.365532398223876953e+00,-9.530372619628906250e+00,-7.561324119567871094e+00
-1.875238037109375000e+01,-4.685583114624023438e+00,-9.211942672729492188e+00,-1.401691246032714844e+01,-1.449466514587402344e+01
-1.973292541503906250e+01,-4.705867767333984375e+00,-9.868902206420898438e+00,-1.478623390197753906e+01,-1.552681541442871094e+01
-1.868514060974121094e+01,-4.715994834899902344e+00,-8.450676918029785156e+00,-1.424423408508300781e+01,-1.248547458648681641e+01
-1.794531250000000000e+01,-4.652195930480957031e+00,-7.626101016998291016e+00,-1.444905853271484375e+01,-1.272522640228271484e+01
-1.803458595275878906e+01,-4.625617504119873047e+00,-7.469118118286132812e+00,-1.359948158264160156e+01,-1.377936363220214844e+01
-1.799531936645507812e+01,-4.701411247253417969e+00,-7.100976943969726562e+00,-1.330731582641601562e+01,-1.332316207885742188e+01
-1.493520641326904297e+01,-6.099078178405761719e+00,-5.497571468353271484e+00,-8.755132675170898438e+00,-7.901761531829833984e+00
-1.851979446411132812e+01,-4.756171226501464844e+00,-8.077713966369628906e+00,-1.307415008544921875e+01,-1.389841175079345703e+01
-1.880792427062988281e+01,-4.725352287292480469e+00,-7.968114376068115234e+00,-1.295762825012207031e+01,-1.464221000671386719e+01
-1.577472972869873047e+01,-4.945199012756347656e+00,-6.962052822113037109e+00,-1.166272449493408203e+01,-1.038346004486083984e+01
-1.640699768066406250e+01,-4.698753356933593750e+00,-8.937514305114746094e+00,-1.311161994934082031e+01,-1.210571861267089844e+01
-1.563625812530517578e+01,-4.817812919616699219e+00,-8.031819343566894531e+00,-1.273782157897949219e+01,-1.092211627960205078e+01
-1.202802658081054688e+01,-5.664039611816406250e+00,-7.037519931793212891e+00,-8.053138732910156250e+00,-3.831698417663574219e+00
-1.499806690216064453e+01,-6.104339599609375000e+00,-5.501669406890869141e+00,-8.769990921020507812e+00,-7.959678649902343750e+00
-1.516721248626708984e+01,-4.821651458740234375e+00,-8.452733039855957031e+00,-1.224994468688964844e+01,-9.578722000122070312e+00
-1.364245510101318359e+01,-5.396993160247802734e+00,-6.233089447021484375e+00,-9.265711784362792969e+00,-5.562227249145507812e+00
-1.498517799377441406e+01,-6.108565330505371094e+00,-5.499004840850830078e+00,-8.756097793579101562e+00,-7.940572261810302734e+00
-1.806671142578125000e+01,-4.709324836730957031e+00,-7.607796669006347656e+00,-1.318283271789550781e+01,-1.343191337585449219e+01
-1.894014930725097656e+01,-4.645205974578857422e+00,-8.451200485229492188e+00,-1.328168678283691406e+01,-1.477279472351074219e+01
-1.926932716369628906e+01,-4.536277770996093750e+00,-8.968139648437500000e+00,-1.363957595825195312e+01,-1.489342117309570312e+01
-1.917432785034179688e+01,-4.503777980804443359e+00,-8.834400177001953125e+00,-1.384369659423828125e+01,-1.304235553741455078e+01
-1.892163467407226562e+01,-4.511703491210937500e+00,-7.726458549499511719e+00,-1.303632354736328125e+01,-1.199827671051025391e+01
-1.815317916870117188e+01,-4.635606765747070312e+00,-7.691124916076660156e+00,-1.244689750671386719e+01,-1.055239295959472656e+01
-1.881607055664062500e+01,-4.552522659301757812e+00,-8.288154602050781250e+00,-1.128596878051757812e+01,-1.095501613616943359e+01
-1.933730697631835938e+01,-4.457466125488281250e+00,-9.242397308349609375e+00,-1.002665901184082031e+01,-1.211664199829101562e+01
-1.882574081420898438e+01,-4.603083610534667969e+00,-7.235500335693359375e+00,-9.032527923583984375e+00,-1.061119651794433594e+01
-1.884438514709472656e+01,-4.777389049530029297e+00,-6.713335037231445312e+00,-1.013410568237304688e+01,-1.083943939208984375e+01
-1.491086673736572266e+01,-6.109660148620605469e+00,-5.497764110565185547e+00,-8.713348388671875000e+00,-7.867625236511230469e+00
-1.594898128509521484e+01,-5.417523384094238281e+00,-6.128384113311767578e+00,-1.025572204589843750e+01,-8.206892013549804688e+00
-1.421747398376464844e+01,-5.924846649169921875e+00,-5.546411037445068359e+00,-7.455853939056396484e+00,-5.763272285461425781e+00
-1.809909248352050781e+01,-4.704511642456054688e+00,-7.003265380859375000e+00,-1.190204811096191406e+01,-1.272242164611816406e+01
-1.694324493408203125e+01,-4.765366554260253906e+00,-7.069631099700927734e+00,-8.810153007507324219e+00,-1.198318386077880859e+01
-2.027504730224609375e+01,-4.906829357147216797e+00,-6.154750823974609375e+00,-1.338898277282714844e+01,-1.366611099243164062e+01
-2.030418205261230469e+01,-4.975322246551513672e+00,-6.095937728881835938e+00,-1.346895027160644531e+01,-1.368900680541992188e+01
-1.946063041687011719e+01,-4.787482738494873047e+00,-6.471188068389892578e+00,-1.267377281188964844e+01,-1.196804618835449219e+01
-1.999770355224609375e+01,-4.858720779418945312e+00,-6.073866367340087891e+00,-1.318946647644042969e+01,-1.235661125183105469e+01
-1.983740234375000000e+01,-4.767621994018554688e+00,-6.611144065856933594e+00,-1.366943931579589844e+01,-1.390734100341796875e+01
-2.104480552673339844e+01,-4.922440528869628906e+00,-6.271571636199951172e+00,-1.302983665466308594e+01,-1.441400623321533203e+01
-2.114050292968750000e+01,-5.242193222045898438e+00,-5.549999713897705078e+00,-1.316332626342773438e+01,-1.390558815002441406e+01
-2.108252143859863281e+01,-4.796744346618652344e+00,-6.027844905853271484e+00,-1.309457206726074219e+01,-1.403005123138427734e+01
-2.151987457275390625e+01,-4.908773422241210938e+00,-5.975516319274902344e+00,-1.391025543212890625e+01,-1.475476264953613281e+01
-2.060145568847656250e+01,-5.035918235778808594e+00,-5.693337440490722656e+00,-1.290630149841308594e+01,-1.450383377075195312e+01
-2.041436004638671875e+01,-5.171281814575195312e+00,-5.757460594177246094e+00,-1.326359367370605469e+01,-1.405076599121093750e+01
-1.916434669494628906e+01,-4.991272926330566406e+00,-6.290389537811279297e+00,-1.423437690734863281e+01,-1.210540103912353516e+01
-1.917909240722656250e+01,-4.769305229187011719e+00,-6.855910301208496094e+00,-1.494665908813476562e+01,-1.138834571838378906e+01
-1.936926460266113281e+01,-4.665964126586914062e+00,-7.394484519958496094e+00,-1.459102249145507812e+01,-1.199930381774902344e+01
-1.951270866394042969e+01,-4.656426429748535156e+00,-7.974850177764892578e+00,-1.391134262084960938e+01,-1.179912948608398438e+01
-1.948464965820312500e+01,-4.817711353302001953e+00,-6.708602428436279297e+00,-1.294762420654296875e+01,-1.155765819549560547e+01
-1.984781646728515625e+01,-4.957480907440185547e+00,-6.030190944671630859e+00,-1.246619224548339844e+01,-1.320341300964355469e+01
-2.020391082763671875e+01,-5.190375328063964844e+00,-5.502363681793212891e+00,-1.125827980041503906e+01,-1.293972015380859375e+01
-2.017715835571289062e+01,-5.515986919403076172e+00,-5.576954841613769531e+00,-1.283836555480957031e+01,-1.307769012451171875e+01
-2.062480163574218750e+01,-5.171965599060058594e+00,-5.880778789520263672e+00,-1.373186302185058594e+01,-1.379902458190917969e+01
-2.038064193725585938e+01,-4.984943389892578125e+00,-6.166298389434814453e+00,-1.419693565368652344e+01,-1.304056930541992188e+01
-2.075755691528320312e+01,-4.737086296081542969e+00,-6.846345901489257812e+00,-1.473587226867675781e+01,-1.329503059387207031e+01
-1.982884979248046875e+01,-5.119543075561523438e+00,-6.102367877960205078e+00,-1.506722640991210938e+01,-1.250286674499511719e+01
-1.930991363525390625e+01,-5.276276588439941406e+00,-5.956200122833251953e+00,-1.468462944030761719e+01,-1.203372192382812500e+01
-1.764390182495117188e+01,-5.407262802124023438e+00,-5.927597522735595703e+00,-1.493063354492187500e+01,-1.045870304107666016e+01
-1.879651641845703125e+01,-5.314906120300292969e+00,-6.003147602081298828e+00,-1.483150100708007812e+01,-1.317720413208007812e+01
-1.820682907104492188e+01,-4.787559986114501953e+00,-7.459608078002929688e+00,-1.450291252136230469e+01,-1.012350273132324219e+01
-1.922304725646972656e+01,-4.953300476074218750e+00,-6.850033760070800781e+00,-1.403032302856445312e+01,-1.178479003906250000e+01
-1.978728485107421875e+01,-4.919495582580566406e+00,-6.460284709930419922e+00,-1.384543609619140625e+01,-1.233872985839843750e+01
-2.008361053466796875e+01,-5.109349250793457031e+00,-6.019335746765136719e+00,-1.374416351318359375e+01,-1.275176334381103516e+01
-2.038205337524414062e+01,-5.075768470764160156e+00,-6.128245830535888672e+00,-1.435067176818847656e+01,-1.278743648529052734e+01
-2.057123756408691406e+01,-4.968330383300781250e+00,-6.348833560943603516e+00,-1.362592315673828125e+01,-1.321041870117187500e+01
-1.939141082763671875e+01,-4.991341114044189453e+00,-6.257314205169677734e+00,-1.324587059020996094e+01,-1.196964645385742188e+01
-1.658262825012207031e+01,-5.472764968872070312e+00,-5.797965526580810547e+00,-1.298165130615234375e+01,-9.167215347290039062e+00
-1.740585136413574219e+01,-5.404878616333007812e+00,-5.864783287048339844e+00,-1.288060188293457031e+01,-1.008584785461425781e+01
-1.753979873657226562e+01,-5.284610748291015625e+00,-5.796127796173095703e+00,-1.296488761901855469e+01,-9.498804092407226562e+00
-1.787993621826171875e+01,-5.062397956848144531e+00,-6.094398975372314453e+00,-1.358293342590332031e+01,-9.928869247436523438e+00
-1.739765739440917969e+01,-5.903917312622070312e+00,-5.504399299621582031e+00,-1.063856315612792969e+01,-8.871747970581054688e+00
-1.892259979248046875e+01,-4.873783111572265625e+00,-6.248392105102539062e+00,-1.282857322692871094e+01,-1.200992488861083984e+01
-1.994463539123535156e+01,-4.854104995727539062e+00,-6.119327068328857422e+00,-1.369773483276367188e+01,-1.344416713714599609e+01
-1.877260589599609375e+01,-5.321413993835449219e+00,-5.477221488952636719e+00,-1.448692893981933594e+01,-1.270576858520507812e+01
-1.951756286621093750e+01,-5.027400493621826172e+00,-5.981064796447753906e+00,-1.501244163513183594e+01,-1.356586647033691406e+01
-1.967673492431640625e+01,-4.864173889160156250e+00,-6.517841815948486328e+00,-1.478838729858398438e+01,-1.354488563537597656e+01
-2.041194343566894531e+01,-4.852255821228027344e+00,-6.136460781097412109e+00,-1.509422302246093750e+01,-1.383702278137207031e+01
-2.006339263916015625e+01,-5.085037231445312500e+00,-5.695814132690429688e+00,-1.497784805297851562e+01,-1.318103218078613281e+01
-2.049618721008300781e+01,-5.176804542541503906e+00,-5.568823337554931641e+00,-1.483003425598144531e+01,-1.342298507690429688e+01
-1.976495552062988281e+01,-4.773125648498535156e+00,-6.891601085662841797e+00,-1.441466331481933594e+01,-1.305441474914550781e+01
-2.120506286621093750e+01,-4.673896789550781250e+00,-6.785438060760498047e+00,-1.457843208312988281e+01,-1.498729991912841797e+01
-1.946822166442871094e+01,-4.676535606384277344e+00,-6.720954418182373047e+00,-1.445642662048339844e+01,-1.406258869171142578e+01
-1.969796180725097656e+01,-5.365833282470703125e+00,-5.517466068267822266e+00,-1.442312240600585938e+01,-1.265700149536132812e+01
-1.818426132202148438e+01,-5.957370758056640625e+00,-5.376600742340087891e+00,-1.311293792724609375e+01,-1.268016815185546875e+01
-1.876563644409179688e+01,-5.616055488586425781e+00,-5.458889484405517578e+00,-1.430547904968261719e+01,-1.291903209686279297e+01
-1.963111114501953125e+01,-4.985033035278320312e+00,-5.553425312042236328e+00,-1.292907142639160156e+01,-1.301430892944335938e+01
-1.972984504699707031e+01,-4.821484565734863281e+00,-6.053033351898193359e+00,-1.319464111328125000e+01,-1.338097572326660156e+01
-1.986462593078613281e+01,-4.690007686614990234e+00,-6.669327735900878906e+00,-1.412013053894042969e+01,-1.437265014648437500e+01
-1.940973663330078125e+01,-5.010209083557128906e+00,-6.022870540618896484e+00,-1.471702766418457031e+01,-1.410879707336425781e+01
-1.903094100952148438e+01,-5.920253753662109375e+00,-5.447085857391357422e+00,-1.528843879699707031e+01,-1.388264369964599609e+01
-1.894209861755371094e+01,-6.032886505126953125e+00,-5.593904972076416016e+00,-1.622119903564453125e+01,-1.401402664184570312e+01
-1.955204391479492188e+01,-6.069880485534667969e+00,-5.630213737487792969e+00,-1.501095962524414062e+01,-1.360804367065429688e+01
-1.898288345336914062e+01,-5.842149734497070312e+00,-5.766492366790771484e+00,-1.368753814697265625e+01,-1.340792083740234375e+01
-1.986777114868164062e+01,-5.503258705139160156e+00,-5.634866237640380859e+00,-1.348489952087402344e+01,-1.281570529937744141e+01
-2.044659423828125000e+01,-5.055796146392822266e+00,-5.861366271972656250e+00,-1.293697547912597656e+01,-1.387617874145507812e+01
-1.992783355712890625e+01,-5.906663417816162109e+00,-5.415082454681396484e+00,-1.220036315917968750e+01,-1.337334632873535156e+01
-1.911572074890136719e+01,-5.945403099060058594e+00,-5.410703182220458984e+00,-1.363287925720214844e+01,-1.011191844940185547e+01
-2.034085655212402344e+01,-5.468743324279785156e+00,-5.627169132232666016e+00,-1.311915206909179688e+01,-1.254726600646972656e+01
-1.918341445922851562e+01,-5.478531837463378906e+00,-5.564259052276611328e+00,-1.215577316284179688e+01,-1.253625297546386719e+01
-1.489503192901611328e+01,-6.109524726867675781e+00,-5.496996402740478516e+00,-8.712151527404785156e+00,-7.853503704071044922e+00
-1.784599113464355469e+01,-6.986013412475585938e+00,-5.141832828521728516e+00,-1.003856658935546875e+01,-1.215598964691162109e+01
-1.751825714111328125e+01,-7.052392959594726562e+00,-5.279123783111572266e+00,-1.202276611328125000e+01,-1.183525657653808594e+01
-1.735821151733398438e+01,-7.488471031188964844e+00,-5.481511116027832031e+00,-1.307197570800781250e+01,-1.021036148071289062e+01
-1.621963500976562500e+01,-8.321963310241699219e+00,-5.679872989654541016e+00,-1.227318000793457031e+01,-9.544663429260253906e+00
-1.621368789672851562e+01,-7.427002429962158203e+00,-5.598718643188476562e+00,-1.259323310852050781e+01,-9.090246200561523438e+00
-1.662743949890136719e+01,-6.917389869689941406e+00,-5.432336330413818359e+00,-1.180292892456054688e+01,-8.534657478332519531e+00
-1.600546073913574219e+01,-7.378837585449218750e+00,-5.193463325500488281e+00,-1.072952651977539062e+01,-7.794945716857910156e+00
-1.591617679595947266e+01,-7.729827880859375000e+00,-5.071186542510986328e+00,-8.649756431579589844e+00,-9.224410057067871094e+00
-1.491251373291015625e+01,-6.107039451599121094e+00,-5.496140480041503906e+00,-8.756004333496093750e+00,-7.872944355010986328e+00
-1.760002326965332031e+01,-8.329129219055175781e+00,-5.198570728302001953e+00,-8.698335647583007812e+00,-1.146924972534179688e+01
-1.775795555114746094e+01,-6.737514495849609375e+00,-5.391383647918701172e+00,-1.021723365783691406e+01,-1.147714805603027344e+01
-1.850829505920410156e+01,-6.605548858642578125e+00,-5.393009662628173828e+00,-1.228413391113281250e+01,-1.184795761108398438e+01
-1.945506286621093750e+01,-5.594290733337402344e+00,-5.929891586303710938e+00,-1.305671310424804688e+01,-1.341591453552246094e+01
-1.982139778137207031e+01,-5.473728179931640625e+00,-5.935982704162597656e+00,-1.314354705810546875e+01,-1.300743103027343750e+01
-1.930225181579589844e+01,-5.467789649963378906e+00,-5.927890300750732422e+00,-1.432241821289062500e+01,-1.266950607299804688e+01
-1.955651855468750000e+01,-5.338419914245605469e+00,-5.813652992248535156e+00,-1.368454742431640625e+01,-1.168002891540527344e+01
-1.938629150390625000e+01,-5.548362731933593750e+00,-5.620665550231933594e+00,-1.399119758605957031e+01,-1.141922569274902344e+01
-1.981642150878906250e+01,-6.224726676940917969e+00,-5.607777595520019531e+00,-1.248054885864257812e+01,-1.254170513153076172e+01
-2.018037414550781250e+01,-6.760288238525390625e+00,-5.599186420440673828e+00,-1.137080574035644531e+01,-1.160490798950195312e+01
-1.945414924621582031e+01,-7.964476585388183594e+00,-5.688040256500244141e+00,-1.045014572143554688e+01,-1.129932975769042969e+01
-1.933965873718261719e+01,-8.308607101440429688e+00,-5.631442070007324219e+00,-1.031714630126953125e+01,-1.021895217895507812e+01
-1.896333885192871094e+01,-8.438647270202636719e+00,-5.442988395690917969e+00,-1.041506385803222656e+01,-1.089975166320800781e+01
-1.781753540039062500e+01,-8.941488265991210938e+00,-5.477085590362548828e+00,-1.325966644287109375e+01,-1.063400459289550781e+01
-1.825308036804199219e+01,-7.934349060058593750e+00,-5.448677062988281250e+00,-1.435807228088378906e+01,-1.140153694152832031e+01
-1.718686676025390625e+01,-9.295740127563476562e+00,-5.676629066467285156e+00,-1.378013229370117188e+01,-1.000584030151367188e+01
-1.680127906799316406e+01,-9.216099739074707031e+00,-5.919770240783691406e+00,-1.270691299438476562e+01,-9.214223861694335938e+00
-1.755462265014648438e+01,-8.236874580383300781e+00,-5.717226505279541016e+00,-1.230362701416015625e+01,-1.003502464294433594e+01
-1.629395294189453125e+01,-6.502252578735351562e+00,-5.181929111480712891e+00,-1.088712882995605469e+01,-8.714300155639648438e+00
-1.571830940246582031e+01,-6.105383396148681641e+00,-5.508804798126220703e+00,-1.049139022827148438e+01,-8.690773963928222656e+00
-1.426931285858154297e+01,-7.373907089233398438e+00,-5.238786220550537109e+00,-7.205310821533203125e+00,-6.537489891052246094e+00
-1.688493919372558594e+01,-9.365589141845703125e+00,-5.343862533569335938e+00,-8.488515853881835938e+00,-8.294282913208007812e+00
-1.677651214599609375e+01,-8.642210006713867188e+00,-5.320273876190185547e+00,-1.086317825317382812e+01,-8.150877952575683594e+00
-1.699347305297851562e+01,-6.846385002136230469e+00,-5.526100158691406250e+00,-1.273280906677246094e+01,-8.903034210205078125e+00
-1.661151123046875000e+01,-6.570741653442382812e+00,-5.474832057952880859e+00,-1.294088745117187500e+01,-7.564889430999755859e+00
-1.728716659545898438e+01,-6.812666416168212891e+00,-5.405378341674804688e+00,-1.259132957458496094e+01,-8.431654930114746094e+00
-1.685712814331054688e+01,-6.055253982543945312e+00,-5.761233806610107422e+00,-1.240385055541992188e+01,-7.526855468750000000e+00
-1.738144874572753906e+01,-6.193813323974609375e+00,-5.488747119903564453e+00,-1.223862648010253906e+01,-7.306073188781738281e+00
-1.791705322265625000e+01,-7.116392612457275391e+00,-5.352195739746093750e+00,-1.205259323120117188e+01,-8.611655235290527344e+00
-1.692621421813964844e+01,-7.394617080688476562e+00,-5.381672382354736328e+00,-8.105525016784667969e+00,-6.746855735778808594e+00
-1.725289535522460938e+01,-9.357481002807617188e+00,-5.417168140411376953e+00,-6.611201763153076172e+00,-7.108403682708740234e+00
-1.635372543334960938e+01,-9.996715545654296875e+00,-5.223143577575683594e+00,-7.754046440124511719e+00,-6.387280941009521484e+00
-1.703577804565429688e+01,-9.316431045532226562e+00,-5.329201221466064453e+00,-1.056808662414550781e+01,-8.734844207763671875e+00
-1.698281669616699219e+01,-9.009491920471191406e+00,-5.343092918395996094e+00,-1.152102470397949219e+01,-9.277311325073242188e+00
-1.533310985565185547e+01,-9.314917564392089844e+00,-5.573380947113037109e+00,-1.293963813781738281e+01,-8.341227531433105469e+00
-1.478585243225097656e+01,-9.378355026245117188e+00,-5.713809490203857422e+00,-1.127509880065917969e+01,-8.257430076599121094e+00
-1.553008174896240234e+01,-7.990408420562744141e+00,-5.469428539276123047e+00,-1.139871215820312500e+01,-8.926035881042480469e+00
-1.520007324218750000e+01,-6.071524143218994141e+00,-5.477649211883544922e+00,-9.916254043579101562e+00,-8.433452606201171875e+00
-1.592425537109375000e+01,-8.602781295776367188e+00,-5.186672687530517578e+00,-9.899868011474609375e+00,-7.085281372070312500e+00
-1.621047973632812500e+01,-8.995502471923828125e+00,-5.163081645965576172e+00,-8.393626213073730469e+00,-7.312968730926513672e+00
-1.488273143768310547e+01,-6.109669685363769531e+00,-5.496345996856689453e+00,-8.710024833679199219e+00,-7.843016147613525391e+00
-1.482409000396728516e+01,-9.986633300781250000e+00,-5.290068626403808594e+00,-9.275620460510253906e+00,-6.841477394104003906e+00
-1.486334323883056641e+01,-9.166782379150390625e+00,-5.449246406555175781e+00,-1.025981712341308594e+01,-7.465737342834472656e+00
-1.541809272766113281e+01,-8.694358825683593750e+00,-5.518791675567626953e+00,-1.201868438720703125e+01,-8.775879859924316406e+00
-1.592731475830078125e+01,-8.326356887817382812e+00,-5.384017467498779297e+00,-1.180993652343750000e+01,-8.673633575439453125e+00
-1.539933967590332031e+01,-7.576268196105957031e+00,-5.053958415985107422e+00,-1.198774909973144531e+01,-1.006055355072021484e+01
-1.582312297821044922e+01,-7.132665634155273438e+00,-5.191806316375732422e+00,-1.033320999145507812e+01,-8.061410903930664062e+00
-1.509152698516845703e+01,-7.261322975158691406e+00,-5.225867748260498047e+00,-9.727415084838867188e+00,-7.839382171630859375e+00
-1.523268604278564453e+01,-6.781904220581054688e+00,-5.094407558441162109e+00,-1.079521942138671875e+01,-7.903157711029052734e+00
-1.557428264617919922e+01,-6.976730823516845703e+00,-5.255167484283447266e+00,-1.021119308471679688e+01,-9.230960845947265625e+00
-1.554212093353271484e+01,-7.228589057922363281e+00,-5.148872852325439453e+00,-9.985290527343750000e+00,-9.073778152465820312e+00
-1.627573585510253906e+01,-6.963077545166015625e+00,-5.054665565490722656e+00,-1.087693023681640625e+01,-1.079310798645019531e+01
-1.495071506500244141e+01,-6.111632347106933594e+00,-5.497884273529052734e+00,-8.760305404663085938e+00,-7.925716400146484375e+00
-1.671374702453613281e+01,-6.457352638244628906e+00,-5.224915504455566406e+00,-1.134250068664550781e+01,-1.142211914062500000e+01
-1.491947078704833984e+01,-6.109198570251464844e+00,-5.498074054718017578e+00,-8.739892959594726562e+00,-7.892858505249023438e+00
-1.686190986633300781e+01,-6.032306671142578125e+00,-5.305036067962646484e+00,-1.144779586791992188e+01,-1.251777839660644531e+01
-1.691639900207519531e+01,-6.269290924072265625e+00,-5.080237388610839844e+00,-1.121330451965332031e+01,-1.295926380157470703e+01
-1.634000396728515625e+01,-5.787563323974609375e+00,-5.122312068939208984e+00,-1.082228088378906250e+01,-1.291391468048095703e+01
-1.552215957641601562e+01,-5.829762458801269531e+00,-5.290599822998046875e+00,-9.723411560058593750e+00,-1.156466484069824219e+01
-1.523501300811767578e+01,-5.612500190734863281e+00,-5.392691135406494141e+00,-8.044741630554199219e+00,-1.080862140655517578e+01
-1.495500278472900391e+01,-5.667051315307617188e+00,-5.683693408966064453e+00,-5.740086555480957031e+00,-8.689992904663085938e+00
-1.740116882324218750e+01,-5.781039237976074219e+00,-5.253715515136718750e+00,-1.085796928405761719e+01,-1.246287536621093750e+01
-1.899240684509277344e+01,-6.578882217407226562e+00,-5.581193447113037109e+00,-1.434780883789062500e+01,-1.412665748596191406e+01
-1.904433059692382812e+01,-7.242695331573486328e+00,-5.788080215454101562e+00,-1.488016128540039062e+01,-1.457234954833984375e+01
-1.953661155700683594e+01,-6.426957130432128906e+00,-5.760894775390625000e+00,-1.283961868286132812e+01,-1.456762313842773438e+01
-1.925726699829101562e+01,-6.497600078582763672e+00,-5.793844699859619141e+00,-1.250733947753906250e+01,-1.449189567565917969e+01
-1.972029876708984375e+01,-5.797739028930664062e+00,-5.865009784698486328e+00,-1.177049636840820312e+01,-1.468049049377441406e+01
-1.922628211975097656e+01,-6.592114925384521484e+00,-5.670892238616943359e+00,-1.101596450805664062e+01,-1.422147655487060547e+01
-2.007803344726562500e+01,-5.812033653259277344e+00,-5.624660491943359375e+00,-1.209697341918945312e+01,-1.420814609527587891e+01
-1.944124603271484375e+01,-6.318239212036132812e+00,-5.501554012298583984e+00,-1.266920471191406250e+01,-1.379462623596191406e+01
-1.947212791442871094e+01,-6.815458774566650391e+00,-5.480223178863525391e+00,-1.072896003723144531e+01,-1.289326667785644531e+01
-1.944177627563476562e+01,-5.928564548492431641e+00,-5.633252620697021484e+00,-9.149833679199218750e+00,-1.279342842102050781e+01
-1.937464141845703125e+01,-6.353510379791259766e+00,-5.271530151367187500e+00,-9.307424545288085938e+00,-1.258140277862548828e+01
-1.924389839172363281e+01,-7.051001548767089844e+00,-5.159091472625732422e+00,-1.011498641967773438e+01,-1.385060882568359375e+01
-1.884285545349121094e+01,-8.026929855346679688e+00,-5.362119197845458984e+00,-1.084419250488281250e+01,-1.383911705017089844e+01
-1.821592330932617188e+01,-7.813556671142578125e+00,-5.599889755249023438e+00,-1.315894317626953125e+01,-1.405677223205566406e+01
-1.769368934631347656e+01,-9.085048675537109375e+00,-5.829290390014648438e+00,-1.263552665710449219e+01,-1.323120784759521484e+01
-1.771930122375488281e+01,-8.401502609252929688e+00,-5.877301692962646484e+00,-1.291292762756347656e+01,-1.274368095397949219e+01
-1.801594543457031250e+01,-6.447260379791259766e+00,-5.513491153717041016e+00,-1.197457313537597656e+01,-1.178875732421875000e+01
-1.873597145080566406e+01,-6.535429000854492188e+00,-5.402282238006591797e+00,-1.231063270568847656e+01,-1.235400676727294922e+01
-1.923920822143554688e+01,-6.622961521148681641e+00,-5.312016963958740234e+00,-9.943557739257812500e+00,-1.310177421569824219e+01
-1.927232360839843750e+01,-6.701713562011718750e+00,-5.361681461334228516e+00,-9.517024040222167969e+00,-1.375263977050781250e+01
-1.922706604003906250e+01,-6.391886234283447266e+00,-5.522601127624511719e+00,-7.958400726318359375e+00,-1.377125930786132812e+01
-1.992182922363281250e+01,-6.273324966430664062e+00,-5.522578716278076172e+00,-1.025282287597656250e+01,-1.458599662780761719e+01
-2.022690582275390625e+01,-6.267413139343261719e+00,-5.866290569305419922e+00,-1.248500823974609375e+01,-1.496852302551269531e+01
-2.042413330078125000e+01,-6.103859901428222656e+00,-6.026221275329589844e+00,-1.246063613891601562e+01,-1.469322872161865234e+01
-1.992061233520507812e+01,-6.267143249511718750e+00,-5.826433181762695312e+00,-1.221565628051757812e+01,-1.408956527709960938e+01
-1.977058792114257812e+01,-6.387239933013916016e+00,-5.608695507049560547e+00,-1.044520187377929688e+01,-1.343903255462646484e+01
-2.052170372009277344e+01,-5.547431945800781250e+00,-5.543117523193359375e+00,-1.074649238586425781e+01,-1.356500911712646484e+01
-1.989819717407226562e+01,-5.824440956115722656e+00,-5.450963020324707031e+00,-1.171417808532714844e+01,-1.258499336242675781e+01
-2.004812431335449219e+01,-6.485775470733642578e+00,-5.538276195526123047e+00,-1.212533473968505859e+01,-1.321987152099609375e+01
-1.879724884033203125e+01,-7.009980678558349609e+00,-5.580703258514404297e+00,-1.060175704956054688e+01,-1.164964675903320312e+01
-1.908289337158203125e+01,-8.635992050170898438e+00,-5.467019557952880859e+00,-7.623909473419189453e+00,-1.233753681182861328e+01
-1.859226226806640625e+01,-9.576015472412109375e+00,-5.496622562408447266e+00,-7.043676853179931641e+00,-1.089378261566162109e+01
-1.941950225830078125e+01,-9.028412818908691406e+00,-5.682527542114257812e+00,-1.162642669677734375e+01,-1.142264842987060547e+01
-1.892683029174804688e+01,-8.775033950805664062e+00,-5.628187656402587891e+00,-1.361304283142089844e+01,-1.170600795745849609e+01
-1.822873115539550781e+01,-7.824447154998779297e+00,-5.653464794158935547e+00,-1.357823944091796875e+01,-1.217689704895019531e+01
-1.809731483459472656e+01,-7.042665958404541016e+00,-5.602626800537109375e+00,-1.206423950195312500e+01,-1.070412635803222656e+01
-1.864937210083007812e+01,-7.244665145874023438e+00,-5.626183032989501953e+00,-1.302293586730957031e+01,-1.165281772613525391e+01
-1.878764533996582031e+01,-7.452803611755371094e+00,-5.623304843902587891e+00,-1.133525466918945312e+01,-1.128283882141113281e+01
-1.950370979309082031e+01,-7.802429199218750000e+00,-5.513803005218505859e+00,-9.380495071411132812e+00,-1.086188220977783203e+01
-1.922560882568359375e+01,-7.797814369201660156e+00,-5.444270610809326172e+00,-8.529678344726562500e+00,-1.040839862823486328e+01
-1.961988449096679688e+01,-7.450510501861572266e+00,-5.567202091217041016e+00,-1.206929397583007812e+01,-1.036917686462402344e+01
-1.877138137817382812e+01,-7.834811210632324219e+00,-5.512020111083984375e+00,-1.301295280456542969e+01,-1.037800312042236328e+01
-1.963302230834960938e+01,-6.891888618469238281e+00,-5.662077426910400391e+00,-1.338823318481445312e+01,-1.270090484619140625e+01
-1.974555587768554688e+01,-7.227017402648925781e+00,-5.661410331726074219e+00,-1.160407447814941406e+01,-1.293954849243164062e+01
-1.982632827758789062e+01,-6.399602890014648438e+00,-5.660554885864257812e+00,-9.544964790344238281e+00,-1.319334220886230469e+01
-1.980120277404785156e+01,-5.955988883972167969e+00,-5.668409347534179688e+00,-9.580633163452148438e+00,-1.306029033660888672e+01
-1.937093353271484375e+01,-6.021720886230468750e+00,-5.634600162506103516e+00,-8.580003738403320312e+00,-1.173364830017089844e+01
-1.917415618896484375e+01,-6.976631164550781250e+00,-5.597847461700439453e+00,-1.050065135955810547e+01,-1.054768371582031250e+01
-1.831645965576171875e+01,-6.499202251434326172e+00,-5.628708362579345703e+00,-1.231832885742187500e+01,-1.142928218841552734e+01
-1.726614570617675781e+01,-7.611280918121337891e+00,-5.484816074371337891e+00,-8.544341087341308594e+00,-1.043446540832519531e+01
-1.771986007690429688e+01,-8.670780181884765625e+00,-5.362133502960205078e+00,-7.203100681304931641e+00,-1.160494613647460938e+01
-1.762693595886230469e+01,-9.519332885742187500e+00,-5.301747798919677734e+00,-8.154509544372558594e+00,-1.049722003936767578e+01
-1.788945770263671875e+01,-8.810772895812988281e+00,-5.342130661010742188e+00,-9.619915008544921875e+00,-1.035191822052001953e+01
-1.804782867431640625e+01,-1.010458946228027344e+01,-5.437515735626220703e+00,-1.054602432250976562e+01,-1.170744323730468750e+01
-1.679566192626953125e+01,-1.115405273437500000e+01,-5.517712116241455078e+00,-8.680713653564453125e+00,-1.110747337341308594e+01
-1.666201400756835938e+01,-1.023045063018798828e+01,-5.625463962554931641e+00,-8.937316894531250000e+00,-1.102002716064453125e+01
-1.716129112243652344e+01,-1.018427848815917969e+01,-5.713144779205322266e+00,-1.155447959899902344e+01,-1.048561954498291016e+01
-1.785183906555175781e+01,-9.946758270263671875e+00,-5.658764839172363281e+00,-1.089193820953369141e+01,-1.193638134002685547e+01
-1.726967239379882812e+01,-8.106754302978515625e+00,-5.584629535675048828e+00,-1.123486137390136719e+01,-1.139410781860351562e+01
-1.479995536804199219e+01,-6.787186145782470703e+00,-5.455289363861083984e+00,-1.116383457183837891e+01,-7.411140441894531250e+00
-1.649820899963378906e+01,-6.356943130493164062e+00,-5.340643882751464844e+00,-1.213720512390136719e+01,-9.554790496826171875e+00
-1.849346160888671875e+01,-7.661302089691162109e+00,-5.498589992523193359e+00,-1.128218650817871094e+01,-1.215776634216308594e+01
-1.945065689086914062e+01,-8.211174011230468750e+00,-5.739359378814697266e+00,-1.274452400207519531e+01,-1.314093112945556641e+01
-1.945286941528320312e+01,-8.480603218078613281e+00,-5.668111324310302734e+00,-1.148599243164062500e+01,-1.271689796447753906e+01
-1.841333007812500000e+01,-8.793795585632324219e+00,-5.745814800262451172e+00,-1.056436538696289062e+01,-1.164243984222412109e+01
-1.876314926147460938e+01,-6.559742450714111328e+00,-5.297057628631591797e+00,-1.047898292541503906e+01,-1.006441402435302734e+01
-1.952240371704101562e+01,-8.335550308227539062e+00,-5.364707946777343750e+00,-7.056652069091796875e+00,-1.218570232391357422e+01
-1.896092033386230469e+01,-7.730274200439453125e+00,-5.287950992584228516e+00,-6.330123901367187500e+00,-1.099800491333007812e+01
-1.862516403198242188e+01,-8.127696990966796875e+00,-5.310130596160888672e+00,-5.710527420043945312e+00,-9.724434852600097656e+00
-1.825918388366699219e+01,-8.635681152343750000e+00,-5.430839061737060547e+00,-7.120304584503173828e+00,-9.573686599731445312e+00
-1.733680534362792969e+01,-6.975718498229980469e+00,-5.494904518127441406e+00,-7.656780242919921875e+00,-1.033296108245849609e+01
-1.696480941772460938e+01,-8.885766983032226562e+00,-5.506902694702148438e+00,-6.660423278808593750e+00,-1.054998016357421875e+01
-1.743174743652343750e+01,-1.187983989715576172e+01,-5.764105319976806641e+00,-5.683073043823242188e+00,-1.147528839111328125e+01
-1.703479766845703125e+01,-1.305842399597167969e+01,-5.696483135223388672e+00,-6.212109565734863281e+00,-9.957143783569335938e+00
-1.622793197631835938e+01,-1.322089385986328125e+01,-5.557169437408447266e+00,-6.090602874755859375e+00,-1.054624938964843750e+01
-1.576226902008056641e+01,-1.216323089599609375e+01,-5.705224037170410156e+00,-6.306511402130126953e+00,-9.796239852905273438e+00
-1.548134040832519531e+01,-1.152023506164550781e+01,-5.639951705932617188e+00,-5.971114158630371094e+00,-9.965890884399414062e+00
-1.525002670288085938e+01,-1.099386310577392578e+01,-5.651864528656005859e+00,-5.642801284790039062e+00,-1.113234424591064453e+01
-1.528316116333007812e+01,-6.127750396728515625e+00,-5.466588020324707031e+00,-9.010641098022460938e+00,-8.478317260742187500e+00
-1.444474315643310547e+01,-9.886033058166503906e+00,-5.509953498840332031e+00,-6.085691928863525391e+00,-9.121381759643554688e+00
-1.532390403747558594e+01,-9.168257713317871094e+00,-5.525947570800781250e+00,-5.951282024383544922e+00,-8.886479377746582031e+00
-1.661726570129394531e+01,-1.097879028320312500e+01,-6.311908721923828125e+00,-4.897120475769042969e+00,-1.156826019287109375e+01
-1.689311599731445312e+01,-1.238177204132080078e+01,-6.214292049407958984e+00,-4.970359802246093750e+00,-1.176578903198242188e+01
-1.693615722656250000e+01,-1.235968017578125000e+01,-6.507533550262451172e+00,-4.861109733581542969e+00,-1.209158611297607422e+01
-1.838407516479492188e+01,-1.131403827667236328e+01,-6.922652244567871094e+00,-4.670296192169189453e+00,-1.258556842803955078e+01
-1.887545585632324219e+01,-1.048193645477294922e+01,-6.565041065216064453e+00,-4.629006862640380859e+00,-1.254589462280273438e+01
-1.940029716491699219e+01,-9.255678176879882812e+00,-6.353119373321533203e+00,-4.736238002777099609e+00,-1.282371330261230469e+01
-1.942627334594726562e+01,-8.879438400268554688e+00,-6.479586601257324219e+00,-4.739139556884765625e+00,-1.274601173400878906e+01
-1.979506492614746094e+01,-8.925066947937011719e+00,-6.330244541168212891e+00,-4.839859485626220703e+00,-1.279409408569335938e+01
-1.972940254211425781e+01,-8.988187789916992188e+00,-6.262268543243408203e+00,-4.950596809387207031e+00,-1.278147888183593750e+01
-2.001248359680175781e+01,-8.539612770080566406e+00,-6.620635509490966797e+00,-5.099590301513671875e+00,-1.257498168945312500e+01
-2.008700561523437500e+01,-8.471664428710937500e+00,-7.087420463562011719e+00,-5.056800842285156250e+00,-1.284763908386230469e+01
-2.029656600952148438e+01,-8.377588272094726562e+00,-6.871741771697998047e+00,-5.194167613983154297e+00,-1.276360130310058594e+01
-2.047526931762695312e+01,-7.975939750671386719e+00,-7.282732963562011719e+00,-5.030686855316162109e+00,-1.348295974731445312e+01
-2.058442687988281250e+01,-7.784765243530273438e+00,-7.049530029296875000e+00,-5.325249671936035156e+00,-1.318108940124511719e+01
-2.005737495422363281e+01,-8.625680923461914062e+00,-6.656684875488281250e+00,-5.077299118041992188e+00,-1.305449104309082031e+01
-1.925237655639648438e+01,-8.388533592224121094e+00,-6.528962612152099609e+00,-5.328219413757324219e+00,-1.234786796569824219e+01
-1.887274551391601562e+01,-8.053062438964843750e+00,-5.816823959350585938e+00,-6.909104824066162109e+00,-1.218327808380126953e+01
-1.903213691711425781e+01,-4.668858528137207031e+00,-6.949765205383300781e+00,-8.155092239379882812e+00,-1.232690238952636719e+01
-1.883284187316894531e+01,-4.787379264831542969e+00,-8.768661499023437500e+00,-6.351147651672363281e+00,-1.293574905395507812e+01
-1.877316665649414062e+01,-5.158944606781005859e+00,-7.345294952392578125e+00,-5.345399379730224609e+00,-1.272511863708496094e+01
-1.850059700012207031e+01,-5.381559371948242188e+00,-6.176779270172119141e+00,-6.233667373657226562e+00,-1.186312484741210938e+01
-1.788048744201660156e+01,-5.757129669189453125e+00,-6.480438709259033203e+00,-5.352410316467285156e+00,-1.055456447601318359e+01
-1.803588104248046875e+01,-5.347776412963867188e+00,-6.714318752288818359e+00,-5.845965385437011719e+00,-1.045871162414550781e+01
-1.793346977233886719e+01,-5.757781505584716797e+00,-6.295657157897949219e+00,-5.816178321838378906e+00,-1.125112152099609375e+01
-1.886783027648925781e+01,-6.150209903717041016e+00,-5.767758846282958984e+00,-5.989541053771972656e+00,-1.233402156829833984e+01
-1.884880065917968750e+01,-7.084595680236816406e+00,-5.767887592315673828e+00,-5.453376293182373047e+00,-1.236480522155761719e+01
-1.850756072998046875e+01,-7.386235237121582031e+00,-5.391627788543701172e+00,-5.704257011413574219e+00,-1.154973030090332031e+01
-1.737184524536132812e+01,-6.383272171020507812e+00,-5.204885005950927734e+00,-6.745131492614746094e+00,-7.705359458923339844e+00
-1.893344688415527344e+01,-6.367560863494873047e+00,-5.582360744476318359e+00,-5.695878028869628906e+00,-1.175227928161621094e+01
-1.915271759033203125e+01,-5.000211238861083984e+00,-6.761226177215576172e+00,-6.532586097717285156e+00,-1.083294773101806641e+01
-1.854155731201171875e+01,-4.962471961975097656e+00,-7.532563209533691406e+00,-6.736117362976074219e+00,-1.022600555419921875e+01
-1.815520477294921875e+01,-5.813734054565429688e+00,-6.607831954956054688e+00,-5.785701751708984375e+00,-9.688071250915527344e+00
-1.829199409484863281e+01,-5.831932067871093750e+00,-7.453499794006347656e+00,-6.020195007324218750e+00,-7.803751468658447266e+00
-1.838796234130859375e+01,-6.022030830383300781e+00,-6.677618026733398438e+00,-6.951098918914794922e+00,-1.079074954986572266e+01
-1.788506889343261719e+01,-6.456016063690185547e+00,-6.739711761474609375e+00,-5.929613113403320312e+00,-1.071241378784179688e+01
-1.842218780517578125e+01,-5.704298019409179688e+00,-7.481866359710693359e+00,-6.581606864929199219e+00,-1.019767951965332031e+01
-1.776396179199218750e+01,-7.485558509826660156e+00,-6.679829597473144531e+00,-5.464414596557617188e+00,-9.344243049621582031e+00
-1.740010452270507812e+01,-6.839937686920166016e+00,-7.024788856506347656e+00,-4.971986293792724609e+00,-1.013508605957031250e+01
-1.743123054504394531e+01,-7.523395538330078125e+00,-7.763527393341064453e+00,-4.583295345306396484e+00,-1.059870338439941406e+01
-1.784330749511718750e+01,-7.857663154602050781e+00,-8.645066261291503906e+00,-4.508409023284912109e+00,-1.138666152954101562e+01
-1.804850769042968750e+01,-5.979525089263916016e+00,-6.462163448333740234e+00,-4.874470710754394531e+00,-1.213828277587890625e+01
-1.963232994079589844e+01,-5.899482727050781250e+00,-6.842584609985351562e+00,-4.587695121765136719e+00,-1.330500030517578125e+01
-2.052630615234375000e+01,-7.014360427856445312e+00,-7.634575366973876953e+00,-4.523779869079589844e+00,-1.310990524291992188e+01
-2.007000923156738281e+01,-8.170200347900390625e+00,-7.154406070709228516e+00,-4.525558948516845703e+00,-1.356119728088378906e+01
-1.940684509277343750e+01,-7.880218505859375000e+00,-6.524770736694335938e+00,-4.534973144531250000e+00,-1.351579093933105469e+01
-1.890105438232421875e+01,-7.935513973236083984e+00,-6.010094165802001953e+00,-4.572972297668457031e+00,-1.255447483062744141e+01
-2.041991996765136719e+01,-7.190235137939453125e+00,-7.836600303649902344e+00,-4.610525608062744141e+00,-1.337377738952636719e+01
-2.003079223632812500e+01,-7.884000778198242188e+00,-8.105764389038085938e+00,-4.588397979736328125e+00,-1.318358802795410156e+01
-1.952309226989746094e+01,-7.708831310272216797e+00,-7.944606781005859375e+00,-4.587725162506103516e+00,-1.277226638793945312e+01
-2.008235549926757812e+01,-7.390614032745361328e+00,-7.216855049133300781e+00,-4.604654312133789062e+00,-1.332486534118652344e+01
-1.902889442443847656e+01,-9.389713287353515625e+00,-7.169318199157714844e+00,-4.448728084564208984e+00,-1.209590148925781250e+01
-1.924130821228027344e+01,-7.613339424133300781e+00,-7.542541980743408203e+00,-4.594829082489013672e+00,-1.196481227874755859e+01
-1.903466224670410156e+01,-5.907268524169921875e+00,-8.394079208374023438e+00,-4.669458389282226562e+00,-1.132384109497070312e+01
-1.877515792846679688e+01,-9.419862747192382812e+00,-6.205090999603271484e+00,-4.760261058807373047e+00,-1.292278861999511719e+01
-1.782298469543457031e+01,-1.014405441284179688e+01,-7.023473739624023438e+00,-4.528946399688720703e+00,-1.194298744201660156e+01
-1.930212402343750000e+01,-6.172542572021484375e+00,-9.872244834899902344e+00,-4.762847900390625000e+00,-1.196171569824218750e+01
-2.018715667724609375e+01,-5.810022354125976562e+00,-9.066608428955078125e+00,-4.998353958129882812e+00,-1.271758556365966797e+01
-1.968786430358886719e+01,-7.330867767333984375e+00,-9.078018188476562500e+00,-4.485901832580566406e+00,-1.175858974456787109e+01
-2.023414611816406250e+01,-6.194299221038818359e+00,-9.987620353698730469e+00,-4.679141998291015625e+00,-1.282148170471191406e+01
-2.012433242797851562e+01,-6.140838623046875000e+00,-9.622901916503906250e+00,-4.662540435791015625e+00,-1.279169464111328125e+01
-1.905934143066406250e+01,-6.239955902099609375e+00,-8.172998428344726562e+00,-4.456270694732666016e+00,-1.178123283386230469e+01
-1.907914733886718750e+01,-6.730348110198974609e+00,-9.840852737426757812e+00,-4.486414432525634766e+00,-1.166804504394531250e+01
-1.772684669494628906e+01,-6.518958091735839844e+00,-1.023519897460937500e+01,-4.407975673675537109e+00,-9.802802085876464844e+00
-1.671502685546875000e+01,-8.104295730590820312e+00,-9.024660110473632812e+00,-4.551862239837646484e+00,-6.213521003723144531e+00
-1.613504791259765625e+01,-8.462696075439453125e+00,-8.050113677978515625e+00,-4.577942371368408203e+00,-4.922628402709960938e+00
-1.664394187927246094e+01,-1.039479732513427734e+01,-6.993884086608886719e+00,-4.392432212829589844e+00,-6.764580726623535156e+00
-1.738469696044921875e+01,-1.196958255767822266e+01,-6.820256233215332031e+00,-4.582582950592041016e+00,-9.562301635742187500e+00
-1.727652168273925781e+01,-1.177003097534179688e+01,-6.721431732177734375e+00,-4.651174068450927734e+00,-8.520151138305664062e+00
-1.751605224609375000e+01,-1.234143638610839844e+01,-6.827063083648681641e+00,-4.644755363464355469e+00,-9.530339241027832031e+00
-1.814937019348144531e+01,-1.171623039245605469e+01,-6.827436923980712891e+00,-4.463449001312255859e+00,-1.124958229064941406e+01
-1.810844039916992188e+01,-1.061411571502685547e+01,-6.496581077575683594e+00,-4.421547889709472656e+00,-1.110218429565429688e+01
-1.701436996459960938e+01,-1.008455371856689453e+01,-7.145733356475830078e+00,-4.197689533233642578e+00,-1.001867485046386719e+01
-1.633663177490234375e+01,-1.021406364440917969e+01,-7.102600097656250000e+00,-4.345319747924804688e+00,-7.172039031982421875e+00
-1.517980670928955078e+01,-8.013319969177246094e+00,-6.453301429748535156e+00,-5.642193794250488281e+00,-2.303156375885009766e+00
-1.406076145172119141e+01,-7.517331123352050781e+00,-6.624516487121582031e+00,-5.763586044311523438e+00,-2.519528865814208984e+00
-1.423279666900634766e+01,-7.613548278808593750e+00,-6.021960735321044922e+00,-6.235664367675781250e+00,-2.758626937866210938e+00
-1.369202232360839844e+01,-8.401883125305175781e+00,-5.829276561737060547e+00,-6.461205005645751953e+00,-2.911266803741455078e+00
-1.378678035736083984e+01,-7.422799110412597656e+00,-5.908659934997558594e+00,-5.578757762908935547e+00,-4.096322536468505859e+00
-1.351077651977539062e+01,-8.844356536865234375e+00,-5.967659950256347656e+00,-5.298151969909667969e+00,-2.708367824554443359e+00
-1.436410522460937500e+01,-7.414538860321044922e+00,-5.135913372039794922e+00,-4.915947914123535156e+00,-7.029735565185546875e+00
-1.348854160308837891e+01,-1.075083160400390625e+01,-6.668639659881591797e+00,-4.684885978698730469e+00,-4.935215950012207031e+00
-1.619089889526367188e+01,-1.226602077484130859e+01,-6.933934211730957031e+00,-4.659891605377197266e+00,-8.140075683593750000e+00
-1.714806365966796875e+01,-1.125305080413818359e+01,-7.715267658233642578e+00,-4.536187648773193359e+00,-8.278910636901855469e+00
-1.806775283813476562e+01,-1.202514362335205078e+01,-7.679244041442871094e+00,-4.549504756927490234e+00,-1.011118507385253906e+01
-1.753964042663574219e+01,-1.207627677917480469e+01,-8.476638793945312500e+00,-4.549256801605224609e+00,-9.943858146667480469e+00
-1.735300064086914062e+01,-1.226934051513671875e+01,-7.946170330047607422e+00,-4.635650634765625000e+00,-1.019303512573242188e+01
-1.677193641662597656e+01,-1.296178340911865234e+01,-8.061696052551269531e+00,-4.626620292663574219e+00,-1.040837097167968750e+01
-1.634970092773437500e+01,-1.290273380279541016e+01,-7.732614994049072266e+00,-4.613785266876220703e+00,-1.079426097869873047e+01
-1.623923301696777344e+01,-1.239974594116210938e+01,-8.110479354858398438e+00,-4.628640651702880859e+00,-1.059945487976074219e+01
-1.585258769989013672e+01,-1.194363021850585938e+01,-8.886537551879882812e+00,-4.572382926940917969e+00,-1.096879768371582031e+01
-1.596543884277343750e+01,-1.223417472839355469e+01,-9.086449623107910156e+00,-4.590667247772216797e+00,-1.107285404205322266e+01
-1.594983863830566406e+01,-1.267448043823242188e+01,-8.502110481262207031e+00,-4.626698017120361328e+00,-1.052274417877197266e+01
-1.558969402313232422e+01,-1.276231575012207031e+01,-8.774810791015625000e+00,-4.602164268493652344e+00,-1.062727832794189453e+01
-1.580454730987548828e+01,-1.248021697998046875e+01,-8.579812049865722656e+00,-4.596565723419189453e+00,-1.086529159545898438e+01
-1.594239139556884766e+01,-1.245103836059570312e+01,-8.891639709472656250e+00,-4.621047019958496094e+00,-1.077534961700439453e+01
-1.576531696319580078e+01,-1.202956199645996094e+01,-9.105123519897460938e+00,-4.588986873626708984e+00,-1.071356678009033203e+01
-1.657702827453613281e+01,-1.179188346862792969e+01,-9.292675018310546875e+00,-4.647179126739501953e+00,-1.039265632629394531e+01
-1.652309036254882812e+01,-1.159991550445556641e+01,-9.634520530700683594e+00,-4.644998073577880859e+00,-1.036654090881347656e+01
-1.683850669860839844e+01,-1.187483882904052734e+01,-9.095262527465820312e+00,-4.646744251251220703e+00,-1.077031421661376953e+01
-1.658115577697753906e+01,-1.248742294311523438e+01,-8.504220008850097656e+00,-4.668454647064208984e+00,-1.078018665313720703e+01
-1.635913658142089844e+01,-1.194458675384521484e+01,-9.056256294250488281e+00,-4.663922786712646484e+00,-1.009605121612548828e+01
-1.640068244934082031e+01,-1.226999473571777344e+01,-8.746162414550781250e+00,-4.664835453033447266e+00,-1.115389633178710938e+01
-1.639488983154296875e+01,-1.202342033386230469e+01,-8.069152832031250000e+00,-4.658916950225830078e+00,-1.074290657043457031e+01
-1.633056640625000000e+01,-1.186321067810058594e+01,-7.668909072875976562e+00,-4.604943752288818359e+00,-9.804973602294921875e+00
-1.638891601562500000e+01,-1.029376029968261719e+01,-7.087165355682373047e+00,-4.499941825866699219e+00,-1.046794509887695312e+01
-1.603599166870117188e+01,-1.116597175598144531e+01,-7.379949092864990234e+00,-4.542684078216552734e+00,-9.188734054565429688e+00
-1.496605110168457031e+01,-1.007717132568359375e+01,-7.034346580505371094e+00,-4.557043075561523438e+00,-7.401713848114013672e+00
-1.465480518341064453e+01,-1.070696163177490234e+01,-7.888081550598144531e+00,-4.563672065734863281e+00,-7.107626914978027344e+00
-1.420114612579345703e+01,-7.678509712219238281e+00,-8.309292793273925781e+00,-4.514567375183105469e+00,-6.194935798645019531e+00
-1.409147262573242188e+01,-8.798421859741210938e+00,-7.411140441894531250e+00,-4.709635734558105469e+00,-5.177529811859130859e+00
-1.382240867614746094e+01,-8.874535560607910156e+00,-6.746746063232421875e+00,-4.794340133666992188e+00,-4.206282615661621094e+00
-1.402664089202880859e+01,-9.111307144165039062e+00,-6.989428520202636719e+00,-4.703370094299316406e+00,-4.028045177459716797e+00
-1.384637069702148438e+01,-8.803028106689453125e+00,-6.235072135925292969e+00,-4.901354789733886719e+00,-3.696212291717529297e+00
-1.390275287628173828e+01,-7.537516593933105469e+00,-5.323539257049560547e+00,-6.020425796508789062e+00,-4.414354324340820312e+00
-1.299327945709228516e+01,-7.811825752258300781e+00,-5.906439304351806641e+00,-5.113152027130126953e+00,-4.682222843170166016e+00
-1.306921863555908203e+01,-8.597501754760742188e+00,-5.870354652404785156e+00,-5.081756114959716797e+00,-4.250332355499267578e+00
-1.258464431762695312e+01,-9.347186088562011719e+00,-6.890637397766113281e+00,-4.917315959930419922e+00,-2.976841449737548828e+00
-1.339540576934814453e+01,-8.782641410827636719e+00,-6.412813186645507812e+00,-5.100679874420166016e+00,-3.232071876525878906e+00
-1.348495006561279297e+01,-9.168242454528808594e+00,-6.780611038208007812e+00,-4.560555458068847656e+00,-4.051369190216064453e+00
-1.488273525238037109e+01,-6.114609241485595703e+00,-5.495422840118408203e+00,-8.688205718994140625e+00,-7.832791328430175781e+00
-1.345653152465820312e+01,-1.080141925811767578e+01,-6.132372379302978516e+00,-4.808796882629394531e+00,-3.331945896148681641e+00
-1.318092727661132812e+01,-1.074900722503662109e+01,-5.680004596710205078e+00,-5.024936199188232422e+00,-3.345342159271240234e+00
-1.169617843627929688e+01,-1.039055824279785156e+01,-6.495530128479003906e+00,-4.863281726837158203e+00,-1.643768310546875000e+00
-6.425174069590866566e-05,-1.194057178497314453e+01,-8.495753288269042969e+00,-6.012728691101074219e+00,-2.727111816406250000e+00
