-9.255106925964355469e+00,-4.989457130432128906e+00,-1.302670860290527344e+01,-1.321382713317871094e+01,-9.995635986328125000e+00
-1.001637649536132812e+01,-5.062315940856933594e+00,-1.034838867187500000e+01,-1.394572257995605469e+01,-8.785863876342773438e+00
-1.263456821441650391e+01,-5.134598255157470703e+00,-8.597229003906250000e+00,-1.463530921936035156e+01,-1.040693664550781250e+01
-1.273510169982910156e+01,-5.174497127532958984e+00,-8.066873550415039062e+00,-1.504880714416503906e+01,-9.397884368896484375e+00
-1.278474521636962891e+01,-5.359565734863281250e+00,-6.618798255920410156e+00,-1.413361930847167969e+01,-9.137212753295898438e+00
-1.425397205352783203e+01,-5.338264465332031250e+00,-7.187376022338867188e+00,-1.433540916442871094e+01,-1.119548034667968750e+01
-1.289317321777343750e+01,-5.360867977142333984e+00,-8.187452316284179688e+00,-1.332674980163574219e+01,-9.040441513061523438e+00
-1.464636421203613281e+01,-5.366960525512695312e+00,-1.024695968627929688e+01,-1.369031715393066406e+01,-1.210442543029785156e+01
-1.343728637695312500e+01,-5.506040573120117188e+00,-1.118433189392089844e+01,-1.004913711547851562e+01,-1.047978401184082031e+01
-1.158627033233642578e+01,-5.656698226928710938e+00,-1.106558227539062500e+01,-6.789260387420654297e+00,-9.733650207519531250e+00
-1.329865741729736328e+01,-5.464885711669921875e+00,-1.231475639343261719e+01,-1.011900711059570312e+01,-1.198650741577148438e+01
-5.869701862335205078e+00,-5.945784568786621094e+00,-6.296136856079101562e+00,-6.915463447570800781e+00,-2.192565441131591797e+00
-1.403270912170410156e+01,-5.346702575683593750e+00,-1.402301597595214844e+01,-1.307788467407226562e+01,-1.320099639892578125e+01
-1.390165042877197266e+01,-5.420483112335205078e+00,-1.307654190063476562e+01,-1.258208847045898438e+01,-1.314635658264160156e+01
-1.373375892639160156e+01,-5.459614753723144531e+00,-1.314470291137695312e+01,-1.054488754272460938e+01,-1.365083312988281250e+01
-1.517418289184570312e+01,-5.250492572784423828e+00,-1.348340797424316406e+01,-1.374286842346191406e+01,-1.563716125488281250e+01
-1.446517372131347656e+01,-5.195524215698242188e+00,-1.242167854309082031e+01,-1.292947769165039062e+01,-1.480322074890136719e+01
-1.480947113037109375e+01,-5.157464027404785156e+00,-1.341511917114257812e+01,-1.346351814270019531e+01,-1.538199996948242188e+01
-1.459485530853271484e+01,-5.241287231445312500e+00,-1.151308250427246094e+01,-1.362635993957519531e+01,-1.431492805480957031e+01
-1.403957557678222656e+01,-5.288995742797851562e+00,-1.178197097778320312e+01,-1.336819458007812500e+01,-1.379050636291503906e+01
-5.930343151092529297e+00,-5.946309089660644531e+00,-5.806530952453613281e+00,-7.113755226135253906e+00,-2.440001964569091797e+00
-1.305272293090820312e+01,-5.472247123718261719e+00,-1.431714630126953125e+01,-1.204656791687011719e+01,-1.327224922180175781e+01
-1.348586082458496094e+01,-5.509059429168701172e+00,-1.431152725219726562e+01,-1.144899559020996094e+01,-1.431006050109863281e+01
-1.285707283020019531e+01,-5.740661621093750000e+00,-1.393145370483398438e+01,-8.004053115844726562e+00,-1.213406753540039062e+01
-1.201447486877441406e+01,-5.866167068481445312e+00,-1.424909210205078125e+01,-6.533830642700195312e+00,-1.144424438476562500e+01
-1.018588542938232422e+01,-6.239460945129394531e+00,-1.106011390686035156e+01,-5.212067127227783203e+00,-8.549622535705566406e+00
-1.329608345031738281e+01,-5.570699691772460938e+00,-1.663114547729492188e+01,-9.228809356689453125e+00,-1.404577636718750000e+01
-1.062165927886962891e+01,-5.977954864501953125e+00,-1.158150863647460938e+01,-5.511801242828369141e+00,-8.894926071166992188e+00
-1.157829284667968750e+01,-5.733281612396240234e+00,-1.340998649597167969e+01,-5.883266448974609375e+00,-1.048993873596191406e+01
-1.532940483093261719e+01,-5.391398429870605469e+00,-1.531649589538574219e+01,-1.343282890319824219e+01,-1.296047973632812500e+01
-1.467359828948974609e+01,-5.263676643371582031e+00,-1.442937469482421875e+01,-1.130788993835449219e+01,-1.164598464965820312e+01
-1.461545658111572266e+01,-5.214711666107177734e+00,-1.435913276672363281e+01,-1.002909088134765625e+01,-1.136111831665039062e+01
-1.320909500122070312e+01,-5.451986312866210938e+00,-1.328582763671875000e+01,-7.702089309692382812e+00,-1.164029312133789062e+01
-1.271466636657714844e+01,-5.674827098846435547e+00,-1.111795806884765625e+01,-6.384068965911865234e+00,-1.060513877868652344e+01
-1.085584068298339844e+01,-5.972570419311523438e+00,-9.477806091308593750e+00,-5.667087078094482422e+00,-8.385044097900390625e+00
-1.095028591156005859e+01,-5.937783241271972656e+00,-9.327714920043945312e+00,-5.730741024017333984e+00,-8.629275321960449219e+00
-1.288386535644531250e+01,-5.535597801208496094e+00,-9.500459671020507812e+00,-7.428925514221191406e+00,-1.079401588439941406e+01
-1.117408943176269531e+01,-5.720874786376953125e+00,-9.133401870727539062e+00,-6.308840751647949219e+00,-8.799591064453125000e+00
-1.018260574340820312e+01,-5.934230804443359375e+00,-9.004211425781250000e+00,-5.694548130035400391e+00,-7.644067764282226562e+00
-1.538754177093505859e+01,-5.416608810424804688e+00,-6.555139064788818359e+00,-1.300286483764648438e+01,-1.365667343139648438e+01
-1.609528350830078125e+01,-5.287603378295898438e+00,-7.564202308654785156e+00,-1.294942855834960938e+01,-1.392524909973144531e+01
-1.634739303588867188e+01,-5.276307106018066406e+00,-8.258693695068359375e+00,-1.301760292053222656e+01,-1.435247993469238281e+01
-1.643251991271972656e+01,-5.256143569946289062e+00,-8.850825309753417969e+00,-1.225560951232910156e+01,-1.462425041198730469e+01
-1.638981246948242188e+01,-5.308327674865722656e+00,-9.814922332763671875e+00,-1.232498741149902344e+01,-1.423573112487792969e+01
-1.281495666503906250e+01,-5.525483131408691406e+00,-9.377359390258789062e+00,-7.755133628845214844e+00,-1.047786903381347656e+01
-1.535195064544677734e+01,-5.387604713439941406e+00,-9.725475311279296875e+00,-1.078719329833984375e+01,-1.317083549499511719e+01
-1.682269096374511719e+01,-5.258646011352539062e+00,-9.945363044738769531e+00,-1.223796272277832031e+01,-1.543289375305175781e+01
-1.462474918365478516e+01,-5.510738372802734375e+00,-1.082203483581542969e+01,-8.790383338928222656e+00,-1.339245605468750000e+01
-1.590800285339355469e+01,-5.391831398010253906e+00,-1.023775959014892578e+01,-1.374755477905273438e+01,-1.447258949279785156e+01
-1.527131271362304688e+01,-5.352096080780029297e+00,-9.344964027404785156e+00,-1.314951896667480469e+01,-1.316320800781250000e+01
-1.471601009368896484e+01,-5.556808471679687500e+00,-1.202322006225585938e+01,-9.220670700073242188e+00,-1.285791969299316406e+01
-1.575773429870605469e+01,-5.321968078613281250e+00,-1.038083267211914062e+01,-1.271033096313476562e+01,-1.379959678649902344e+01
-5.929148197174072266e+00,-5.946148872375488281e+00,-5.797685623168945312e+00,-7.118876457214355469e+00,-2.444029331207275391e+00
-1.427669334411621094e+01,-5.317780494689941406e+00,-1.197778892517089844e+01,-1.106508636474609375e+01,-1.109040451049804688e+01
-1.345913410186767578e+01,-5.257654190063476562e+00,-1.078005981445312500e+01,-1.207950592041015625e+01,-8.850452423095703125e+00
-1.199442958831787109e+01,-5.593585014343261719e+00,-1.275749588012695312e+01,-6.545084953308105469e+00,-9.659383773803710938e+00
-1.231133079528808594e+01,-5.891473770141601562e+00,-1.189631462097167969e+01,-5.805946350097656250e+00,-1.070389175415039062e+01
-1.094891929626464844e+01,-6.119283676147460938e+00,-1.108365535736083984e+01,-5.308002471923828125e+00,-8.997191429138183594e+00
-1.217344856262207031e+01,-5.764461517333984375e+00,-1.160480308532714844e+01,-6.351759910583496094e+00,-1.021123695373535156e+01
-1.564238262176513672e+01,-5.240622520446777344e+00,-8.854732513427734375e+00,-1.175464057922363281e+01,-1.359304237365722656e+01
-1.511433219909667969e+01,-5.386902809143066406e+00,-1.008650970458984375e+01,-1.082554149627685547e+01,-1.281744384765625000e+01
-1.492434120178222656e+01,-5.389165878295898438e+00,-1.017993927001953125e+01,-1.082444763183593750e+01,-1.293865776062011719e+01
-1.395378303527832031e+01,-5.539407730102539062e+00,-1.136838722229003906e+01,-8.063889503479003906e+00,-1.206371307373046875e+01
-1.522132396697998047e+01,-5.291483402252197266e+00,-9.308176040649414062e+00,-1.328543281555175781e+01,-1.313680267333984375e+01
-1.356393527984619141e+01,-5.280769824981689453e+00,-6.960910320281982422e+00,-1.375980758666992188e+01,-8.405214309692382812e+00
-1.476227283477783203e+01,-5.310817718505859375e+00,-9.551527976989746094e+00,-1.329764747619628906e+01,-1.259993743896484375e+01
-1.198958778381347656e+01,-5.691775321960449219e+00,-9.632423400878906250e+00,-6.676123619079589844e+00,-1.004101753234863281e+01
-1.518726539611816406e+01,-5.368319511413574219e+00,-7.073117256164550781e+00,-1.263410186767578125e+01,-1.255388832092285156e+01
-5.943795680999755859e+00,-5.980671882629394531e+00,-5.975028038024902344e+00,-6.957798480987548828e+00,-2.311323642730712891e+00
-1.258522605895996094e+01,-5.648723602294921875e+00,-6.411235809326171875e+00,-1.222578430175781250e+01,-6.453637599945068359e+00
-1.420132732391357422e+01,-5.307236194610595703e+00,-8.085945129394531250e+00,-1.403601837158203125e+01,-9.831491470336914062e+00
-1.531322860717773438e+01,-5.338297367095947266e+00,-8.361097335815429688e+00,-1.313069152832031250e+01,-1.308856201171875000e+01
-1.544456100463867188e+01,-5.386547088623046875e+00,-7.805488109588623047e+00,-1.325852775573730469e+01,-1.328925132751464844e+01
-1.546201992034912109e+01,-5.371574401855468750e+00,-6.406637191772460938e+00,-1.388557052612304688e+01,-1.299488830566406250e+01
-1.642359924316406250e+01,-5.223893642425537109e+00,-7.085275650024414062e+00,-1.412083435058593750e+01,-1.434628295898437500e+01
-1.618693161010742188e+01,-5.370003700256347656e+00,-8.429874420166015625e+00,-1.410533714294433594e+01,-1.422373580932617188e+01
-1.653978919982910156e+01,-5.261202812194824219e+00,-6.427561283111572266e+00,-1.479696273803710938e+01,-1.491782951354980469e+01
-1.670529747009277344e+01,-5.279640674591064453e+00,-6.662853717803955078e+00,-1.502905273437500000e+01,-1.503280258178710938e+01
-1.385467529296875000e+01,-5.492904186248779297e+00,-5.107409477233886719e+00,-1.543673324584960938e+01,-9.730372428894042969e+00
-1.339905261993408203e+01,-5.809309959411621094e+00,-4.766975879669189453e+00,-1.393964767456054688e+01,-9.379026412963867188e+00
-1.547312164306640625e+01,-5.394947052001953125e+00,-6.902593612670898438e+00,-1.540320777893066406e+01,-1.364828872680664062e+01
-1.627264785766601562e+01,-5.312653541564941406e+00,-6.872489929199218750e+00,-1.498197364807128906e+01,-1.473473358154296875e+01
-1.578317642211914062e+01,-5.473484039306640625e+00,-6.262064933776855469e+00,-1.477466773986816406e+01,-1.578001213073730469e+01
-1.403956985473632812e+01,-5.804734706878662109e+00,-4.523738384246826172e+00,-1.393280220031738281e+01,-1.185651397705078125e+01
-1.348130607604980469e+01,-5.984429836273193359e+00,-4.543241024017333984e+00,-1.371740722656250000e+01,-1.006600761413574219e+01
-1.478964710235595703e+01,-5.657741546630859375e+00,-5.474123954772949219e+00,-1.478909873962402344e+01,-1.356510925292968750e+01
-1.519351959228515625e+01,-5.524086952209472656e+00,-6.320064544677734375e+00,-1.559756469726562500e+01,-1.542508316040039062e+01
-1.560444259643554688e+01,-5.535046577453613281e+00,-5.440585136413574219e+00,-1.559968757629394531e+01,-1.463258552551269531e+01
-1.570146656036376953e+01,-5.506956577301025391e+00,-5.346800327301025391e+00,-1.563131141662597656e+01,-1.445896720886230469e+01
-1.627680587768554688e+01,-5.429717063903808594e+00,-5.562851905822753906e+00,-1.579875564575195312e+01,-1.491523361206054688e+01
-1.614987564086914062e+01,-5.454720973968505859e+00,-5.768132209777832031e+00,-1.603016281127929688e+01,-1.492449569702148438e+01
-1.626301383972167969e+01,-5.369546413421630859e+00,-5.604852676391601562e+00,-1.580660247802734375e+01,-1.525171661376953125e+01
-1.654734420776367188e+01,-5.340571880340576172e+00,-7.436176776885986328e+00,-1.544260787963867188e+01,-1.593808174133300781e+01
-1.536696624755859375e+01,-5.328063011169433594e+00,-5.546583175659179688e+00,-1.397510528564453125e+01,-1.327436637878417969e+01
-1.209536170959472656e+01,-6.270674228668212891e+00,-4.474195957183837891e+00,-1.332290267944335938e+01,-8.052408218383789062e+00
-1.557657432556152344e+01,-5.395573616027832031e+00,-6.043278694152832031e+00,-1.564197540283203125e+01,-1.572996139526367188e+01
-1.462062549591064453e+01,-5.600565910339355469e+00,-5.559523105621337891e+00,-1.592744445800781250e+01,-1.513852119445800781e+01
-1.475362777709960938e+01,-5.548066139221191406e+00,-5.603317260742187500e+00,-1.550974082946777344e+01,-1.511639404296875000e+01
-1.492885017395019531e+01,-5.398961067199707031e+00,-5.929380893707275391e+00,-1.520056152343750000e+01,-1.437927436828613281e+01
-1.323335933685302734e+01,-5.449131965637207031e+00,-5.038788318634033203e+00,-1.402848052978515625e+01,-1.210845375061035156e+01
-5.927880764007568359e+00,-5.946796417236328125e+00,-5.801252365112304688e+00,-7.117217063903808594e+00,-2.441674709320068359e+00
-1.309639263153076172e+01,-5.866128921508789062e+00,-5.033725261688232422e+00,-1.400787162780761719e+01,-1.198173332214355469e+01
-1.462309169769287109e+01,-5.800063610076904297e+00,-5.341599464416503906e+00,-1.457869529724121094e+01,-1.448442077636718750e+01
-1.418583202362060547e+01,-5.866737365722656250e+00,-5.108059883117675781e+00,-1.567728805541992188e+01,-1.397812843322753906e+01
-1.425138664245605469e+01,-6.341719627380371094e+00,-4.130140781402587891e+00,-1.542519760131835938e+01,-1.321779060363769531e+01
-1.509621047973632812e+01,-5.701378345489501953e+00,-4.688354969024658203e+00,-1.548561096191406250e+01,-1.400535964965820312e+01
-1.510067367553710938e+01,-5.714281082153320312e+00,-4.576574325561523438e+00,-1.576102447509765625e+01,-1.392220115661621094e+01
-1.506469058990478516e+01,-5.556488513946533203e+00,-4.745501518249511719e+00,-1.540376472473144531e+01,-1.364422988891601562e+01
-1.540450096130371094e+01,-5.394311904907226562e+00,-4.973073959350585938e+00,-1.516715240478515625e+01,-1.441375350952148438e+01
-1.460273265838623047e+01,-5.729185104370117188e+00,-4.263251781463623047e+00,-1.519305038452148438e+01,-1.410530281066894531e+01
-1.046616840362548828e+01,-6.468034744262695312e+00,-4.211294651031494141e+00,-1.377836227416992188e+01,-7.168700695037841797e+00
-1.254887008666992188e+01,-5.603376388549804688e+00,-5.427144527435302734e+00,-1.577060317993164062e+01,-1.295057296752929688e+01
-1.342673969268798828e+01,-5.926954269409179688e+00,-4.824290275573730469e+00,-1.473635673522949219e+01,-1.270278739929199219e+01
-1.301910972595214844e+01,-6.027300834655761719e+00,-4.283994674682617188e+00,-1.417493438720703125e+01,-1.047910118103027344e+01
-1.335438919067382812e+01,-5.718564033508300781e+00,-4.663667201995849609e+00,-1.374927520751953125e+01,-1.127047348022460938e+01
-1.178793716430664062e+01,-7.184457778930664062e+00,-3.769348144531250000e+00,-1.219516754150390625e+01,-1.044594573974609375e+01
-1.108435821533203125e+01,-7.531738281250000000e+00,-4.305339336395263672e+00,-1.290090560913085938e+01,-7.002375125885009766e+00
-1.190273857116699219e+01,-6.371579170227050781e+00,-4.587745189666748047e+00,-1.394307518005371094e+01,-9.905838012695312500e+00
-1.309023666381835938e+01,-6.116150856018066406e+00,-4.813061237335205078e+00,-1.519036102294921875e+01,-1.267234230041503906e+01
-1.310324096679687500e+01,-6.945458889007568359e+00,-4.025347709655761719e+00,-1.480928421020507812e+01,-1.200441360473632812e+01
-1.388040542602539062e+01,-6.487773895263671875e+00,-4.158671379089355469e+00,-1.494375419616699219e+01,-1.284987258911132812e+01
-1.370431327819824219e+01,-6.501919269561767578e+00,-3.978255748748779297e+00,-1.491162681579589844e+01,-1.248097038269042969e+01
-1.420013427734375000e+01,-6.074908256530761719e+00,-4.145404338836669922e+00,-1.413931465148925781e+01,-1.322213745117187500e+01
-1.386503219604492188e+01,-5.664550781250000000e+00,-4.449872493743896484e+00,-1.476211738586425781e+01,-1.378457260131835938e+01
-1.345705604553222656e+01,-5.918387889862060547e+00,-4.406570911407470703e+00,-1.514925384521484375e+01,-1.317987632751464844e+01
-5.895606040954589844e+00,-5.949689865112304688e+00,-5.842381000518798828e+00,-7.141140937805175781e+00,-2.407310009002685547e+00
-8.495572090148925781e+00,-6.771923065185546875e+00,-4.605747699737548828e+00,-1.295624542236328125e+01,-5.017477512359619141e+00
-1.251500225067138672e+01,-6.333170413970947266e+00,-4.358048439025878906e+00,-1.580329704284667969e+01,-1.292270278930664062e+01
-1.228151512145996094e+01,-6.832964420318603516e+00,-4.233496189117431641e+00,-1.499583053588867188e+01,-1.158950614929199219e+01
-1.258577346801757812e+01,-6.946981430053710938e+00,-4.303986072540283203e+00,-1.485011672973632812e+01,-1.185617446899414062e+01
-1.280682563781738281e+01,-6.885513305664062500e+00,-4.127998828887939453e+00,-1.443422126770019531e+01,-1.127509498596191406e+01
-1.149896526336669922e+01,-6.871156692504882812e+00,-4.079334735870361328e+00,-1.303070640563964844e+01,-9.362742424011230469e+00
-7.039749622344970703e+00,-6.395710945129394531e+00,-6.038134098052978516e+00,-1.258402252197265625e+01,-3.001295566558837891e+00
-9.428147315979003906e+00,-6.553257465362548828e+00,-5.439030647277832031e+00,-1.404618835449218750e+01,-6.416336536407470703e+00
-1.172761249542236328e+01,-7.652346134185791016e+00,-4.141466617584228516e+00,-1.484863471984863281e+01,-1.043645286560058594e+01
-1.251385021209716797e+01,-8.130208015441894531e+00,-3.947101593017578125e+00,-1.559127998352050781e+01,-1.229378890991210938e+01
-1.306155776977539062e+01,-7.772712707519531250e+00,-3.796582698822021484e+00,-1.442498779296875000e+01,-1.263538551330566406e+01
-1.284044837951660156e+01,-6.748509883880615234e+00,-3.908550739288330078e+00,-1.416511535644531250e+01,-1.222281646728515625e+01
-1.305934906005859375e+01,-7.331333160400390625e+00,-3.780949115753173828e+00,-1.410761451721191406e+01,-1.256165695190429688e+01
-1.313981342315673828e+01,-6.766081333160400391e+00,-3.795037746429443359e+00,-1.485615539550781250e+01,-1.340920448303222656e+01
-1.380327033996582031e+01,-6.045264244079589844e+00,-4.574210166931152344e+00,-1.544319725036621094e+01,-1.424867820739746094e+01
-1.351018428802490234e+01,-5.717669010162353516e+00,-4.335276126861572266e+00,-1.383069801330566406e+01,-1.398784255981445312e+01
-1.301545619964599609e+01,-6.194164276123046875e+00,-4.067820549011230469e+00,-1.260287284851074219e+01,-1.279400062561035156e+01
-8.631307601928710938e+00,-7.081773757934570312e+00,-4.429577350616455078e+00,-1.201169013977050781e+01,-4.830766201019287109e+00
-1.204587173461914062e+01,-6.587122440338134766e+00,-3.917263507843017578e+00,-1.456311035156250000e+01,-1.351847457885742188e+01
-1.105894851684570312e+01,-6.156486034393310547e+00,-4.483516693115234375e+00,-1.022488784790039062e+01,-1.005748748779296875e+01
-1.093093490600585938e+01,-6.675173759460449219e+00,-4.073313713073730469e+00,-1.133636474609375000e+01,-9.439147949218750000e+00
-9.389473915100097656e+00,-8.202381134033203125e+00,-3.710937023162841797e+00,-1.060885047912597656e+01,-8.093573570251464844e+00
-1.133528804779052734e+01,-7.092226982116699219e+00,-3.803017616271972656e+00,-9.617825508117675781e+00,-1.185614013671875000e+01
-1.292803955078125000e+01,-5.979561805725097656e+00,-4.369855403900146484e+00,-8.662153244018554688e+00,-1.315820121765136719e+01
-1.203392887115478516e+01,-6.345224380493164062e+00,-4.739711284637451172e+00,-6.722524642944335938e+00,-1.239539337158203125e+01
-1.011422061920166016e+01,-8.514865875244140625e+00,-4.324885368347167969e+00,-5.716249465942382812e+00,-1.075857162475585938e+01
-1.096100425720214844e+01,-7.744745254516601562e+00,-5.548954963684082031e+00,-5.747837066650390625e+00,-1.141171073913574219e+01
-1.195067214965820312e+01,-6.804593086242675781e+00,-6.195127487182617188e+00,-6.055627822875976562e+00,-1.240515899658203125e+01
-1.255561637878417969e+01,-7.168143272399902344e+00,-5.320455551147460938e+00,-6.275737762451171875e+00,-1.200683212280273438e+01
-1.287339973449707031e+01,-6.632644653320312500e+00,-4.959560394287109375e+00,-6.796498298645019531e+00,-1.018109703063964844e+01
-1.062528991699218750e+01,-6.637185096740722656e+00,-6.678786277770996094e+00,-5.296366214752197266e+00,-7.035203933715820312e+00
-1.097056007385253906e+01,-6.749266624450683594e+00,-7.382539749145507812e+00,-5.098001480102539062e+00,-7.637531757354736328e+00
-1.142746734619140625e+01,-6.737539291381835938e+00,-7.616205692291259766e+00,-5.140926837921142578e+00,-8.667261123657226562e+00
-1.471087646484375000e+01,-6.553394317626953125e+00,-6.650571823120117188e+00,-6.577960491180419922e+00,-1.498414993286132812e+01
-1.526176357269287109e+01,-6.394150733947753906e+00,-8.852787017822265625e+00,-5.592983245849609375e+00,-1.531969833374023438e+01
-1.323806953430175781e+01,-7.078116416931152344e+00,-8.761264801025390625e+00,-5.005822181701660156e+00,-1.230892944335937500e+01
-1.193373489379882812e+01,-6.708857536315917969e+00,-9.538990974426269531e+00,-4.979487419128417969e+00,-1.011928367614746094e+01
-1.592733573913574219e+01,-6.671766281127929688e+00,-1.220523834228515625e+01,-5.269561767578125000e+00,-1.569370651245117188e+01
-1.633660316467285156e+01,-5.785679817199707031e+00,-1.129203987121582031e+01,-6.472925186157226562e+00,-1.605280303955078125e+01
-1.547448825836181641e+01,-6.991755485534667969e+00,-9.870065689086914062e+00,-5.345338821411132812e+00,-1.506324577331542969e+01
-1.234455299377441406e+01,-7.037703514099121094e+00,-1.027384376525878906e+01,-4.821062564849853516e+00,-1.120996856689453125e+01
-1.643589973449707031e+01,-7.542934417724609375e+00,-1.292059516906738281e+01,-5.016894340515136719e+00,-1.561366653442382812e+01
-1.673045921325683594e+01,-6.679116249084472656e+00,-1.292899894714355469e+01,-5.119460105895996094e+00,-1.576227378845214844e+01
-1.735002136230468750e+01,-5.630000114440917969e+00,-1.179795455932617188e+01,-6.929883956909179688e+00,-1.650280952453613281e+01
-1.644696235656738281e+01,-5.468112945556640625e+00,-1.074276924133300781e+01,-9.232383728027343750e+00,-1.641001319885253906e+01
-1.614662933349609375e+01,-5.563879966735839844e+00,-1.101512718200683594e+01,-8.177898406982421875e+00,-1.605953598022460938e+01
-1.610402107238769531e+01,-5.521098613739013672e+00,-1.226037788391113281e+01,-7.776965141296386719e+00,-1.582951736450195312e+01
-1.558568477630615234e+01,-5.425748825073242188e+00,-1.161952877044677734e+01,-9.508398056030273438e+00,-1.568633460998535156e+01
-1.403031158447265625e+01,-5.733470916748046875e+00,-1.031306648254394531e+01,-7.532839298248291016e+00,-1.471172523498535156e+01
-1.272448158264160156e+01,-6.265136241912841797e+00,-1.033590698242187500e+01,-5.321896553039550781e+00,-1.093739509582519531e+01
-1.644228363037109375e+01,-5.752514839172363281e+00,-1.093993186950683594e+01,-6.540496826171875000e+00,-1.475328636169433594e+01
-1.599617958068847656e+01,-5.604062080383300781e+00,-1.042805099487304688e+01,-7.192011833190917969e+00,-1.435759544372558594e+01
-1.603757667541503906e+01,-5.509654998779296875e+00,-9.430470466613769531e+00,-8.161536216735839844e+00,-1.423834609985351562e+01
-1.414557838439941406e+01,-5.886525154113769531e+00,-9.058181762695312500e+00,-7.634642601013183594e+00,-1.337304115295410156e+01
-1.407041168212890625e+01,-6.206180572509765625e+00,-9.524032592773437500e+00,-6.499395370483398438e+00,-1.406995582580566406e+01
-1.376845455169677734e+01,-5.996601104736328125e+00,-1.085736274719238281e+01,-6.295677185058593750e+00,-1.444669723510742188e+01
-1.420758628845214844e+01,-5.504302024841308594e+00,-1.134083938598632812e+01,-6.914192199707031250e+00,-1.503478431701660156e+01
-1.461742591857910156e+01,-5.147350311279296875e+00,-1.177554130554199219e+01,-8.645529747009277344e+00,-1.602812004089355469e+01
-1.402436542510986328e+01,-5.157700538635253906e+00,-1.088290786743164062e+01,-1.109893226623535156e+01,-1.561153030395507812e+01
-1.369527816772460938e+01,-5.233876228332519531e+00,-1.026680183410644531e+01,-9.199886322021484375e+00,-1.495849990844726562e+01
-1.354765605926513672e+01,-5.211867332458496094e+00,-9.985138893127441406e+00,-9.714002609252929688e+00,-1.473738098144531250e+01
-1.303830337524414062e+01,-5.356458187103271484e+00,-9.405827522277832031e+00,-1.265027999877929688e+01,-1.410893630981445312e+01
-1.178148841857910156e+01,-5.353960037231445312e+00,-8.729477882385253906e+00,-1.322838592529296875e+01,-1.076682662963867188e+01
-1.139163589477539062e+01,-5.284795284271240234e+00,-8.717345237731933594e+00,-1.414438247680664062e+01,-1.108776855468750000e+01
-1.241634559631347656e+01,-5.483548164367675781e+00,-7.549944400787353516e+00,-1.355176734924316406e+01,-1.356751632690429688e+01
-1.345708656311035156e+01,-5.286278724670410156e+00,-8.711811065673828125e+00,-1.141686630249023438e+01,-1.491834449768066406e+01
-1.379691600799560547e+01,-5.258645057678222656e+00,-9.421928405761718750e+00,-1.037323474884033203e+01,-1.522621536254882812e+01
-1.404219055175781250e+01,-5.263615608215332031e+00,-8.210851669311523438e+00,-1.080115699768066406e+01,-1.467662620544433594e+01
-1.457431983947753906e+01,-5.237399578094482422e+00,-9.443572044372558594e+00,-1.098914527893066406e+01,-1.589157676696777344e+01
-1.470546340942382812e+01,-5.232364654541015625e+00,-8.816888809204101562e+00,-1.192776870727539062e+01,-1.606132888793945312e+01
-1.432939052581787109e+01,-5.287459850311279297e+00,-7.931519031524658203e+00,-1.327519989013671875e+01,-1.558503913879394531e+01
-1.322317695617675781e+01,-5.413187980651855469e+00,-6.676092147827148438e+00,-1.444001007080078125e+01,-1.454299545288085938e+01
-1.300335788726806641e+01,-5.610288143157958984e+00,-6.006647109985351562e+00,-1.381536674499511719e+01,-1.399420166015625000e+01
-1.311009025573730469e+01,-5.481143951416015625e+00,-6.276834964752197266e+00,-1.500916862487792969e+01,-1.481112670898437500e+01
-1.297406578063964844e+01,-5.390713691711425781e+00,-7.307886600494384766e+00,-1.446519660949707031e+01,-1.514490890502929688e+01
-1.311499595642089844e+01,-5.287485122680664062e+00,-8.115824699401855469e+00,-1.428880882263183594e+01,-1.559348678588867188e+01
-1.247323799133300781e+01,-5.290801525115966797e+00,-7.529873847961425781e+00,-1.428495216369628906e+01,-1.539826965332031250e+01
-1.329332923889160156e+01,-5.460741519927978516e+00,-6.509515762329101562e+00,-1.464118576049804688e+01,-1.387957954406738281e+01
-1.318820190429687500e+01,-5.754502296447753906e+00,-5.524135589599609375e+00,-1.404548454284667969e+01,-1.447834587097167969e+01
-1.265309143066406250e+01,-5.997941970825195312e+00,-5.436419963836669922e+00,-1.522390174865722656e+01,-1.409945869445800781e+01
-1.375261306762695312e+01,-5.819569110870361328e+00,-6.430725097656250000e+00,-1.558678627014160156e+01,-1.510695457458496094e+01
-1.449203872680664062e+01,-5.760332107543945312e+00,-6.367968559265136719e+00,-1.456958770751953125e+01,-1.514404678344726562e+01
-1.448217010498046875e+01,-5.501934051513671875e+00,-7.254358291625976562e+00,-1.385364913940429688e+01,-1.528738784790039062e+01
-1.461521625518798828e+01,-5.454422950744628906e+00,-7.423680305480957031e+00,-1.346502685546875000e+01,-1.531577301025390625e+01
-1.475028514862060547e+01,-5.345057487487792969e+00,-7.968231678009033203e+00,-1.365857124328613281e+01,-1.556818962097167969e+01
-1.531680488586425781e+01,-5.266713619232177734e+00,-8.798032760620117188e+00,-1.413943862915039062e+01,-1.609307098388671875e+01
-1.581231594085693359e+01,-5.275532245635986328e+00,-9.544481277465820312e+00,-1.506055641174316406e+01,-1.693943595886230469e+01
-1.493587017059326172e+01,-5.386127471923828125e+00,-7.761357784271240234e+00,-1.519313621520996094e+01,-1.632286643981933594e+01
-1.368226337432861328e+01,-5.438529968261718750e+00,-7.247667312622070312e+00,-1.621668052673339844e+01,-1.527166938781738281e+01
-1.276470565795898438e+01,-6.812622547149658203e+00,-4.669517040252685547e+00,-1.529669761657714844e+01,-1.374758338928222656e+01
-1.361751937866210938e+01,-5.927466392517089844e+00,-5.718442916870117188e+00,-1.580691909790039062e+01,-1.468427467346191406e+01
-1.331971740722656250e+01,-5.596127986907958984e+00,-7.158443450927734375e+00,-1.596315383911132812e+01,-1.545161819458007812e+01
-1.335290908813476562e+01,-5.536482334136962891e+00,-7.500904083251953125e+00,-1.560867881774902344e+01,-1.592571830749511719e+01
-1.424994373321533203e+01,-5.355930328369140625e+00,-8.601179122924804688e+00,-1.574080467224121094e+01,-1.705226707458496094e+01
-1.354574108123779297e+01,-5.574240684509277344e+00,-6.705447673797607422e+00,-1.554484367370605469e+01,-1.585553932189941406e+01
-8.167106628417968750e+00,-6.388798713684082031e+00,-5.112382411956787109e+00,-1.159933090209960938e+01,-4.520251750946044922e+00
-1.282214927673339844e+01,-6.065899848937988281e+00,-5.466836929321289062e+00,-1.671458625793457031e+01,-1.410631561279296875e+01
-1.353973770141601562e+01,-6.321984767913818359e+00,-5.474164962768554688e+00,-1.657418060302734375e+01,-1.504286193847656250e+01
-5.922777175903320312e+00,-5.944089889526367188e+00,-5.793001651763916016e+00,-7.134831428527832031e+00,-2.445742607116699219e+00
-1.388083934783935547e+01,-5.773110389709472656e+00,-5.944131851196289062e+00,-1.455590248107910156e+01,-1.385859107971191406e+01
-1.334961986541748047e+01,-5.512478828430175781e+00,-6.999286651611328125e+00,-1.352782440185546875e+01,-1.374499893188476562e+01
-1.390533638000488281e+01,-5.483136177062988281e+00,-7.127425193786621094e+00,-1.309208488464355469e+01,-1.492059898376464844e+01
-1.462903022766113281e+01,-5.349156379699707031e+00,-7.431523323059082031e+00,-1.297361183166503906e+01,-1.543726348876953125e+01
-1.489286327362060547e+01,-5.253944396972656250e+00,-7.467617034912109375e+00,-1.313702011108398438e+01,-1.563527107238769531e+01
-1.440876865386962891e+01,-5.503392219543457031e+00,-5.450926780700683594e+00,-1.351100349426269531e+01,-1.504712295532226562e+01
-1.236606597900390625e+01,-6.378644943237304688e+00,-4.438709735870361328e+00,-1.155830383300781250e+01,-1.288529968261718750e+01
-1.061733150482177734e+01,-6.140231132507324219e+00,-4.509795665740966797e+00,-9.571224212646484375e+00,-1.011512565612792969e+01
-1.034702205657958984e+01,-6.635332584381103516e+00,-4.308636665344238281e+00,-8.267156600952148438e+00,-1.052489471435546875e+01
-1.278431320190429688e+01,-5.508608818054199219e+00,-7.136545181274414062e+00,-7.650072574615478516e+00,-1.401509666442871094e+01
-1.382878303527832031e+01,-5.472309112548828125e+00,-8.200290679931640625e+00,-7.848830699920654297e+00,-1.460362815856933594e+01
-1.322029876708984375e+01,-6.131790161132812500e+00,-5.497893333435058594e+00,-8.686149597167968750e+00,-1.185178184509277344e+01
-1.404268455505371094e+01,-5.824504852294921875e+00,-5.984444618225097656e+00,-1.009921455383300781e+01,-1.231738853454589844e+01
-1.435576534271240234e+01,-5.800436973571777344e+00,-6.022155284881591797e+00,-9.121574401855468750e+00,-1.274327278137207031e+01
-1.471633720397949219e+01,-6.075407981872558594e+00,-5.743813991546630859e+00,-8.244510650634765625e+00,-1.238462066650390625e+01
-1.499724674224853516e+01,-6.349368095397949219e+00,-6.342631340026855469e+00,-6.761111259460449219e+00,-1.355382347106933594e+01
-1.239679813385009766e+01,-6.564484596252441406e+00,-7.484131336212158203e+00,-5.304378509521484375e+00,-9.147983551025390625e+00
-1.579388046264648438e+01,-6.235014915466308594e+00,-6.439537525177001953e+00,-7.006987094879150391e+00,-1.401338958740234375e+01
-1.649401855468750000e+01,-5.882758617401123047e+00,-6.427601814270019531e+00,-9.528872489929199219e+00,-1.552387809753417969e+01
-1.704630088806152344e+01,-5.546936511993408203e+00,-7.767877101898193359e+00,-1.123929595947265625e+01,-1.593907737731933594e+01
-1.772352409362792969e+01,-5.395420551300048828e+00,-9.706159591674804688e+00,-1.038086700439453125e+01,-1.648819160461425781e+01
-1.758884239196777344e+01,-5.452385425567626953e+00,-9.794015884399414062e+00,-1.126670837402343750e+01,-1.683933067321777344e+01
-1.720309257507324219e+01,-5.535270690917968750e+00,-9.303628921508789062e+00,-1.067789459228515625e+01,-1.678969001770019531e+01
-1.775831413269042969e+01,-5.369390487670898438e+00,-9.802357673645019531e+00,-1.103930759429931641e+01,-1.681501960754394531e+01
-1.745266914367675781e+01,-5.453776359558105469e+00,-8.721099853515625000e+00,-1.084978103637695312e+01,-1.663469696044921875e+01
-1.707635307312011719e+01,-5.423768997192382812e+00,-8.512466430664062500e+00,-1.060850143432617188e+01,-1.677377510070800781e+01
-1.696792030334472656e+01,-5.332111835479736328e+00,-8.978427886962890625e+00,-1.154600334167480469e+01,-1.652041625976562500e+01
-1.634279060363769531e+01,-5.384078979492187500e+00,-8.801461219787597656e+00,-1.078804397583007812e+01,-1.564057731628417969e+01
-1.605641937255859375e+01,-5.582356929779052734e+00,-8.310532569885253906e+00,-9.002834320068359375e+00,-1.506350708007812500e+01
-1.601718711853027344e+01,-5.510884284973144531e+00,-8.367206573486328125e+00,-9.651401519775390625e+00,-1.494953918457031250e+01
-1.570290470123291016e+01,-5.717586994171142578e+00,-7.959820270538330078e+00,-8.184022903442382812e+00,-1.417894554138183594e+01
-1.602306938171386719e+01,-5.696613311767578125e+00,-8.455156326293945312e+00,-8.031584739685058594e+00,-1.477523231506347656e+01
-1.547789669036865234e+01,-6.154089927673339844e+00,-8.786199569702148438e+00,-6.818691253662109375e+00,-1.436137008666992188e+01
-1.619455909729003906e+01,-5.716623306274414062e+00,-9.395219802856445312e+00,-8.382780075073242188e+00,-1.503744888305664062e+01
-1.644617271423339844e+01,-5.551958084106445312e+00,-9.545257568359375000e+00,-1.000800895690917969e+01,-1.546705055236816406e+01
-1.658756065368652344e+01,-5.484779834747314453e+00,-9.917007446289062500e+00,-9.661149978637695312e+00,-1.569262886047363281e+01
-1.663402366638183594e+01,-5.453108310699462891e+00,-1.016416740417480469e+01,-9.760042190551757812e+00,-1.599440956115722656e+01
-1.635143089294433594e+01,-5.539874076843261719e+00,-9.805227279663085938e+00,-9.837049484252929688e+00,-1.559586334228515625e+01
-1.647420501708984375e+01,-5.478042602539062500e+00,-8.785341262817382812e+00,-1.043641281127929688e+01,-1.597390937805175781e+01
-1.609130477905273438e+01,-5.489460468292236328e+00,-9.768478393554687500e+00,-8.162900924682617188e+00,-1.542565727233886719e+01
-1.631463050842285156e+01,-5.695051193237304688e+00,-1.009123611450195312e+01,-7.276127338409423828e+00,-1.523954772949218750e+01
-1.475018692016601562e+01,-6.484411239624023438e+00,-9.238813400268554688e+00,-5.786106586456298828e+00,-1.354363822937011719e+01
-1.506307029724121094e+01,-6.374076843261718750e+00,-9.100948333740234375e+00,-5.870141029357910156e+00,-1.375401878356933594e+01
-1.543070697784423828e+01,-8.150397300720214844e+00,-9.784599304199218750e+00,-4.923269748687744141e+00,-1.489566230773925781e+01
-1.465429306030273438e+01,-1.040936183929443359e+01,-8.061063766479492188e+00,-4.886231899261474609e+00,-1.453484153747558594e+01
-1.469643783569335938e+01,-9.769416809082031250e+00,-6.399491310119628906e+00,-5.204220771789550781e+00,-1.422168540954589844e+01
-1.443271255493164062e+01,-9.573211669921875000e+00,-6.670383453369140625e+00,-5.380682468414306641e+00,-1.382635879516601562e+01
-1.524218559265136719e+01,-8.450789451599121094e+00,-6.628333091735839844e+00,-6.373302459716796875e+00,-1.426848793029785156e+01
-1.548864173889160156e+01,-8.146211624145507812e+00,-6.980709075927734375e+00,-6.648778915405273438e+00,-1.445463371276855469e+01
-1.577572822570800781e+01,-8.631813049316406250e+00,-7.651403427124023438e+00,-6.178773880004882812e+00,-1.450668525695800781e+01
-1.499454498291015625e+01,-7.858591079711914062e+00,-8.272495269775390625e+00,-6.818267822265625000e+00,-1.472750282287597656e+01
-1.302619361877441406e+01,-7.204626560211181641e+00,-9.242761611938476562e+00,-4.966855525970458984e+00,-1.100654983520507812e+01
-1.579558563232421875e+01,-8.101472854614257812e+00,-8.999806404113769531e+00,-6.180751800537109375e+00,-1.505093002319335938e+01
-1.469436550140380859e+01,-8.653951644897460938e+00,-8.357208251953125000e+00,-5.880719661712646484e+00,-1.420322608947753906e+01
-1.454626655578613281e+01,-8.490615844726562500e+00,-7.168657302856445312e+00,-6.060749053955078125e+00,-1.417167472839355469e+01
-1.508935165405273438e+01,-7.739627838134765625e+00,-7.956196308135986328e+00,-6.095982551574707031e+00,-1.450981521606445312e+01
-1.458949279785156250e+01,-7.276239395141601562e+00,-6.573964595794677734e+00,-6.021558761596679688e+00,-1.448326301574707031e+01
-1.376739978790283203e+01,-8.670915603637695312e+00,-5.743489265441894531e+00,-5.302237033843994141e+00,-1.360281372070312500e+01
-1.333234405517578125e+01,-8.121510505676269531e+00,-5.877555370330810547e+00,-5.471066951751708984e+00,-1.304754257202148438e+01
-1.242135143280029297e+01,-7.421360969543457031e+00,-6.967134475708007812e+00,-5.094807147979736328e+00,-1.293038558959960938e+01
-1.196960258483886719e+01,-1.170164775848388672e+01,-1.001398658752441406e+01,-4.822745323181152344e+00,-1.411313629150390625e+01
-1.284226417541503906e+01,-1.308406352996826172e+01,-1.422893905639648438e+01,-4.768406391143798828e+00,-1.474390792846679688e+01
-1.331976699829101562e+01,-1.298646640777587891e+01,-1.605628395080566406e+01,-4.809468269348144531e+00,-1.493678092956542969e+01
-1.331790542602539062e+01,-1.233578777313232422e+01,-1.612236404418945312e+01,-4.649195194244384766e+00,-1.596203994750976562e+01
-1.271994304656982422e+01,-1.252712726593017578e+01,-1.630517196655273438e+01,-4.633842945098876953e+00,-1.600691223144531250e+01
-1.261648178100585938e+01,-1.316025066375732422e+01,-1.753539276123046875e+01,-4.723329544067382812e+00,-1.620237350463867188e+01
-1.188570785522460938e+01,-1.250332164764404297e+01,-1.829634666442871094e+01,-4.659357070922851562e+00,-1.645794105529785156e+01
-1.193610382080078125e+01,-1.273696517944335938e+01,-1.816674995422363281e+01,-4.591024875640869141e+00,-1.689153480529785156e+01
-1.189920043945312500e+01,-1.301238632202148438e+01,-1.872754096984863281e+01,-4.579542636871337891e+00,-1.740301132202148438e+01
-1.182260131835937500e+01,-1.301130008697509766e+01,-1.912896728515625000e+01,-4.513442039489746094e+00,-1.775310897827148438e+01
-1.185256385803222656e+01,-1.284395122528076172e+01,-1.882229804992675781e+01,-4.471812725067138672e+00,-1.776354026794433594e+01
-1.213437366485595703e+01,-1.306587982177734375e+01,-1.874365425109863281e+01,-4.550921916961669922e+00,-1.781934738159179688e+01
-1.217532348632812500e+01,-1.309823131561279297e+01,-1.845421791076660156e+01,-4.574628353118896484e+00,-1.773322105407714844e+01
-1.155820846557617188e+01,-1.294031620025634766e+01,-1.947348022460937500e+01,-4.666778564453125000e+00,-1.756793975830078125e+01
-1.161573886871337891e+01,-1.304391098022460938e+01,-1.963795661926269531e+01,-4.566725254058837891e+00,-1.780043983459472656e+01
-1.163930892944335938e+01,-1.311304950714111328e+01,-1.945494079589843750e+01,-4.543146133422851562e+00,-1.775167655944824219e+01
-1.140902805328369141e+01,-1.313175201416015625e+01,-1.999610519409179688e+01,-4.593087673187255859e+00,-1.741671562194824219e+01
-1.187239456176757812e+01,-1.318266201019287109e+01,-1.988898849487304688e+01,-4.537000656127929688e+00,-1.791473960876464844e+01
-1.161012077331542969e+01,-1.281639289855957031e+01,-1.998334503173828125e+01,-4.532929420471191406e+00,-1.766157531738281250e+01
-1.140968322753906250e+01,-1.251512718200683594e+01,-1.987517166137695312e+01,-4.557333469390869141e+00,-1.746264839172363281e+01
-1.148276901245117188e+01,-1.164871597290039062e+01,-1.918968963623046875e+01,-4.734606266021728516e+00,-1.632443237304687500e+01
-1.152460670471191406e+01,-1.159119033813476562e+01,-1.840446853637695312e+01,-4.786663532257080078e+00,-1.519680213928222656e+01
-1.161414718627929688e+01,-1.228058528900146484e+01,-1.765607643127441406e+01,-4.768672466278076172e+00,-1.523047256469726562e+01
-1.229239940643310547e+01,-1.225909805297851562e+01,-1.691709709167480469e+01,-4.658658027648925781e+00,-1.591463661193847656e+01
-1.399853897094726562e+01,-1.208151626586914062e+01,-1.609509086608886719e+01,-4.776474475860595703e+00,-1.664762306213378906e+01
-1.371817779541015625e+01,-1.177879810333251953e+01,-1.799624824523925781e+01,-4.700347900390625000e+00,-1.676087379455566406e+01
-1.395293426513671875e+01,-1.217988014221191406e+01,-1.791398620605468750e+01,-4.688959121704101562e+00,-1.661029243469238281e+01
-1.435886192321777344e+01,-1.178334617614746094e+01,-1.801037216186523438e+01,-4.734757423400878906e+00,-1.690413284301757812e+01
-1.413065719604492188e+01,-1.199183845520019531e+01,-1.743165016174316406e+01,-4.786096572875976562e+00,-1.652663993835449219e+01
-1.403171634674072266e+01,-1.189992618560791016e+01,-1.645253372192382812e+01,-4.761686801910400391e+00,-1.632181549072265625e+01
-1.435595321655273438e+01,-1.211136722564697266e+01,-1.585003662109375000e+01,-4.803428173065185547e+00,-1.655395698547363281e+01
-1.394024276733398438e+01,-1.196188735961914062e+01,-1.392082595825195312e+01,-4.843239307403564453e+00,-1.556190299987792969e+01
-1.422906112670898438e+01,-1.110087203979492188e+01,-1.270531272888183594e+01,-4.916298866271972656e+00,-1.512786102294921875e+01
-1.408211326599121094e+01,-1.029599380493164062e+01,-1.402725791931152344e+01,-4.822691917419433594e+00,-1.428856277465820312e+01
-1.422426223754882812e+01,-1.010964679718017578e+01,-1.317181968688964844e+01,-4.811028480529785156e+00,-1.390659904479980469e+01
-1.443861865997314453e+01,-1.081525230407714844e+01,-1.302881050109863281e+01,-4.880630970001220703e+00,-1.424357795715332031e+01
-1.271123218536376953e+01,-7.511317253112792969e+00,-9.692108154296875000e+00,-4.762611389160156250e+00,-1.102754592895507812e+01
-1.221926498413085938e+01,-7.813122272491455078e+00,-9.439481735229492188e+00,-4.661698818206787109e+00,-1.049574089050292969e+01
-1.484842395782470703e+01,-9.979693412780761719e+00,-1.170929145812988281e+01,-5.073026657104492188e+00,-1.420712852478027344e+01
-1.247089767456054688e+01,-7.349083900451660156e+00,-9.864393234252929688e+00,-4.723938941955566406e+00,-1.056255722045898438e+01
-1.426875877380371094e+01,-8.885434150695800781e+00,-1.128393936157226562e+01,-4.979898452758789062e+00,-1.378028678894042969e+01
-1.389399719238281250e+01,-9.028530120849609375e+00,-1.047862434387207031e+01,-4.846082210540771484e+00,-1.330815315246582031e+01
-1.326359558105468750e+01,-7.961486816406250000e+00,-8.986013412475585938e+00,-5.017677783966064453e+00,-1.283835983276367188e+01
-1.151511955261230469e+01,-8.457393646240234375e+00,-9.250318527221679688e+00,-4.844976902008056641e+00,-1.028553581237792969e+01
-1.070622158050537109e+01,-7.705342292785644531e+00,-8.759219169616699219e+00,-4.688920974731445312e+00,-9.921529769897460938e+00
-1.106116294860839844e+01,-1.124731159210205078e+01,-1.242087745666503906e+01,-4.717807769775390625e+00,-1.254185295104980469e+01
-9.611558914184570312e+00,-1.207209968566894531e+01,-1.444331550598144531e+01,-4.846115112304687500e+00,-1.078140258789062500e+01
-1.108250617980957031e+01,-1.262377166748046875e+01,-1.553285598754882812e+01,-4.894897460937500000e+00,-1.290074348449707031e+01
-1.258150100708007812e+01,-1.287776851654052734e+01,-1.660729598999023438e+01,-4.823993206024169922e+00,-1.409845352172851562e+01
-1.286357021331787109e+01,-1.215620040893554688e+01,-1.686260986328125000e+01,-4.796736717224121094e+00,-1.511757087707519531e+01
-1.236995220184326172e+01,-1.191175937652587891e+01,-1.775114822387695312e+01,-4.710031509399414062e+00,-1.527244758605957031e+01
-1.192024421691894531e+01,-1.187972640991210938e+01,-1.853036880493164062e+01,-4.666209697723388672e+00,-1.514154624938964844e+01
-1.064243888854980469e+01,-1.202888870239257812e+01,-1.812803459167480469e+01,-4.550550937652587891e+00,-1.472098922729492188e+01
-1.118757629394531250e+01,-1.193179321289062500e+01,-1.844455337524414062e+01,-4.575180530548095703e+00,-1.531255149841308594e+01
-1.171638584136962891e+01,-1.246512603759765625e+01,-1.935511016845703125e+01,-4.562187671661376953e+00,-1.625129890441894531e+01
-1.169525814056396484e+01,-1.275462150573730469e+01,-1.947420120239257812e+01,-4.581568717956542969e+00,-1.614870643615722656e+01
-1.206171989440917969e+01,-1.268821144104003906e+01,-1.961517143249511719e+01,-4.616152763366699219e+00,-1.653675651550292969e+01
-1.194520759582519531e+01,-1.272077369689941406e+01,-1.929577064514160156e+01,-4.560335636138916016e+00,-1.663685417175292969e+01
-1.214909267425537109e+01,-1.278770637512207031e+01,-1.961629486083984375e+01,-4.535189628601074219e+00,-1.666168212890625000e+01
-1.273852920532226562e+01,-1.273734092712402344e+01,-1.981725692749023438e+01,-4.606683731079101562e+00,-1.712266921997070312e+01
-1.255533218383789062e+01,-1.267696571350097656e+01,-1.996627807617187500e+01,-4.589262008666992188e+00,-1.723068237304687500e+01
-1.211877441406250000e+01,-1.260022163391113281e+01,-1.954282569885253906e+01,-4.578386783599853516e+00,-1.687200927734375000e+01
-1.175481414794921875e+01,-1.300832939147949219e+01,-1.891934967041015625e+01,-4.703905582427978516e+00,-1.637977790832519531e+01
-1.186307811737060547e+01,-1.325481700897216797e+01,-1.906114768981933594e+01,-4.674072265625000000e+00,-1.665016555786132812e+01
-1.243622207641601562e+01,-1.346243858337402344e+01,-1.822334480285644531e+01,-4.686421871185302734e+00,-1.627386856079101562e+01
-1.242506790161132812e+01,-1.340853977203369141e+01,-1.746516609191894531e+01,-4.636575698852539062e+00,-1.603653526306152344e+01
-1.235351181030273438e+01,-1.341995906829833984e+01,-1.706715393066406250e+01,-4.667951583862304688e+00,-1.550845146179199219e+01
-1.239300155639648438e+01,-1.329076290130615234e+01,-1.729734802246093750e+01,-4.675677299499511719e+00,-1.549019050598144531e+01
-1.283283424377441406e+01,-1.348711776733398438e+01,-1.639080619812011719e+01,-4.655852317810058594e+00,-1.486139106750488281e+01
-1.280127906799316406e+01,-1.344018840789794922e+01,-1.596457099914550781e+01,-4.679945945739746094e+00,-1.451078224182128906e+01
-1.264645862579345703e+01,-1.309359169006347656e+01,-1.633077239990234375e+01,-4.657920837402343750e+00,-1.466742515563964844e+01
-1.309505176544189453e+01,-1.315512180328369141e+01,-1.574931144714355469e+01,-4.781484603881835938e+00,-1.529651832580566406e+01
-1.323499298095703125e+01,-1.257938194274902344e+01,-1.388593673706054688e+01,-4.795047760009765625e+00,-1.531625938415527344e+01
-1.343790721893310547e+01,-1.205928707122802734e+01,-1.593328666687011719e+01,-4.751914978027343750e+00,-1.540505981445312500e+01
-1.332934284210205078e+01,-1.205916118621826172e+01,-1.667938041687011719e+01,-4.735818862915039062e+00,-1.510096168518066406e+01
-1.328941440582275391e+01,-1.171231651306152344e+01,-1.606724739074707031e+01,-4.757191658020019531e+00,-1.407846450805664062e+01
-1.374336051940917969e+01,-1.015633678436279297e+01,-1.553069496154785156e+01,-4.611220359802246094e+00,-1.388117599487304688e+01
-1.351106643676757812e+01,-7.518580436706542969e+00,-1.324020385742187500e+01,-4.818341732025146484e+00,-1.347303390502929688e+01
-1.181950473785400391e+01,-8.083042144775390625e+00,-9.180368423461914062e+00,-5.287344455718994141e+00,-1.152216720581054688e+01
-1.012077426910400391e+01,-8.141052246093750000e+00,-8.725006103515625000e+00,-5.528753280639648438e+00,-1.003458881378173828e+01
-1.020917701721191406e+01,-7.666081428527832031e+00,-9.368705749511718750e+00,-5.538873195648193359e+00,-1.042686271667480469e+01
-1.028082561492919922e+01,-7.824668884277343750e+00,-9.337135314941406250e+00,-5.352519989013671875e+00,-1.021030616760253906e+01
-1.055393409729003906e+01,-7.280786514282226562e+00,-8.894178390502929688e+00,-5.499091148376464844e+00,-1.072706413269042969e+01
-1.006232547760009766e+01,-6.861070632934570312e+00,-8.855058670043945312e+00,-6.120351791381835938e+00,-9.477515220642089844e+00
-1.042110252380371094e+01,-6.702321052551269531e+00,-9.438240051269531250e+00,-6.198854446411132812e+00,-1.030271148681640625e+01
-9.658155441284179688e+00,-6.335792541503906250e+00,-9.459589004516601562e+00,-6.857731819152832031e+00,-7.809792518615722656e+00
-9.712672233581542969e+00,-5.886813163757324219e+00,-1.033959007263183594e+01,-7.214102268218994141e+00,-8.330198287963867188e+00
-9.393911361694335938e+00,-5.890194416046142578e+00,-1.021145248413085938e+01,-7.941379547119140625e+00,-7.569142818450927734e+00
-8.975512504577636719e+00,-6.226662635803222656e+00,-1.041613388061523438e+01,-7.388488292694091797e+00,-7.109699249267578125e+00
-1.010894298553466797e+01,-6.012419700622558594e+00,-1.051932716369628906e+01,-6.554710865020751953e+00,-9.678401947021484375e+00
-9.511125564575195312e+00,-5.561257362365722656e+00,-9.738458633422851562e+00,-7.403062343597412109e+00,-7.271790504455566406e+00
-1.011359119415283203e+01,-5.437955856323242188e+00,-8.067167282104492188e+00,-9.833793640136718750e+00,-7.992630481719970703e+00
-1.010903167724609375e+01,-5.424693107604980469e+00,-8.176843643188476562e+00,-8.252617835998535156e+00,-7.242600917816162109e+00
-9.890752792358398438e+00,-5.700189590454101562e+00,-7.758615016937255859e+00,-7.815855503082275391e+00,-5.754599094390869141e+00
-9.778778076171875000e+00,-7.368354320526123047e+00,-6.323183536529541016e+00,-6.589313507080078125e+00,-4.929114341735839844e+00
-1.035567378997802734e+01,-7.791410446166992188e+00,-5.683535575866699219e+00,-5.826169967651367188e+00,-6.499071121215820312e+00
-9.778155326843261719e+00,-7.865742683410644531e+00,-6.225016117095947266e+00,-5.595665931701660156e+00,-5.461110115051269531e+00
-9.817802429199218750e+00,-7.658408164978027344e+00,-7.616106033325195312e+00,-5.347914695739746094e+00,-6.758043766021728516e+00
-8.913332939147949219e+00,-6.228267192840576172e+00,-1.020566177368164062e+01,-6.029522895812988281e+00,-4.846621513366699219e+00
-9.682085037231445312e+00,-6.093115329742431641e+00,-9.696474075317382812e+00,-5.905426979064941406e+00,-5.083465099334716797e+00
-1.138035202026367188e+01,-5.815041065216064453e+00,-8.616595268249511719e+00,-8.140122413635253906e+00,-8.614923477172851562e+00
-1.139970397949218750e+01,-5.751653671264648438e+00,-8.402641296386718750e+00,-8.943644523620605469e+00,-8.360759735107421875e+00
-5.932033061981201172e+00,-5.949136734008789062e+00,-5.806731700897216797e+00,-7.106504440307617188e+00,-2.438253879547119141e+00
-9.820724487304687500e+00,-7.165577888488769531e+00,-7.827731609344482422e+00,-6.682649612426757812e+00,-6.092572689056396484e+00
-1.066766166687011719e+01,-6.456219196319580078e+00,-7.713130950927734375e+00,-7.607849597930908203e+00,-7.286336421966552734e+00
-1.047530364990234375e+01,-6.772428035736083984e+00,-6.223805427551269531e+00,-8.339269638061523438e+00,-6.604316234588623047e+00
-9.814445495605468750e+00,-6.797519683837890625e+00,-6.544773578643798828e+00,-8.341596603393554688e+00,-6.142874717712402344e+00
-9.327666282653808594e+00,-6.408372879028320312e+00,-8.359891891479492188e+00,-8.093296051025390625e+00,-5.561228752136230469e+00
-9.186564445495605469e+00,-6.143186092376708984e+00,-9.150509834289550781e+00,-8.245835304260253906e+00,-4.993685245513916016e+00
-9.828633308410644531e+00,-5.589149951934814453e+00,-9.248022079467773438e+00,-9.643756866455078125e+00,-5.307637214660644531e+00
-1.028917694091796875e+01,-5.489909172058105469e+00,-1.032863426208496094e+01,-9.458455085754394531e+00,-6.072134971618652344e+00
-1.062863922119140625e+01,-5.466310501098632812e+00,-1.088475894927978516e+01,-9.260494232177734375e+00,-5.965295791625976562e+00
-9.921191215515136719e+00,-5.527685165405273438e+00,-9.181693077087402344e+00,-9.469097137451171875e+00,-5.911149024963378906e+00
-5.936870098114013672e+00,-5.952614784240722656e+00,-5.820463180541992188e+00,-7.089581489562988281e+00,-2.429865837097167969e+00
-9.876192092895507812e+00,-6.294659137725830078e+00,-6.133873939514160156e+00,-8.585153579711914062e+00,-7.018845558166503906e+00
-8.208600997924804688e+00,-6.863261699676513672e+00,-6.451336383819580078e+00,-7.510262012481689453e+00,-5.104923725128173828e+00
-2.974463067948818207e-02,-8.606654167175292969e+00,-1.165545845031738281e+01,-5.642811775207519531e+00,-4.060105800628662109e+00
