-1.778160476684570312e+01,-5.789701461791992188e+00,-8.009848594665527344e+00,-1.459087753295898438e+01,-1.611718368530273438e+01
-1.665845489501953125e+01,-5.660369396209716797e+00,-8.722229003906250000e+00,-1.434353446960449219e+01,-1.579251098632812500e+01
-1.729822921752929688e+01,-5.614022254943847656e+00,-9.669202804565429688e+00,-1.516758537292480469e+01,-1.709820175170898438e+01
-1.767900848388671875e+01,-5.606198787689208984e+00,-9.473850250244140625e+00,-1.570706748962402344e+01,-1.681383514404296875e+01
-1.895637130737304688e+01,-5.681241989135742188e+00,-1.074790573120117188e+01,-1.562359428405761719e+01,-1.766092681884765625e+01
-1.831565666198730469e+01,-5.569480895996093750e+00,-1.015494918823242188e+01,-1.441453742980957031e+01,-1.704109573364257812e+01
-2.035997200012207031e+01,-5.695958137512207031e+00,-1.145318508148193359e+01,-1.550304031372070312e+01,-1.813149261474609375e+01
-1.790067672729492188e+01,-5.628841400146484375e+00,-1.015568923950195312e+01,-1.505306625366210938e+01,-1.605570983886718750e+01
-1.821891975402832031e+01,-5.631847858428955078e+00,-1.028292369842529297e+01,-1.413064193725585938e+01,-1.615010452270507812e+01
-1.848504257202148438e+01,-5.736679077148437500e+00,-1.245792961120605469e+01,-1.512430191040039062e+01,-1.688284111022949219e+01
-1.766630172729492188e+01,-5.806998252868652344e+00,-7.639075279235839844e+00,-1.407542610168457031e+01,-1.404597187042236328e+01
-1.801386642456054688e+01,-5.766746520996093750e+00,-1.286034488677978516e+01,-1.463636589050292969e+01,-1.484338569641113281e+01
-1.632164573669433594e+01,-5.732891559600830078e+00,-1.276750659942626953e+01,-1.637931442260742188e+01,-1.247826290130615234e+01
-1.692489051818847656e+01,-5.720025062561035156e+00,-1.077629947662353516e+01,-1.569040298461914062e+01,-1.456266307830810547e+01
-1.709846115112304688e+01,-5.688457489013671875e+00,-1.251521587371826172e+01,-1.530183792114257812e+01,-1.645833206176757812e+01
-1.854068183898925781e+01,-5.703331947326660156e+00,-1.220310115814208984e+01,-1.498115730285644531e+01,-1.707797622680664062e+01
-1.762382507324218750e+01,-5.601408004760742188e+00,-1.008494949340820312e+01,-1.491724586486816406e+01,-1.598707580566406250e+01
-1.794404220581054688e+01,-5.681912899017333984e+00,-1.002375888824462891e+01,-1.531948089599609375e+01,-1.475981616973876953e+01
-1.615365600585937500e+01,-5.646673202514648438e+00,-9.608312606811523438e+00,-1.545112991333007812e+01,-1.354102325439453125e+01
-1.659729194641113281e+01,-5.732119560241699219e+00,-1.051112461090087891e+01,-1.599381065368652344e+01,-1.421533203125000000e+01
-1.617973327636718750e+01,-5.823618412017822266e+00,-8.455238342285156250e+00,-1.578396987915039062e+01,-1.406388187408447266e+01
-1.182951641082763672e+01,-5.741638660430908203e+00,-9.307601928710937500e+00,-1.258635330200195312e+01,-8.730013847351074219e+00
-1.953163146972656250e+01,-5.790390968322753906e+00,-1.033218955993652344e+01,-1.607349967956542969e+01,-1.644090652465820312e+01
-2.040417480468750000e+01,-5.840219497680664062e+00,-1.334143257141113281e+01,-1.645625305175781250e+01,-1.729988861083984375e+01
-2.082136726379394531e+01,-5.844266891479492188e+00,-1.237897109985351562e+01,-1.649778938293457031e+01,-1.773942947387695312e+01
-2.119493865966796875e+01,-5.845965385437011719e+00,-1.405046367645263672e+01,-1.658148002624511719e+01,-1.771589279174804688e+01
-2.080928421020507812e+01,-5.896534442901611328e+00,-1.256329345703125000e+01,-1.648158454895019531e+01,-1.670970153808593750e+01
-1.155467414855957031e+01,-5.696805000305175781e+00,-8.458621978759765625e+00,-1.183507633209228516e+01,-7.428834915161132812e+00
-1.921094322204589844e+01,-5.730217456817626953e+00,-1.365194034576416016e+01,-1.611005592346191406e+01,-1.710341835021972656e+01
-2.070558166503906250e+01,-5.816092014312744141e+00,-1.343456077575683594e+01,-1.603858184814453125e+01,-1.733731079101562500e+01
-2.115443420410156250e+01,-5.809663295745849609e+00,-1.277001667022705078e+01,-1.538227272033691406e+01,-1.710513496398925781e+01
-2.017567062377929688e+01,-5.752461433410644531e+00,-1.185879135131835938e+01,-1.545390892028808594e+01,-1.667454910278320312e+01
-1.898773384094238281e+01,-5.746337890625000000e+00,-1.111030292510986328e+01,-1.529999542236328125e+01,-1.636039352416992188e+01
-1.935634613037109375e+01,-5.814315319061279297e+00,-1.147435855865478516e+01,-1.554526138305664062e+01,-1.652379226684570312e+01
-1.830549621582031250e+01,-5.733244895935058594e+00,-1.142994403839111328e+01,-1.539010047912597656e+01,-1.577109813690185547e+01
-1.131249046325683594e+01,-5.690121650695800781e+00,-8.302011489868164062e+00,-1.147737693786621094e+01,-7.148433685302734375e+00
-1.325470256805419922e+01,-5.659003257751464844e+00,-7.740927219390869141e+00,-1.415505599975585938e+01,-9.176232337951660156e+00
-1.580041027069091797e+01,-5.748605251312255859e+00,-1.020533943176269531e+01,-1.553601074218750000e+01,-1.357396030426025391e+01
-1.565039825439453125e+01,-5.746999263763427734e+00,-1.100534057617187500e+01,-1.608316230773925781e+01,-1.301491165161132812e+01
-1.648709869384765625e+01,-5.727937221527099609e+00,-1.195518970489501953e+01,-1.593367004394531250e+01,-1.433984470367431641e+01
-1.500225734710693359e+01,-5.673332691192626953e+00,-1.065975475311279297e+01,-1.595409584045410156e+01,-1.385896587371826172e+01
-1.452853584289550781e+01,-5.783135414123535156e+00,-7.702787876129150391e+00,-1.599923896789550781e+01,-1.225245761871337891e+01
-1.485160350799560547e+01,-5.722456455230712891e+00,-1.019912147521972656e+01,-1.625382041931152344e+01,-1.308709907531738281e+01
-1.372161006927490234e+01,-5.789948463439941406e+00,-7.689034461975097656e+00,-1.565864753723144531e+01,-1.169677162170410156e+01
-1.123946666717529297e+01,-5.686217784881591797e+00,-7.972224712371826172e+00,-1.115105819702148438e+01,-6.858891010284423828e+00
-1.122823333740234375e+01,-5.687324047088623047e+00,-7.783098220825195312e+00,-1.104910659790039062e+01,-6.720698356628417969e+00
-1.665590858459472656e+01,-5.716799736022949219e+00,-1.037856960296630859e+01,-1.614778518676757812e+01,-1.531393527984619141e+01
-1.729028511047363281e+01,-5.717226028442382812e+00,-1.034991741180419922e+01,-1.618362045288085938e+01,-1.586427879333496094e+01
-1.668662452697753906e+01,-5.679368495941162109e+00,-1.083495044708251953e+01,-1.582476997375488281e+01,-1.513860034942626953e+01
-1.619680023193359375e+01,-5.658747196197509766e+00,-9.343191146850585938e+00,-1.561319160461425781e+01,-1.407713413238525391e+01
-1.644838333129882812e+01,-5.631325721740722656e+00,-8.729682922363281250e+00,-1.593677902221679688e+01,-1.396762371063232422e+01
-1.684629058837890625e+01,-5.688919544219970703e+00,-8.681072235107421875e+00,-1.594599342346191406e+01,-1.463264751434326172e+01
-1.794767761230468750e+01,-5.755722522735595703e+00,-1.097305870056152344e+01,-1.589775466918945312e+01,-1.589955043792724609e+01
-1.671323966979980469e+01,-5.699348449707031250e+00,-9.982797622680664062e+00,-1.579454040527343750e+01,-1.448691272735595703e+01
-1.468757343292236328e+01,-5.661970138549804688e+00,-9.809136390686035156e+00,-1.554575729370117188e+01,-1.324750614166259766e+01
-1.126544284820556641e+01,-5.685011863708496094e+00,-8.035398483276367188e+00,-1.130612468719482422e+01,-6.934273719787597656e+00
-1.522450447082519531e+01,-5.796471118927001953e+00,-8.995135307312011719e+00,-1.595215034484863281e+01,-1.345278167724609375e+01
-1.120139122009277344e+01,-5.688016414642333984e+00,-7.649733543395996094e+00,-1.093821525573730469e+01,-6.640166759490966797e+00
-1.646048355102539062e+01,-5.885101795196533203e+00,-7.288054466247558594e+00,-1.529307937622070312e+01,-1.371090412139892578e+01
-1.736960792541503906e+01,-5.922370910644531250e+00,-7.019830226898193359e+00,-1.530368995666503906e+01,-1.392970848083496094e+01
-1.831496047973632812e+01,-5.783491134643554688e+00,-1.030412101745605469e+01,-1.515948867797851562e+01,-1.498178195953369141e+01
-1.963227844238281250e+01,-5.848911285400390625e+00,-1.013171958923339844e+01,-1.540710067749023438e+01,-1.582069683074951172e+01
-2.208471107482910156e+01,-5.787887573242187500e+00,-1.185903072357177734e+01,-1.500761985778808594e+01,-1.823074722290039062e+01
-2.257503890991210938e+01,-5.852663993835449219e+00,-1.196848583221435547e+01,-1.495692825317382812e+01,-1.804663848876953125e+01
-2.279617881774902344e+01,-5.827294826507568359e+00,-1.388828182220458984e+01,-1.514803886413574219e+01,-1.838326263427734375e+01
-2.189303970336914062e+01,-5.758603096008300781e+00,-1.527038288116455078e+01,-1.604837608337402344e+01,-1.814804077148437500e+01
-2.114732742309570312e+01,-5.721741199493408203e+00,-1.565625476837158203e+01,-1.640919113159179688e+01,-1.772888183593750000e+01
-2.080826568603515625e+01,-5.720353126525878906e+00,-1.540008640289306641e+01,-1.642057037353515625e+01,-1.749032974243164062e+01
-2.093266868591308594e+01,-5.675478935241699219e+00,-1.611322784423828125e+01,-1.650720787048339844e+01,-1.739001846313476562e+01
-2.091150856018066406e+01,-5.679000854492187500e+00,-1.660915756225585938e+01,-1.667469978332519531e+01,-1.709145736694335938e+01
-2.115469741821289062e+01,-5.669027328491210938e+00,-1.640277099609375000e+01,-1.658705139160156250e+01,-1.753816223144531250e+01
-2.114452362060546875e+01,-5.694771766662597656e+00,-1.660807418823242188e+01,-1.665325355529785156e+01,-1.759520721435546875e+01
-2.090178108215332031e+01,-5.670346736907958984e+00,-1.602169418334960938e+01,-1.635283088684082031e+01,-1.753337097167968750e+01
-2.045311737060546875e+01,-5.670305252075195312e+00,-1.615131568908691406e+01,-1.634836196899414062e+01,-1.649083709716796875e+01
-2.075227355957031250e+01,-5.653180122375488281e+00,-1.626656723022460938e+01,-1.650079154968261719e+01,-1.691017150878906250e+01
-2.138088798522949219e+01,-5.718396186828613281e+00,-1.606982421875000000e+01,-1.656218910217285156e+01,-1.753115463256835938e+01
-2.136431312561035156e+01,-5.706199645996093750e+00,-1.701200103759765625e+01,-1.683199310302734375e+01,-1.761653900146484375e+01
-2.097657012939453125e+01,-5.646232128143310547e+00,-1.731913375854492188e+01,-1.670687103271484375e+01,-1.730881118774414062e+01
-2.115125274658203125e+01,-5.651010990142822266e+00,-1.716721343994140625e+01,-1.671018981933593750e+01,-1.743283462524414062e+01
-2.057963180541992188e+01,-5.682237625122070312e+00,-1.735195159912109375e+01,-1.674529266357421875e+01,-1.679526138305664062e+01
-2.044687652587890625e+01,-5.717454910278320312e+00,-1.706536102294921875e+01,-1.648136329650878906e+01,-1.671540069580078125e+01
-1.983828926086425781e+01,-5.731519699096679688e+00,-1.641703414916992188e+01,-1.651363754272460938e+01,-1.569714450836181641e+01
-1.963575363159179688e+01,-5.744161605834960938e+00,-1.605734634399414062e+01,-1.659883117675781250e+01,-1.536409568786621094e+01
-1.931583213806152344e+01,-5.747118949890136719e+00,-1.585188484191894531e+01,-1.664802742004394531e+01,-1.442423152923583984e+01
-1.916839981079101562e+01,-5.721637725830078125e+00,-1.617048263549804688e+01,-1.673250007629394531e+01,-1.432626247406005859e+01
-1.965942001342773438e+01,-5.697878360748291016e+00,-1.600134849548339844e+01,-1.665865707397460938e+01,-1.517213344573974609e+01
-2.001508903503417969e+01,-5.691474914550781250e+00,-1.620830535888671875e+01,-1.681827354431152344e+01,-1.550357723236083984e+01
-1.989137649536132812e+01,-5.717259407043457031e+00,-1.625144195556640625e+01,-1.681027412414550781e+01,-1.535169982910156250e+01
-1.987733459472656250e+01,-5.680874824523925781e+00,-1.710787963867187500e+01,-1.720898818969726562e+01,-1.551680469512939453e+01
-1.936334419250488281e+01,-5.712787628173828125e+00,-1.692762184143066406e+01,-1.701910209655761719e+01,-1.528413486480712891e+01
-1.924503135681152344e+01,-5.685028553009033203e+00,-1.571791362762451172e+01,-1.673477363586425781e+01,-1.501605415344238281e+01
-1.953927230834960938e+01,-5.687446117401123047e+00,-1.579353904724121094e+01,-1.683839797973632812e+01,-1.554323959350585938e+01
-1.993673706054687500e+01,-5.692210197448730469e+00,-1.561904048919677734e+01,-1.674854660034179688e+01,-1.597147274017333984e+01
-2.061681365966796875e+01,-5.672839641571044922e+00,-1.530081272125244141e+01,-1.652933120727539062e+01,-1.685622787475585938e+01
-2.117387962341308594e+01,-5.742260932922363281e+00,-1.539176464080810547e+01,-1.652088546752929688e+01,-1.669809722900390625e+01
-2.089263153076171875e+01,-5.632463455200195312e+00,-1.690984725952148438e+01,-1.650500869750976562e+01,-1.796089172363281250e+01
-1.116286277770996094e+01,-5.689760208129882812e+00,-7.536868095397949219e+00,-1.083268737792968750e+01,-6.585008144378662109e+00
-2.139879608154296875e+01,-5.766274452209472656e+00,-1.601973342895507812e+01,-1.625644874572753906e+01,-1.899730300903320312e+01
-2.104942703247070312e+01,-5.755883216857910156e+00,-1.350380039215087891e+01,-1.531136322021484375e+01,-1.784530639648437500e+01
-2.111297988891601562e+01,-5.814028263092041016e+00,-1.152575874328613281e+01,-1.557543182373046875e+01,-1.721375274658203125e+01
-1.948213577270507812e+01,-5.832471847534179688e+00,-1.131110000610351562e+01,-1.624740982055664062e+01,-1.725384902954101562e+01
-1.121319770812988281e+01,-5.687119483947753906e+00,-7.641327857971191406e+00,-1.092833328247070312e+01,-6.638804435729980469e+00
-1.426624679565429688e+01,-6.185959339141845703e+00,-5.176693916320800781e+00,-1.410819816589355469e+01,-9.409620285034179688e+00
-1.947143173217773438e+01,-5.835837364196777344e+00,-1.405078411102294922e+01,-1.703677940368652344e+01,-1.775143051147460938e+01
-2.046560478210449219e+01,-5.871247291564941406e+00,-9.531319618225097656e+00,-1.632026863098144531e+01,-1.664920425415039062e+01
-2.173315811157226562e+01,-5.784414768218994141e+00,-1.162198066711425781e+01,-1.530336189270019531e+01,-1.826810073852539062e+01
-2.167795181274414062e+01,-5.736220359802246094e+00,-1.209571456909179688e+01,-1.503206825256347656e+01,-1.794040298461914062e+01
-2.231298446655273438e+01,-5.735540390014648438e+00,-1.218436717987060547e+01,-1.504227638244628906e+01,-1.829644775390625000e+01
-2.242972755432128906e+01,-5.722826957702636719e+00,-1.232609748840332031e+01,-1.504659461975097656e+01,-1.865601730346679688e+01
-2.242155838012695312e+01,-5.721428394317626953e+00,-1.217004680633544922e+01,-1.507025527954101562e+01,-1.823540115356445312e+01
-2.304177093505859375e+01,-5.689509391784667969e+00,-1.262566089630126953e+01,-1.532409667968750000e+01,-1.852598571777343750e+01
-2.312205123901367188e+01,-5.658400535583496094e+00,-1.249873828887939453e+01,-1.540157318115234375e+01,-1.839915084838867188e+01
-2.311687278747558594e+01,-5.682491779327392578e+00,-1.239218044281005859e+01,-1.547878074645996094e+01,-1.831230545043945312e+01
-2.323249435424804688e+01,-5.697230339050292969e+00,-1.217274761199951172e+01,-1.569254302978515625e+01,-1.840946197509765625e+01
-2.304314613342285156e+01,-5.678299427032470703e+00,-1.210608768463134766e+01,-1.568106269836425781e+01,-1.814816284179687500e+01
-2.273268127441406250e+01,-5.743842601776123047e+00,-1.214931774139404297e+01,-1.555159759521484375e+01,-1.805803298950195312e+01
-2.235452842712402344e+01,-5.758611679077148438e+00,-1.148329353332519531e+01,-1.526174163818359375e+01,-1.799688720703125000e+01
-2.225525665283203125e+01,-5.720423221588134766e+00,-1.151096534729003906e+01,-1.548680114746093750e+01,-1.801924896240234375e+01
-2.145841789245605469e+01,-5.678434848785400391e+00,-1.145417499542236328e+01,-1.566581726074218750e+01,-1.763745117187500000e+01
-2.078221702575683594e+01,-5.743715286254882812e+00,-9.266214370727539062e+00,-1.582767295837402344e+01,-1.692011260986328125e+01
-1.679401779174804688e+01,-5.937690258026123047e+00,-6.909873485565185547e+00,-1.524295234680175781e+01,-1.345470428466796875e+01
-1.122985935211181641e+01,-5.686192035675048828e+00,-7.709972381591796875e+00,-1.099651718139648438e+01,-6.682507991790771484e+00
-1.134132385253906250e+01,-5.686156272888183594e+00,-8.365334510803222656e+00,-1.155973243713378906e+01,-7.270728111267089844e+00
-1.127143287658691406e+01,-5.687885761260986328e+00,-7.841009140014648438e+00,-1.117116737365722656e+01,-6.803854942321777344e+00
-1.133250713348388672e+01,-5.687414169311523438e+00,-7.965591907501220703e+00,-1.133857917785644531e+01,-6.908725261688232422e+00
-1.130382728576660156e+01,-5.686100959777832031e+00,-7.870598793029785156e+00,-1.122387123107910156e+01,-6.810713768005371094e+00
-1.131443214416503906e+01,-5.685957908630371094e+00,-7.839731216430664062e+00,-1.123958492279052734e+01,-6.829557418823242188e+00
-2.183564949035644531e+01,-5.697113990783691406e+00,-1.280422687530517578e+01,-1.604487991333007812e+01,-1.867396926879882812e+01
-2.197198677062988281e+01,-5.641022205352783203e+00,-1.293255329132080078e+01,-1.624044609069824219e+01,-1.893709945678710938e+01
-2.183311080932617188e+01,-5.631446361541748047e+00,-1.267622852325439453e+01,-1.609636497497558594e+01,-1.870985794067382812e+01
-2.265158843994140625e+01,-5.661419868469238281e+00,-1.328800106048583984e+01,-1.625978469848632812e+01,-1.905407714843750000e+01
-1.148710536956787109e+01,-5.690829753875732422e+00,-8.179016113281250000e+00,-1.164246559143066406e+01,-7.166495800018310547e+00
-1.142442035675048828e+01,-5.686505317687988281e+00,-8.011941909790039062e+00,-1.146594047546386719e+01,-6.993992805480957031e+00
-2.213693618774414062e+01,-5.719705104827880859e+00,-1.342339420318603516e+01,-1.609553146362304688e+01,-1.878025436401367188e+01
-2.200347709655761719e+01,-5.689187049865722656e+00,-1.325634002685546875e+01,-1.603159332275390625e+01,-1.884921646118164062e+01
-2.234417724609375000e+01,-5.638198852539062500e+00,-1.427254581451416016e+01,-1.631168365478515625e+01,-1.895528411865234375e+01
-2.212674713134765625e+01,-5.643090248107910156e+00,-1.473186016082763672e+01,-1.630104255676269531e+01,-1.880854415893554688e+01
-2.178734207153320312e+01,-5.645929336547851562e+00,-1.519556903839111328e+01,-1.623733139038085938e+01,-1.834428787231445312e+01
-2.145908546447753906e+01,-5.695245265960693359e+00,-1.517948246002197266e+01,-1.642224884033203125e+01,-1.745587921142578125e+01
-2.107002258300781250e+01,-5.676188945770263672e+00,-1.529805088043212891e+01,-1.646818351745605469e+01,-1.709413909912109375e+01
-2.112501335144042969e+01,-5.662707328796386719e+00,-1.538387584686279297e+01,-1.674523735046386719e+01,-1.697034072875976562e+01
-2.025055313110351562e+01,-5.661401271820068359e+00,-1.573508930206298828e+01,-1.671107482910156250e+01,-1.618341827392578125e+01
-2.044395065307617188e+01,-5.647085189819335938e+00,-1.527654838562011719e+01,-1.681860160827636719e+01,-1.692756462097167969e+01
-1.995696258544921875e+01,-5.679941654205322266e+00,-1.550803470611572266e+01,-1.683587646484375000e+01,-1.629133987426757812e+01
-2.005775833129882812e+01,-5.683180332183837891e+00,-1.568632411956787109e+01,-1.694250869750976562e+01,-1.622530746459960938e+01
-1.977386474609375000e+01,-5.689018726348876953e+00,-1.555933094024658203e+01,-1.695418930053710938e+01,-1.551457023620605469e+01
-1.983482170104980469e+01,-5.689420700073242188e+00,-1.555921268463134766e+01,-1.709835433959960938e+01,-1.533793640136718750e+01
-1.971655464172363281e+01,-5.701975345611572266e+00,-1.563011455535888672e+01,-1.709444427490234375e+01,-1.503907299041748047e+01
-1.992975997924804688e+01,-5.694164276123046875e+00,-1.547871685028076172e+01,-1.710333633422851562e+01,-1.552300739288330078e+01
-1.979869270324707031e+01,-5.711888313293457031e+00,-1.526019668579101562e+01,-1.702713775634765625e+01,-1.535404300689697266e+01
-2.015457153320312500e+01,-5.739112854003906250e+00,-1.499421310424804688e+01,-1.707174682617187500e+01,-1.547191143035888672e+01
-2.024114608764648438e+01,-5.728820800781250000e+00,-1.514811801910400391e+01,-1.714339447021484375e+01,-1.547226142883300781e+01
-1.995565414428710938e+01,-5.723930835723876953e+00,-1.494763183593750000e+01,-1.694304656982421875e+01,-1.577736568450927734e+01
-1.955526161193847656e+01,-5.724934101104736328e+00,-1.496308040618896484e+01,-1.695233917236328125e+01,-1.482106494903564453e+01
-1.919030761718750000e+01,-5.706826210021972656e+00,-1.445629692077636719e+01,-1.687591552734375000e+01,-1.441211891174316406e+01
-1.961658096313476562e+01,-5.790729999542236328e+00,-1.317636013031005859e+01,-1.660924148559570312e+01,-1.412659358978271484e+01
-2.126795959472656250e+01,-5.827802658081054688e+00,-1.371615505218505859e+01,-1.627084350585937500e+01,-1.589354419708251953e+01
-2.249163818359375000e+01,-5.784061431884765625e+00,-1.497047710418701172e+01,-1.597289848327636719e+01,-1.725820159912109375e+01
-2.226000976562500000e+01,-5.754564762115478516e+00,-1.535617256164550781e+01,-1.519938659667968750e+01,-1.748504638671875000e+01
-2.142125892639160156e+01,-5.767131805419921875e+00,-1.417670345306396484e+01,-1.451243400573730469e+01,-1.686985588073730469e+01
-2.089588165283203125e+01,-5.782004833221435547e+00,-1.290643310546875000e+01,-1.392172813415527344e+01,-1.573721408843994141e+01
-2.123652267456054688e+01,-5.776562690734863281e+00,-1.270346736907958984e+01,-1.351985549926757812e+01,-1.626237106323242188e+01
-1.117750740051269531e+01,-5.689333915710449219e+00,-7.566308021545410156e+00,-1.086177253723144531e+01,-6.601602554321289062e+00
-2.113174438476562500e+01,-5.839311122894287109e+00,-1.111648750305175781e+01,-1.246005439758300781e+01,-1.640798187255859375e+01
-2.137099075317382812e+01,-5.882989883422851562e+00,-1.132630443572998047e+01,-1.410379981994628906e+01,-1.634538269042968750e+01
-2.118624496459960938e+01,-5.904354095458984375e+00,-1.186106014251708984e+01,-1.482498359680175781e+01,-1.716231155395507812e+01
-2.162353897094726562e+01,-5.821051597595214844e+00,-1.200949096679687500e+01,-1.459035491943359375e+01,-1.789099121093750000e+01
-2.180926513671875000e+01,-5.735470771789550781e+00,-1.253667163848876953e+01,-1.398669052124023438e+01,-1.770734024047851562e+01
-2.258355331420898438e+01,-5.705572605133056641e+00,-1.254150485992431641e+01,-1.391516685485839844e+01,-1.838603210449218750e+01
-2.254348754882812500e+01,-5.714882373809814453e+00,-1.308893680572509766e+01,-1.436092567443847656e+01,-1.844985580444335938e+01
-2.190783691406250000e+01,-5.666032791137695312e+00,-1.322040557861328125e+01,-1.409410858154296875e+01,-1.781358337402343750e+01
-2.266170120239257812e+01,-5.702167987823486328e+00,-1.296002292633056641e+01,-1.437280845642089844e+01,-1.793294525146484375e+01
-2.288130950927734375e+01,-5.723413467407226562e+00,-1.258282089233398438e+01,-1.472026824951171875e+01,-1.799543762207031250e+01
-2.281629943847656250e+01,-5.679434776306152344e+00,-1.230218219757080078e+01,-1.454261970520019531e+01,-1.806108093261718750e+01
-2.286962509155273438e+01,-5.662458419799804688e+00,-1.262321567535400391e+01,-1.459078025817871094e+01,-1.823336029052734375e+01
-2.293258094787597656e+01,-5.679111480712890625e+00,-1.233959674835205078e+01,-1.494973754882812500e+01,-1.836564254760742188e+01
-2.285142135620117188e+01,-5.683442592620849609e+00,-1.251426792144775391e+01,-1.497180938720703125e+01,-1.839118957519531250e+01
-2.280220031738281250e+01,-5.603873252868652344e+00,-1.275589084625244141e+01,-1.443141174316406250e+01,-1.861439132690429688e+01
-2.321904373168945312e+01,-5.591338634490966797e+00,-1.257309818267822266e+01,-1.468178558349609375e+01,-1.874722290039062500e+01
-2.333491706848144531e+01,-5.535977840423583984e+00,-1.282925128936767578e+01,-1.509352111816406250e+01,-1.873770141601562500e+01
-2.345377349853515625e+01,-5.555098533630371094e+00,-1.263624954223632812e+01,-1.520479393005371094e+01,-1.879737091064453125e+01
-2.334645462036132812e+01,-5.642461776733398438e+00,-1.059436607360839844e+01,-1.491755867004394531e+01,-1.840621185302734375e+01
-2.215720367431640625e+01,-5.673197269439697266e+00,-9.158172607421875000e+00,-1.515616798400878906e+01,-1.751642227172851562e+01
-1.847644615173339844e+01,-6.170582771301269531e+00,-5.230233192443847656e+00,-1.462007522583007812e+01,-1.442782306671142578e+01
-2.080647850036621094e+01,-5.653159618377685547e+00,-7.728381633758544922e+00,-1.457480049133300781e+01,-1.650944137573242188e+01
-2.080188560485839844e+01,-5.733914375305175781e+00,-7.650001525878906250e+00,-1.507330131530761719e+01,-1.652199172973632812e+01
-2.088689422607421875e+01,-5.744598388671875000e+00,-7.773729324340820312e+00,-1.490870094299316406e+01,-1.671024703979492188e+01
-2.080487251281738281e+01,-5.631250381469726562e+00,-8.413434028625488281e+00,-1.502201461791992188e+01,-1.735340499877929688e+01
-2.129632568359375000e+01,-5.523035049438476562e+00,-9.756027221679687500e+00,-1.516266822814941406e+01,-1.833499908447265625e+01
-1.137222862243652344e+01,-5.684669971466064453e+00,-7.838923454284667969e+00,-1.132282447814941406e+01,-6.881606101989746094e+00
-2.150127410888671875e+01,-5.649345397949218750e+00,-9.699604034423828125e+00,-1.518850517272949219e+01,-1.771283912658691406e+01
-2.161839675903320312e+01,-5.697110652923583984e+00,-9.750709533691406250e+00,-1.595794486999511719e+01,-1.764645767211914062e+01
-2.170580291748046875e+01,-5.711392879486083984e+00,-1.019707870483398438e+01,-1.560063934326171875e+01,-1.800116348266601562e+01
-2.188906478881835938e+01,-5.722479820251464844e+00,-1.053294944763183594e+01,-1.578511428833007812e+01,-1.797654724121093750e+01
-2.225281143188476562e+01,-5.715562820434570312e+00,-1.145718669891357422e+01,-1.626758384704589844e+01,-1.822785186767578125e+01
-2.265908432006835938e+01,-5.716678619384765625e+00,-1.132294273376464844e+01,-1.663149070739746094e+01,-1.861830139160156250e+01
-2.199625778198242188e+01,-5.762779235839843750e+00,-9.792999267578125000e+00,-1.610579872131347656e+01,-1.815656661987304688e+01
-2.219554138183593750e+01,-5.707707405090332031e+00,-1.046977806091308594e+01,-1.595042419433593750e+01,-1.827830886840820312e+01
-2.200730895996093750e+01,-5.725229740142822266e+00,-1.129852485656738281e+01,-1.629963302612304688e+01,-1.825069808959960938e+01
-2.214170837402343750e+01,-5.702189445495605469e+00,-1.195127964019775391e+01,-1.611470031738281250e+01,-1.827865982055664062e+01
-2.223149299621582031e+01,-5.724941253662109375e+00,-1.173111438751220703e+01,-1.632624435424804688e+01,-1.833023071289062500e+01
-2.131058883666992188e+01,-5.744115829467773438e+00,-1.224245929718017578e+01,-1.654181861877441406e+01,-1.746979141235351562e+01
-2.128205490112304688e+01,-5.736809730529785156e+00,-1.217503833770751953e+01,-1.632176208496093750e+01,-1.772793388366699219e+01
-2.164963150024414062e+01,-5.708924293518066406e+00,-1.246396446228027344e+01,-1.640473365783691406e+01,-1.812445068359375000e+01
-2.149286079406738281e+01,-5.735281944274902344e+00,-1.249163913726806641e+01,-1.653106307983398438e+01,-1.728236007690429688e+01
-2.140568923950195312e+01,-5.711917400360107422e+00,-1.303729343414306641e+01,-1.639506530761718750e+01,-1.690676689147949219e+01
-2.128426933288574219e+01,-5.736560344696044922e+00,-1.299125671386718750e+01,-1.653040122985839844e+01,-1.729049682617187500e+01
-2.068733215332031250e+01,-5.771277427673339844e+00,-1.304781627655029297e+01,-1.657059097290039062e+01,-1.668537139892578125e+01
-2.090824699401855469e+01,-5.754917144775390625e+00,-1.318935108184814453e+01,-1.673135948181152344e+01,-1.699707794189453125e+01
-2.121701431274414062e+01,-5.704581737518310547e+00,-1.301910305023193359e+01,-1.681077384948730469e+01,-1.724841690063476562e+01
-2.107649803161621094e+01,-5.712033271789550781e+00,-1.340059661865234375e+01,-1.681510353088378906e+01,-1.661954498291015625e+01
-2.061079025268554688e+01,-5.782588005065917969e+00,-1.323877620697021484e+01,-1.693140602111816406e+01,-1.613502883911132812e+01
-2.059337043762207031e+01,-5.779433250427246094e+00,-1.364488124847412109e+01,-1.701166534423828125e+01,-1.556001949310302734e+01
-2.064583587646484375e+01,-5.804826736450195312e+00,-1.353318595886230469e+01,-1.684442329406738281e+01,-1.562640857696533203e+01
-2.044335556030273438e+01,-5.827467441558837891e+00,-1.287807750701904297e+01,-1.672402763366699219e+01,-1.539728069305419922e+01
-2.025638961791992188e+01,-5.849432468414306641e+00,-1.233588981628417969e+01,-1.665672683715820312e+01,-1.512391567230224609e+01
-2.028646659851074219e+01,-5.797449111938476562e+00,-1.290337371826171875e+01,-1.682875633239746094e+01,-1.513196849822998047e+01
-2.020966148376464844e+01,-5.818428993225097656e+00,-1.198259067535400391e+01,-1.676446723937988281e+01,-1.501352977752685547e+01
-2.031608200073242188e+01,-5.808270931243896484e+00,-1.252589893341064453e+01,-1.659013557434082031e+01,-1.509839725494384766e+01
-2.041824340820312500e+01,-5.807986736297607422e+00,-1.333583736419677734e+01,-1.659204101562500000e+01,-1.484314823150634766e+01
-2.047374725341796875e+01,-5.829399585723876953e+00,-1.244074058532714844e+01,-1.654107666015625000e+01,-1.429250717163085938e+01
-2.049399566650390625e+01,-5.800908565521240234e+00,-1.299540233612060547e+01,-1.662089157104492188e+01,-1.561410808563232422e+01
-1.997632026672363281e+01,-5.756951332092285156e+00,-1.248705482482910156e+01,-1.670557785034179688e+01,-1.496252536773681641e+01
-1.999425125122070312e+01,-5.761561393737792969e+00,-1.235714435577392578e+01,-1.649201202392578125e+01,-1.463954257965087891e+01
-2.070352172851562500e+01,-5.816169261932373047e+00,-1.287622356414794922e+01,-1.644187927246093750e+01,-1.484553909301757812e+01
-2.230791473388671875e+01,-5.788186073303222656e+00,-1.379182434082031250e+01,-1.567390823364257812e+01,-1.734863281250000000e+01
-2.165967941284179688e+01,-5.804758071899414062e+00,-1.282941341400146484e+01,-1.417755508422851562e+01,-1.672288513183593750e+01
-2.141349411010742188e+01,-5.824550151824951172e+00,-1.175878047943115234e+01,-1.366236495971679688e+01,-1.596959972381591797e+01
-2.126686286926269531e+01,-5.816204071044921875e+00,-1.146409606933593750e+01,-1.360626029968261719e+01,-1.589021015167236328e+01
-2.127606582641601562e+01,-5.818207740783691406e+00,-1.079982089996337891e+01,-1.367407417297363281e+01,-1.628725433349609375e+01
-2.108049392700195312e+01,-5.829079627990722656e+00,-1.058778190612792969e+01,-1.383183288574218750e+01,-1.628869247436523438e+01
-2.110422515869140625e+01,-5.807613849639892578e+00,-1.175056552886962891e+01,-1.300237274169921875e+01,-1.739124679565429688e+01
-2.163539123535156250e+01,-5.670857429504394531e+00,-1.297666454315185547e+01,-1.363418197631835938e+01,-1.809255981445312500e+01
-2.132619476318359375e+01,-5.584940910339355469e+00,-1.359472560882568359e+01,-1.354991912841796875e+01,-1.802223587036132812e+01
-2.125243377685546875e+01,-5.589633941650390625e+00,-1.348472690582275391e+01,-1.382353019714355469e+01,-1.796225929260253906e+01
-2.156532478332519531e+01,-5.628880023956298828e+00,-1.328730106353759766e+01,-1.382485198974609375e+01,-1.799547958374023438e+01
-2.169448280334472656e+01,-5.660698890686035156e+00,-1.298306751251220703e+01,-1.360512542724609375e+01,-1.790597534179687500e+01
-2.183525085449218750e+01,-5.667982101440429688e+00,-1.244584178924560547e+01,-1.358190917968750000e+01,-1.775727462768554688e+01
-2.167849922180175781e+01,-5.655890941619873047e+00,-1.206254863739013672e+01,-1.258584022521972656e+01,-1.724156951904296875e+01
-2.126682662963867188e+01,-5.694813728332519531e+00,-1.128337955474853516e+01,-1.320193672180175781e+01,-1.726075744628906250e+01
-2.106777572631835938e+01,-5.715708732604980469e+00,-9.481136322021484375e+00,-1.466791915893554688e+01,-1.716022491455078125e+01
-2.093793487548828125e+01,-5.695330619812011719e+00,-1.164906883239746094e+01,-1.445330047607421875e+01,-1.755919647216796875e+01
-2.150695800781250000e+01,-5.755499839782714844e+00,-1.159907722473144531e+01,-1.442585945129394531e+01,-1.743153381347656250e+01
-2.171502685546875000e+01,-5.731059074401855469e+00,-1.282330608367919922e+01,-1.467480087280273438e+01,-1.814139556884765625e+01
-2.203251838684082031e+01,-5.721670150756835938e+00,-1.330659770965576172e+01,-1.514591979980468750e+01,-1.816942214965820312e+01
-2.187348937988281250e+01,-5.735856056213378906e+00,-1.226770114898681641e+01,-1.451489830017089844e+01,-1.759546661376953125e+01
-2.206328201293945312e+01,-5.750471115112304688e+00,-1.294100666046142578e+01,-1.461666870117187500e+01,-1.783207893371582031e+01
-2.233766174316406250e+01,-5.775493621826171875e+00,-1.262355804443359375e+01,-1.457244682312011719e+01,-1.797945404052734375e+01
-2.232888031005859375e+01,-5.774745941162109375e+00,-1.323598766326904297e+01,-1.507339096069335938e+01,-1.849424362182617188e+01
-2.213986778259277344e+01,-5.786193847656250000e+00,-1.289311122894287109e+01,-1.496613121032714844e+01,-1.813521957397460938e+01
-2.228947448730468750e+01,-5.752637386322021484e+00,-1.219477176666259766e+01,-1.497039985656738281e+01,-1.820642089843750000e+01
-2.249048805236816406e+01,-5.756516456604003906e+00,-1.188973331451416016e+01,-1.497386741638183594e+01,-1.830521774291992188e+01
-2.253036499023437500e+01,-5.762207984924316406e+00,-1.184770011901855469e+01,-1.519641685485839844e+01,-1.804692840576171875e+01
-2.177077865600585938e+01,-5.795773983001708984e+00,-9.359230041503906250e+00,-1.528984451293945312e+01,-1.700214004516601562e+01
-2.085757446289062500e+01,-5.736133575439453125e+00,-6.248822689056396484e+00,-1.278929901123046875e+01,-1.576732254028320312e+01
-1.882397460937500000e+01,-6.372627258300781250e+00,-4.817338943481445312e+00,-1.169550514221191406e+01,-1.404957675933837891e+01
-1.362956809997558594e+01,-6.577688217163085938e+00,-4.065658092498779297e+00,-1.273795509338378906e+01,-8.575523376464843750e+00
-1.929930877685546875e+01,-6.030215263366699219e+00,-5.438300132751464844e+00,-1.355190658569335938e+01,-1.517966079711914062e+01
-1.947324180603027344e+01,-5.900445938110351562e+00,-6.077522754669189453e+00,-1.440830993652343750e+01,-1.432614898681640625e+01
-1.878352737426757812e+01,-6.492038249969482422e+00,-4.849886417388916016e+00,-9.438142776489257812e+00,-1.562755107879638672e+01
-1.876024246215820312e+01,-6.575000762939453125e+00,-5.622241020202636719e+00,-1.096800994873046875e+01,-1.634799194335937500e+01
-1.881148529052734375e+01,-6.453162193298339844e+00,-6.339864730834960938e+00,-1.074184417724609375e+01,-1.681259918212890625e+01
-1.889867591857910156e+01,-6.537671566009521484e+00,-5.510139942169189453e+00,-1.165486907958984375e+01,-1.628349113464355469e+01
-1.806927490234375000e+01,-7.309133529663085938e+00,-4.519377708435058594e+00,-1.213664245605468750e+01,-1.559776401519775391e+01
-1.772201156616210938e+01,-7.420704841613769531e+00,-4.140314102172851562e+00,-1.287706375122070312e+01,-1.516291332244873047e+01
-1.781998252868652344e+01,-6.824709892272949219e+00,-5.035297870635986328e+00,-1.276000404357910156e+01,-1.590544891357421875e+01
-1.744975280761718750e+01,-7.466124534606933594e+00,-4.388145923614501953e+00,-1.279464530944824219e+01,-1.547100543975830078e+01
-1.823107910156250000e+01,-7.737881660461425781e+00,-4.286893367767333984e+00,-1.221485710144042969e+01,-1.523414707183837891e+01
-1.895367813110351562e+01,-6.839230537414550781e+00,-4.801528453826904297e+00,-1.321681594848632812e+01,-1.524707794189453125e+01
-1.861442375183105469e+01,-6.860687255859375000e+00,-4.739725112915039062e+00,-1.312311172485351562e+01,-1.530028915405273438e+01
-1.978327369689941406e+01,-6.279014110565185547e+00,-5.288379192352294922e+00,-1.357502555847167969e+01,-1.593235206604003906e+01
-2.053576278686523438e+01,-5.914168357849121094e+00,-7.641862869262695312e+00,-1.475663757324218750e+01,-1.695424270629882812e+01
-2.092366027832031250e+01,-5.762074470520019531e+00,-1.007788944244384766e+01,-1.563787269592285156e+01,-1.757648849487304688e+01
-2.032588577270507812e+01,-5.845568656921386719e+00,-9.614093780517578125e+00,-1.629722023010253906e+01,-1.604048347473144531e+01
-2.040883827209472656e+01,-5.815338134765625000e+00,-1.047267341613769531e+01,-1.616693687438964844e+01,-1.657971191406250000e+01
-2.053600692749023438e+01,-5.781784534454345703e+00,-1.058718490600585938e+01,-1.604467773437500000e+01,-1.672342681884765625e+01
-2.052756118774414062e+01,-5.801535606384277344e+00,-1.042360877990722656e+01,-1.620293235778808594e+01,-1.628045272827148438e+01
-2.084726905822753906e+01,-5.900984764099121094e+00,-1.141330051422119141e+01,-1.657720947265625000e+01,-1.587712574005126953e+01
-2.108149909973144531e+01,-5.941706657409667969e+00,-1.261183452606201172e+01,-1.602418327331542969e+01,-1.562036800384521484e+01
-2.080336761474609375e+01,-5.961633205413818359e+00,-1.217627334594726562e+01,-1.629337501525878906e+01,-1.489028263092041016e+01
-2.069838714599609375e+01,-5.969452857971191406e+00,-1.156596374511718750e+01,-1.616394233703613281e+01,-1.539560508728027344e+01
-2.000599861145019531e+01,-5.938611507415771484e+00,-1.094717407226562500e+01,-1.628767967224121094e+01,-1.459135341644287109e+01
-1.985065841674804688e+01,-5.939439773559570312e+00,-1.088457489013671875e+01,-1.619294166564941406e+01,-1.443783855438232422e+01
-1.995691490173339844e+01,-5.933644294738769531e+00,-1.110931205749511719e+01,-1.616373443603515625e+01,-1.473389530181884766e+01
-1.965145301818847656e+01,-5.890651702880859375e+00,-9.990858078002929688e+00,-1.578585624694824219e+01,-1.431812381744384766e+01
-1.960516738891601562e+01,-5.867721557617187500e+00,-9.952632904052734375e+00,-1.567317581176757812e+01,-1.376903152465820312e+01
-2.000866889953613281e+01,-5.867728233337402344e+00,-9.445159912109375000e+00,-1.570474624633789062e+01,-1.446206188201904297e+01
-1.911255264282226562e+01,-5.845534324645996094e+00,-8.501331329345703125e+00,-1.574734306335449219e+01,-1.305813694000244141e+01
-1.928441429138183594e+01,-5.751935005187988281e+00,-9.009658813476562500e+00,-1.596614265441894531e+01,-1.327118778228759766e+01
-1.918380737304687500e+01,-5.743050575256347656e+00,-8.925874710083007812e+00,-1.621053314208984375e+01,-1.306349468231201172e+01
-1.981491851806640625e+01,-5.807387828826904297e+00,-9.490886688232421875e+00,-1.628876495361328125e+01,-1.386340236663818359e+01
-2.028424453735351562e+01,-5.842651367187500000e+00,-8.847095489501953125e+00,-1.584290504455566406e+01,-1.455946254730224609e+01
-2.153890419006347656e+01,-5.849631786346435547e+00,-9.638024330139160156e+00,-1.459325981140136719e+01,-1.571836566925048828e+01
-2.064245033264160156e+01,-5.788873672485351562e+00,-1.009577083587646484e+01,-1.160022068023681641e+01,-1.465998840332031250e+01
-1.952202796936035156e+01,-5.979522228240966797e+00,-7.251357555389404297e+00,-1.025114059448242188e+01,-1.201699924468994141e+01
-1.913859748840332031e+01,-6.220815658569335938e+00,-6.031539916992187500e+00,-9.909299850463867188e+00,-1.071886539459228516e+01
-1.833746719360351562e+01,-5.842486381530761719e+00,-9.492811203002929688e+00,-1.187068080902099609e+01,-1.366851806640625000e+01
-1.903566932678222656e+01,-5.667939186096191406e+00,-1.200540447235107422e+01,-1.117307949066162109e+01,-1.601635360717773438e+01
-1.826786041259765625e+01,-5.656891822814941406e+00,-1.065603542327880859e+01,-1.120798873901367188e+01,-1.521335983276367188e+01
-1.889157295227050781e+01,-5.873617172241210938e+00,-7.896833419799804688e+00,-1.178415489196777344e+01,-1.448651599884033203e+01
-1.954785728454589844e+01,-5.960332393646240234e+00,-6.767161846160888672e+00,-1.081343269348144531e+01,-1.403709793090820312e+01
-1.955632019042968750e+01,-5.949181556701660156e+00,-6.636495590209960938e+00,-1.233080101013183594e+01,-1.425746822357177734e+01
-1.944334411621093750e+01,-6.102406024932861328e+00,-6.083644866943359375e+00,-1.162080574035644531e+01,-1.407247447967529297e+01
-1.894433975219726562e+01,-6.331573486328125000e+00,-5.523620605468750000e+00,-1.098458957672119141e+01,-1.366042804718017578e+01
-1.883045578002929688e+01,-6.529815673828125000e+00,-4.951349258422851562e+00,-1.129829216003417969e+01,-1.374075984954833984e+01
-1.839624786376953125e+01,-7.425667285919189453e+00,-4.244471073150634766e+00,-1.106602859497070312e+01,-1.325232410430908203e+01
-1.784468841552734375e+01,-7.269693374633789062e+00,-4.434392929077148438e+00,-1.138619422912597656e+01,-1.218305587768554688e+01
-1.770650100708007812e+01,-7.634864330291748047e+00,-4.418268203735351562e+00,-1.145824623107910156e+01,-1.231052207946777344e+01
-1.708923912048339844e+01,-8.221816062927246094e+00,-4.149112224578857422e+00,-1.108107185363769531e+01,-1.144566440582275391e+01
-1.794217300415039062e+01,-7.201993942260742188e+00,-4.525127887725830078e+00,-1.156703281402587891e+01,-1.228717136383056641e+01
-1.802881431579589844e+01,-8.232275962829589844e+00,-3.911559581756591797e+00,-1.072400093078613281e+01,-1.239261245727539062e+01
-1.777471733093261719e+01,-7.528802871704101562e+00,-4.655171871185302734e+00,-9.623546600341796875e+00,-1.214234828948974609e+01
-1.839566421508789062e+01,-6.660673618316650391e+00,-5.123608112335205078e+00,-1.231068229675292969e+01,-1.445281982421875000e+01
-1.774838638305664062e+01,-7.152748584747314453e+00,-4.846652984619140625e+00,-1.211546707153320312e+01,-1.394961452484130859e+01
-1.770492935180664062e+01,-7.124074935913085938e+00,-4.731591224670410156e+00,-1.223892402648925781e+01,-1.408518123626708984e+01
-1.757961082458496094e+01,-6.837134838104248047e+00,-4.712834358215332031e+00,-1.271706581115722656e+01,-1.382070255279541016e+01
-1.666270065307617188e+01,-7.169099330902099609e+00,-4.928625583648681641e+00,-1.033354759216308594e+01,-1.085143089294433594e+01
-1.638162803649902344e+01,-8.254819869995117188e+00,-4.968021392822265625e+00,-9.839572906494140625e+00,-1.068873596191406250e+01
-1.858114814758300781e+01,-8.026397705078125000e+00,-4.716088771820068359e+00,-9.965389251708984375e+00,-1.419201946258544922e+01
-1.957060050964355469e+01,-8.585502624511718750e+00,-4.635516643524169922e+00,-1.113639259338378906e+01,-1.415187168121337891e+01
-1.961857604980468750e+01,-7.255359172821044922e+00,-5.102053642272949219e+00,-1.254383850097656250e+01,-1.410256004333496094e+01
-1.834363937377929688e+01,-8.698986053466796875e+00,-4.482002735137939453e+00,-1.164483833312988281e+01,-1.197810649871826172e+01
-1.909148406982421875e+01,-7.434327602386474609e+00,-4.737614631652832031e+00,-1.308209419250488281e+01,-1.267682933807373047e+01
-1.936952209472656250e+01,-7.940789222717285156e+00,-4.743249416351318359e+00,-1.292448234558105469e+01,-1.290485572814941406e+01
-1.902493095397949219e+01,-8.732991218566894531e+00,-4.350487232208251953e+00,-1.259018325805664062e+01,-1.253697872161865234e+01
-1.964913940429687500e+01,-8.906717300415039062e+00,-4.459643840789794922e+00,-1.249763679504394531e+01,-1.229026889801025391e+01
-1.951503181457519531e+01,-9.656499862670898438e+00,-4.435998916625976562e+00,-1.221737289428710938e+01,-1.259392547607421875e+01
-1.838488197326660156e+01,-8.629130363464355469e+00,-4.303646564483642578e+00,-1.215653419494628906e+01,-1.207597160339355469e+01
-1.867858123779296875e+01,-8.816318511962890625e+00,-4.179785251617431641e+00,-1.156865692138671875e+01,-1.223517227172851562e+01
-1.924073219299316406e+01,-8.979230880737304688e+00,-4.373473167419433594e+00,-1.229697036743164062e+01,-1.267025756835937500e+01
-1.957685661315917969e+01,-9.948959350585937500e+00,-4.257718086242675781e+00,-1.142131233215332031e+01,-1.234003543853759766e+01
-1.835511779785156250e+01,-9.564316749572753906e+00,-4.056769847869873047e+00,-8.664614677429199219e+00,-1.174814414978027344e+01
-1.784488868713378906e+01,-8.886328697204589844e+00,-4.847530364990234375e+00,-8.395147323608398438e+00,-1.090733814239501953e+01
-1.718682098388671875e+01,-9.584684371948242188e+00,-3.998632907867431641e+00,-7.937284469604492188e+00,-1.263086795806884766e+01
-1.730819702148437500e+01,-1.066913318634033203e+01,-3.864208698272705078e+00,-7.941398143768310547e+00,-1.201997280120849609e+01
-1.707843780517578125e+01,-1.117143726348876953e+01,-3.606928825378417969e+00,-7.802169322967529297e+00,-1.129973983764648438e+01
-1.136084365844726562e+01,-5.666375160217285156e+00,-7.480566978454589844e+00,-1.091847801208496094e+01,-6.547843933105468750e+00
-1.185135746002197266e+01,-5.636445045471191406e+00,-6.773476123809814453e+00,-1.058297538757324219e+01,-6.327284812927246094e+00
-1.707013893127441406e+01,-9.533931732177734375e+00,-3.818328380584716797e+00,-6.655680656433105469e+00,-1.082241058349609375e+01
-1.695610809326171875e+01,-9.730857849121093750e+00,-3.858940124511718750e+00,-7.091496467590332031e+00,-9.503720283508300781e+00
-1.686496734619140625e+01,-8.476197242736816406e+00,-4.140236377716064453e+00,-9.324281692504882812e+00,-7.909615039825439453e+00
-1.616046142578125000e+01,-7.573672294616699219e+00,-4.541299343109130859e+00,-1.027061748504638672e+01,-7.203497886657714844e+00
-1.671819305419921875e+01,-7.031432628631591797e+00,-5.044285297393798828e+00,-1.162203979492187500e+01,-7.286980628967285156e+00
-1.625217247009277344e+01,-7.623910427093505859e+00,-4.484063148498535156e+00,-1.085663604736328125e+01,-7.135532379150390625e+00
-1.622743988037109375e+01,-7.928884983062744141e+00,-3.857235431671142578e+00,-1.119650840759277344e+01,-9.759565353393554688e+00
-1.631728363037109375e+01,-8.342517852783203125e+00,-4.153898715972900391e+00,-1.058738327026367188e+01,-8.279794692993164062e+00
-1.641310501098632812e+01,-8.092253684997558594e+00,-4.673981189727783203e+00,-9.642416000366210938e+00,-8.210563659667968750e+00
-1.685112762451171875e+01,-8.023105621337890625e+00,-4.211242198944091797e+00,-9.845355987548828125e+00,-9.506946563720703125e+00
-1.694362068176269531e+01,-8.448167800903320312e+00,-4.643185138702392578e+00,-8.214159011840820312e+00,-8.027870178222656250e+00
-1.643906593322753906e+01,-8.596166610717773438e+00,-4.887099742889404297e+00,-7.977376937866210938e+00,-8.093687057495117188e+00
-1.710891342163085938e+01,-1.117984008789062500e+01,-4.662738323211669922e+00,-5.462124824523925781e+00,-1.195560550689697266e+01
-1.574493694305419922e+01,-1.128702163696289062e+01,-4.285772800445556641e+00,-5.378828525543212891e+00,-7.693515777587890625e+00
-1.687033462524414062e+01,-1.113181686401367188e+01,-3.707775115966796875e+00,-5.668039321899414062e+00,-1.089795780181884766e+01
-1.715778732299804688e+01,-1.095318984985351562e+01,-4.103925228118896484e+00,-5.845344543457031250e+00,-1.130678462982177734e+01
-1.723119926452636719e+01,-1.114780426025390625e+01,-4.287523269653320312e+00,-5.771972656250000000e+00,-1.188395118713378906e+01
-1.731626129150390625e+01,-1.247144603729248047e+01,-3.986318588256835938e+00,-5.454505920410156250e+00,-1.203555107116699219e+01
-1.674349594116210938e+01,-1.021516036987304688e+01,-3.989189147949218750e+00,-5.292788982391357422e+00,-1.217387485504150391e+01
-1.872343063354492188e+01,-1.201118469238281250e+01,-4.576861381530761719e+00,-4.917050838470458984e+00,-1.262314891815185547e+01
-1.815463829040527344e+01,-1.292199516296386719e+01,-4.615567684173583984e+00,-4.674291133880615234e+00,-1.251501941680908203e+01
-1.725549888610839844e+01,-1.125660228729248047e+01,-4.225409984588623047e+00,-5.130377769470214844e+00,-1.243690586090087891e+01
-1.744937515258789062e+01,-1.173723220825195312e+01,-5.078907966613769531e+00,-4.951047420501708984e+00,-1.216489696502685547e+01
-1.823141860961914062e+01,-9.784749984741210938e+00,-5.292234897613525391e+00,-4.779992103576660156e+00,-1.187043857574462891e+01
-1.689498138427734375e+01,-1.111050510406494141e+01,-5.209150314331054688e+00,-4.531342983245849609e+00,-1.220331382751464844e+01
-1.681044769287109375e+01,-1.097312927246093750e+01,-4.994886398315429688e+00,-4.525017261505126953e+00,-1.100196552276611328e+01
-1.640290069580078125e+01,-1.347568225860595703e+01,-5.467832088470458984e+00,-4.407793998718261719e+00,-1.068008804321289062e+01
-1.698214530944824219e+01,-1.248571968078613281e+01,-5.405445575714111328e+00,-4.553907394409179688e+00,-1.218791675567626953e+01
-1.849221611022949219e+01,-1.243763542175292969e+01,-5.728071212768554688e+00,-4.718152523040771484e+00,-1.364667034149169922e+01
-1.791300582885742188e+01,-1.255703639984130859e+01,-5.902631282806396484e+00,-4.641928195953369141e+00,-1.217738342285156250e+01
-1.766529655456542969e+01,-1.269071292877197266e+01,-6.035979747772216797e+00,-4.541558742523193359e+00,-1.022873497009277344e+01
-1.716628265380859375e+01,-1.348992347717285156e+01,-5.955252647399902344e+00,-4.508716106414794922e+00,-9.974229812622070312e+00
-1.772282218933105469e+01,-1.352108383178710938e+01,-5.856373786926269531e+00,-4.538911819458007812e+00,-9.737588882446289062e+00
-1.889007377624511719e+01,-1.429257583618164062e+01,-4.848412990570068359e+00,-4.542285919189453125e+00,-1.311028575897216797e+01
-1.844804191589355469e+01,-1.390829086303710938e+01,-4.853023052215576172e+00,-4.596287250518798828e+00,-1.300795650482177734e+01
-1.909242248535156250e+01,-1.395440864562988281e+01,-5.064226150512695312e+00,-4.577436447143554688e+00,-1.236830997467041016e+01
-1.948669052124023438e+01,-1.414024162292480469e+01,-5.526599884033203125e+00,-4.470529079437255859e+00,-1.247414112091064453e+01
-1.909201240539550781e+01,-1.450946235656738281e+01,-5.078367710113525391e+00,-4.442462921142578125e+00,-1.156530761718750000e+01
-1.899050140380859375e+01,-1.446252632141113281e+01,-5.216200351715087891e+00,-4.426020622253417969e+00,-1.144564056396484375e+01
-1.811113357543945312e+01,-1.413053131103515625e+01,-4.928713321685791016e+00,-4.587835311889648438e+00,-1.276916408538818359e+01
-1.846798133850097656e+01,-1.354692077636718750e+01,-4.986525535583496094e+00,-4.657888889312744141e+00,-1.337790012359619141e+01
-1.847031593322753906e+01,-1.417151451110839844e+01,-4.932574748992919922e+00,-4.585415363311767578e+00,-1.356234073638916016e+01
-1.817598533630371094e+01,-1.356230354309082031e+01,-5.224622249603271484e+00,-4.490803241729736328e+00,-1.364338016510009766e+01
-1.712940597534179688e+01,-1.393528366088867188e+01,-6.751614570617675781e+00,-4.492980480194091797e+00,-1.344916725158691406e+01
-1.632637596130371094e+01,-1.390577697753906250e+01,-7.425386428833007812e+00,-4.409008026123046875e+00,-1.302451801300048828e+01
-1.688728523254394531e+01,-1.260341644287109375e+01,-6.536542415618896484e+00,-4.337192058563232422e+00,-1.276760864257812500e+01
-1.757380676269531250e+01,-1.184162712097167969e+01,-7.870699882507324219e+00,-4.388883590698242188e+00,-1.362249469757080078e+01
-1.861420440673828125e+01,-1.135276412963867188e+01,-8.157816886901855469e+00,-4.422932147979736328e+00,-1.348186779022216797e+01
-1.689529037475585938e+01,-1.065790557861328125e+01,-8.239220619201660156e+00,-4.352007389068603516e+00,-1.249627780914306641e+01
-1.722687911987304688e+01,-1.081340026855468750e+01,-9.088432312011718750e+00,-4.147750854492187500e+00,-1.019488620758056641e+01
-1.756741523742675781e+01,-1.208470344543457031e+01,-8.942865371704101562e+00,-4.135745525360107422e+00,-9.482822418212890625e+00
-1.957959938049316406e+01,-1.304359149932861328e+01,-8.769922256469726562e+00,-4.350276470184326172e+00,-1.192174148559570312e+01
-2.039717864990234375e+01,-1.306538963317871094e+01,-1.072303771972656250e+01,-4.445329666137695312e+00,-1.383936595916748047e+01
-1.669925117492675781e+01,-1.107038974761962891e+01,-9.251713752746582031e+00,-4.548316955566406250e+00,-1.227760219573974609e+01
-2.011127090454101562e+01,-1.345648193359375000e+01,-1.283787822723388672e+01,-4.515376091003417969e+00,-1.451671504974365234e+01
-1.966848182678222656e+01,-1.320430755615234375e+01,-1.323277759552001953e+01,-4.497938156127929688e+00,-1.460148525238037109e+01
-1.958913993835449219e+01,-1.295348548889160156e+01,-1.339841938018798828e+01,-4.500148773193359375e+00,-1.455089950561523438e+01
-1.943339538574218750e+01,-1.305137062072753906e+01,-1.446726512908935547e+01,-4.584218025207519531e+00,-1.468977928161621094e+01
-1.998431015014648438e+01,-1.318216419219970703e+01,-1.476221179962158203e+01,-4.558848381042480469e+00,-1.485351753234863281e+01
-1.697921371459960938e+01,-1.150418472290039062e+01,-1.130466079711914062e+01,-4.616622924804687500e+00,-1.240984058380126953e+01
-1.708702468872070312e+01,-1.159597587585449219e+01,-1.167864894866943359e+01,-4.592740535736083984e+00,-1.256752681732177734e+01
-1.873212432861328125e+01,-1.351296043395996094e+01,-1.467683315277099609e+01,-4.558596134185791016e+00,-1.387746715545654297e+01
-1.755160140991210938e+01,-1.287867736816406250e+01,-1.376604270935058594e+01,-4.570741176605224609e+00,-1.330266475677490234e+01
-1.565655612945556641e+01,-1.142612457275390625e+01,-1.084319019317626953e+01,-4.575968742370605469e+00,-1.151562213897705078e+01
-1.810584640502929688e+01,-1.396921730041503906e+01,-1.418453502655029297e+01,-4.549960613250732422e+00,-1.334362602233886719e+01
-1.739009857177734375e+01,-1.323538017272949219e+01,-1.317065620422363281e+01,-4.554164409637451172e+00,-1.274153232574462891e+01
-1.527662849426269531e+01,-1.189513969421386719e+01,-1.089902210235595703e+01,-4.558509826660156250e+00,-1.133076381683349609e+01
-1.752610015869140625e+01,-1.406416797637939453e+01,-1.436503314971923828e+01,-4.551898479461669922e+00,-1.314586925506591797e+01
-1.754274749755859375e+01,-1.357760143280029297e+01,-1.364024925231933594e+01,-4.607620716094970703e+00,-1.240561580657958984e+01
-1.658456993103027344e+01,-1.299717998504638672e+01,-1.239003086090087891e+01,-4.581866741180419922e+00,-1.170192432403564453e+01
-1.658374595642089844e+01,-1.346778678894042969e+01,-1.291285991668701172e+01,-4.563197612762451172e+00,-1.223606872558593750e+01
-1.754316520690917969e+01,-1.471518898010253906e+01,-1.396589565277099609e+01,-4.391801357269287109e+00,-1.325226497650146484e+01
-1.713459014892578125e+01,-1.451559162139892578e+01,-1.448573589324951172e+01,-4.532746315002441406e+00,-1.234010601043701172e+01
-1.777170372009277344e+01,-1.385819625854492188e+01,-1.262957096099853516e+01,-4.587906360626220703e+00,-1.240821361541748047e+01
-1.503237056732177734e+01,-1.218959236145019531e+01,-1.046702575683593750e+01,-4.538813591003417969e+00,-1.061945438385009766e+01
-1.746571731567382812e+01,-1.433528709411621094e+01,-1.278121948242187500e+01,-4.514259338378906250e+00,-1.196844482421875000e+01
-1.561663627624511719e+01,-1.283800506591796875e+01,-1.163529109954833984e+01,-4.472198009490966797e+00,-1.113282394409179688e+01
-1.696787643432617188e+01,-1.358856964111328125e+01,-1.220173168182373047e+01,-4.486624717712402344e+00,-1.188573169708251953e+01
-1.773776435852050781e+01,-1.446181488037109375e+01,-1.212990760803222656e+01,-4.456285953521728516e+00,-1.146325302124023438e+01
-1.747896766662597656e+01,-1.453777027130126953e+01,-1.146749687194824219e+01,-4.391529560089111328e+00,-1.039183330535888672e+01
-1.720233535766601562e+01,-1.446506309509277344e+01,-1.194655323028564453e+01,-4.435763835906982422e+00,-1.025599765777587891e+01
-1.648325920104980469e+01,-1.480680084228515625e+01,-1.134658718109130859e+01,-4.496942520141601562e+00,-9.644142150878906250e+00
-1.617623519897460938e+01,-1.464574813842773438e+01,-1.069762420654296875e+01,-4.528975009918212891e+00,-9.076332092285156250e+00
-1.638547706604003906e+01,-1.457834815979003906e+01,-1.097441864013671875e+01,-4.497727394104003906e+00,-9.551493644714355469e+00
-1.593142700195312500e+01,-1.417596340179443359e+01,-1.121461963653564453e+01,-4.447958946228027344e+00,-7.921478271484375000e+00
-1.595620250701904297e+01,-1.327068138122558594e+01,-1.054766654968261719e+01,-4.468651294708251953e+00,-8.018234252929687500e+00
-1.616675758361816406e+01,-1.230260753631591797e+01,-1.114322662353515625e+01,-4.546525955200195312e+00,-9.464530944824218750e+00
-1.540881347656250000e+01,-1.228169631958007812e+01,-1.147594070434570312e+01,-4.508477210998535156e+00,-6.605237960815429688e+00
-1.524890804290771484e+01,-1.318230915069580078e+01,-1.020668983459472656e+01,-4.451082706451416016e+00,-6.495804309844970703e+00
-1.526740169525146484e+01,-1.299587535858154297e+01,-1.093506908416748047e+01,-4.519519329071044922e+00,-6.545925140380859375e+00
-1.442899513244628906e+01,-1.308069801330566406e+01,-1.021756172180175781e+01,-4.501869201660156250e+00,-6.422643661499023438e+00
-1.454467105865478516e+01,-1.262252330780029297e+01,-1.014431667327880859e+01,-4.463427543640136719e+00,-6.511816978454589844e+00
-1.470006465911865234e+01,-1.206146240234375000e+01,-1.073172378540039062e+01,-4.463275909423828125e+00,-6.716086864471435547e+00
-1.491772174835205078e+01,-1.085821628570556641e+01,-1.001349449157714844e+01,-4.534292697906494141e+00,-5.884096622467041016e+00
-1.385193824768066406e+01,-1.125483989715576172e+01,-9.483668327331542969e+00,-4.769440174102783203e+00,-4.051267623901367188e+00
-1.384593963623046875e+01,-1.198990631103515625e+01,-9.733222961425781250e+00,-4.704601287841796875e+00,-4.574033737182617188e+00
-1.409281253814697266e+01,-1.125464248657226562e+01,-9.363049507141113281e+00,-4.788044452667236328e+00,-4.405619144439697266e+00
-1.489432430267333984e+01,-8.870857238769531250e+00,-9.252517700195312500e+00,-5.185315608978271484e+00,-5.146900653839111328e+00
-1.442088699340820312e+01,-9.886169433593750000e+00,-8.746969223022460938e+00,-5.258682250976562500e+00,-4.388523101806640625e+00
-1.403501987457275391e+01,-9.679294586181640625e+00,-9.100957870483398438e+00,-5.370334148406982422e+00,-3.879911899566650391e+00
-1.493836021423339844e+01,-8.703453063964843750e+00,-9.113607406616210938e+00,-5.354010581970214844e+00,-4.853642463684082031e+00
-1.503567409515380859e+01,-8.467015266418457031e+00,-8.951518058776855469e+00,-5.369474411010742188e+00,-4.834132194519042969e+00
-1.438032341003417969e+01,-9.726491928100585938e+00,-8.742627143859863281e+00,-4.863727092742919922e+00,-4.494974613189697266e+00
-1.406674194335937500e+01,-8.755966186523437500e+00,-8.574934959411621094e+00,-5.553895950317382812e+00,-3.669599533081054688e+00
-1.363998413085937500e+01,-9.816448211669921875e+00,-8.159626007080078125e+00,-5.295444011688232422e+00,-3.249642372131347656e+00
-1.416237163543701172e+01,-9.781021118164062500e+00,-8.419651031494140625e+00,-5.084226131439208984e+00,-4.217996120452880859e+00
-1.289273929595947266e+01,-1.008928680419921875e+01,-7.957922458648681641e+00,-5.975114822387695312e+00,-2.795674324035644531e+00
-1.225874710083007812e+01,-1.210401439666748047e+01,-7.852880954742431641e+00,-5.323208808898925781e+00,-3.353786468505859375e+00
-1.251048469543457031e+01,-1.228936386108398438e+01,-8.730520248413085938e+00,-5.215883731842041016e+00,-3.274745464324951172e+00
-1.339030933380126953e+01,-1.072729015350341797e+01,-9.242093086242675781e+00,-5.361063957214355469e+00,-3.690818786621093750e+00
-1.316393470764160156e+01,-1.111844253540039062e+01,-8.671326637268066406e+00,-5.588194847106933594e+00,-3.394394874572753906e+00
-1.299824619293212891e+01,-1.037460899353027344e+01,-9.080104827880859375e+00,-5.417659759521484375e+00,-3.638681411743164062e+00
-1.289370155334472656e+01,-1.114722156524658203e+01,-9.479255676269531250e+00,-5.202671051025390625e+00,-3.351292610168457031e+00
-1.307956314086914062e+01,-1.039157867431640625e+01,-9.543893814086914062e+00,-5.455760002136230469e+00,-3.473058700561523438e+00
-1.380415916442871094e+01,-9.757185935974121094e+00,-9.798509597778320312e+00,-5.417307853698730469e+00,-4.052864551544189453e+00
-1.408931827545166016e+01,-9.241918563842773438e+00,-9.935977935791015625e+00,-5.552226066589355469e+00,-4.168995857238769531e+00
-1.378460788726806641e+01,-9.972842216491699219e+00,-9.721115112304687500e+00,-5.292539596557617188e+00,-4.139014244079589844e+00
-1.345316314697265625e+01,-8.873491287231445312e+00,-1.075520133972167969e+01,-5.058435916900634766e+00,-4.225479125976562500e+00
-1.366569805145263672e+01,-8.535534858703613281e+00,-1.019038867950439453e+01,-5.382441520690917969e+00,-3.571102142333984375e+00
-1.123873233795166016e+01,-5.680247306823730469e+00,-7.663146972656250000e+00,-1.094780731201171875e+01,-6.487679481506347656e+00
-1.239365291595458984e+01,-1.023720741271972656e+01,-9.064794540405273438e+00,-6.044170379638671875e+00,-2.456314086914062500e+00
-1.124034404754638672e+01,-5.679496765136718750e+00,-7.688771724700927734e+00,-1.090828895568847656e+01,-6.520926475524902344e+00
-1.124541378021240234e+01,-5.681858062744140625e+00,-7.667425155639648438e+00,-1.093361854553222656e+01,-6.567685604095458984e+00
-1.123038482666015625e+01,-5.682552337646484375e+00,-7.661762714385986328e+00,-1.091019058227539062e+01,-6.557229042053222656e+00
-1.120695590972900391e+01,-5.686063289642333984e+00,-7.613552093505859375e+00,-1.088403701782226562e+01,-6.569884777069091797e+00
-1.119342231750488281e+01,-5.674813270568847656e+00,-7.636572837829589844e+00,-1.075348567962646484e+01,-6.377293586730957031e+00
-1.111935043334960938e+01,-5.673095703125000000e+00,-7.645876884460449219e+00,-1.055811500549316406e+01,-6.253822803497314453e+00
-1.121681213378906250e+01,-5.683858871459960938e+00,-7.626626014709472656e+00,-1.086216163635253906e+01,-6.539248466491699219e+00
-1.015313529968261719e+01,-1.467909049987792969e+01,-7.714628219604492188e+00,-5.207132816314697266e+00,-1.977719306945800781e+00
-9.226461410522460938e+00,-1.378151130676269531e+01,-6.670680999755859375e+00,-5.225761413574218750e+00,-2.037473201751708984e+00
-5.497612874023616314e-04,-1.180028820037841797e+01,-8.238546371459960938e+00,-6.092194557189941406e+00,-3.448738098144531250e+00
