-7.173372745513916016e+00,-6.096129417419433594e+00,-5.209927558898925781e+00,-1.201007461547851562e+01,-4.297169685363769531e+00
-8.511270523071289062e+00,-5.970532417297363281e+00,-3.884855985641479492e+00,-1.227625465393066406e+01,-6.853715896606445312e+00
-8.169542312622070312e+00,-5.942142963409423828e+00,-6.680726051330566406e+00,-1.240663909912109375e+01,-5.192744255065917969e+00
-7.691951751708984375e+00,-5.841644287109375000e+00,-6.550656318664550781e+00,-8.818235397338867188e+00,-5.338653564453125000e+00
-8.681143760681152344e+00,-5.934838771820068359e+00,-5.060954093933105469e+00,-1.214464187622070312e+01,-4.820183753967285156e+00
-9.484449386596679688e+00,-5.811715126037597656e+00,-6.392035007476806641e+00,-1.253129577636718750e+01,-5.776134490966796875e+00
-9.538107872009277344e+00,-5.884301185607910156e+00,-5.155354499816894531e+00,-1.351768875122070312e+01,-5.172555923461914062e+00
-1.040702438354492188e+01,-5.797740936279296875e+00,-6.242820739746093750e+00,-1.391409873962402344e+01,-7.238476753234863281e+00
-7.682502746582031250e+00,-5.841627597808837891e+00,-6.529618263244628906e+00,-8.836173057556152344e+00,-5.331623077392578125e+00
-9.923944473266601562e+00,-5.787790775299072266e+00,-5.343875408172607422e+00,-1.350205230712890625e+01,-6.164333343505859375e+00
-7.684851169586181641e+00,-5.841699600219726562e+00,-6.537293910980224609e+00,-8.829811096191406250e+00,-5.333837509155273438e+00
-8.588601112365722656e+00,-6.087940216064453125e+00,-3.549769639968872070e+00,-1.386105537414550781e+01,-4.634805679321289062e+00
-7.679283618927001953e+00,-5.841670036315917969e+00,-6.521377563476562500e+00,-8.840060234069824219e+00,-5.329109191894531250e+00
-9.133276939392089844e+00,-5.940061092376708984e+00,-5.156436443328857422e+00,-1.307042884826660156e+01,-6.989190101623535156e+00
-7.595879554748535156e+00,-6.401775360107421875e+00,-5.351761341094970703e+00,-1.122579860687255859e+01,-3.868507146835327148e+00
-8.326792716979980469e+00,-6.282218456268310547e+00,-5.315211296081542969e+00,-1.225099372863769531e+01,-4.694162368774414062e+00
-9.708291053771972656e+00,-5.912704467773437500e+00,-5.668039321899414062e+00,-1.190204524993896484e+01,-6.138316154479980469e+00
-7.677834510803222656e+00,-5.841650009155273438e+00,-6.517029762268066406e+00,-8.842567443847656250e+00,-5.327764511108398438e+00
-9.953163146972656250e+00,-6.006079673767089844e+00,-5.244500637054443359e+00,-1.163712692260742188e+01,-6.539355278015136719e+00
-9.397615432739257812e+00,-6.019257545471191406e+00,-5.066950798034667969e+00,-1.211062717437744141e+01,-6.320166587829589844e+00
-9.359861373901367188e+00,-6.033843040466308594e+00,-4.375701427459716797e+00,-1.275934791564941406e+01,-6.041090965270996094e+00
-9.103110313415527344e+00,-5.931771755218505859e+00,-5.525741577148437500e+00,-1.301389503479003906e+01,-5.747416019439697266e+00
-9.229651451110839844e+00,-5.919482231140136719e+00,-4.715558528900146484e+00,-1.306158828735351562e+01,-7.166705131530761719e+00
-1.050281429290771484e+01,-6.023997306823730469e+00,-3.187177658081054688e+00,-1.313228416442871094e+01,-8.295989990234375000e+00
-1.026117038726806641e+01,-5.868803977966308594e+00,-4.219030380249023438e+00,-1.351242160797119141e+01,-7.583419799804687500e+00
-1.089962863922119141e+01,-5.815205574035644531e+00,-5.910473823547363281e+00,-1.337184143066406250e+01,-9.341615676879882812e+00
-1.186828517913818359e+01,-5.719033718109130859e+00,-7.032089233398437500e+00,-1.304124259948730469e+01,-1.068259048461914062e+01
-7.677400112152099609e+00,-5.841641426086425781e+00,-6.515799522399902344e+00,-8.843555450439453125e+00,-5.327455520629882812e+00
-1.166943264007568359e+01,-5.736712455749511719e+00,-6.246990203857421875e+00,-1.410806655883789062e+01,-9.722284317016601562e+00
-1.177489376068115234e+01,-5.695224761962890625e+00,-6.299467563629150391e+00,-1.411210346221923828e+01,-1.043423843383789062e+01
-1.203081417083740234e+01,-5.756704330444335938e+00,-5.757064342498779297e+00,-1.392645263671875000e+01,-1.087640476226806641e+01
-1.262178516387939453e+01,-5.707540512084960938e+00,-5.942193031311035156e+00,-1.415447425842285156e+01,-1.143952465057373047e+01
-1.319802665710449219e+01,-5.669970512390136719e+00,-6.244676589965820312e+00,-1.500065422058105469e+01,-1.283275794982910156e+01
-1.314436244964599609e+01,-5.638356685638427734e+00,-5.720484733581542969e+00,-1.524686145782470703e+01,-1.313652229309082031e+01
-7.790725708007812500e+00,-5.841566085815429688e+00,-6.808372497558593750e+00,-8.686943054199218750e+00,-5.429789543151855469e+00
-9.970699310302734375e+00,-5.729822158813476562e+00,-3.296226263046264648e+00,-1.341845321655273438e+01,-8.127323150634765625e+00
-1.025783634185791016e+01,-5.632122039794921875e+00,-4.228772163391113281e+00,-1.096879768371582031e+01,-8.570828437805175781e+00
-1.295752620697021484e+01,-5.873296260833740234e+00,-7.389520645141601562e+00,-1.461626148223876953e+01,-1.266956520080566406e+01
-1.253350448608398438e+01,-5.914068222045898438e+00,-6.627786636352539062e+00,-1.516868686676025391e+01,-1.331186103820800781e+01
-1.260498142242431641e+01,-5.833843231201171875e+00,-7.572559356689453125e+00,-1.455939292907714844e+01,-1.398783302307128906e+01
-1.048583602905273438e+01,-5.663061141967773438e+00,-4.725179672241210938e+00,-1.342760658264160156e+01,-8.087784767150878906e+00
-1.403173732757568359e+01,-5.902884483337402344e+00,-8.173213958740234375e+00,-1.447407817840576172e+01,-1.547083663940429688e+01
-1.411787986755371094e+01,-5.924157619476318359e+00,-9.972547531127929688e+00,-1.416437244415283203e+01,-1.452418899536132812e+01
-1.400663661956787109e+01,-5.918472766876220703e+00,-1.047158050537109375e+01,-1.436748695373535156e+01,-1.327203941345214844e+01
-1.472128200531005859e+01,-5.986327171325683594e+00,-1.065678024291992188e+01,-1.399322128295898438e+01,-1.462751197814941406e+01
-1.554371929168701172e+01,-5.978765487670898438e+00,-1.082384490966796875e+01,-1.308352279663085938e+01,-1.578751373291015625e+01
-1.515711307525634766e+01,-5.812381744384765625e+00,-1.090763187408447266e+01,-1.301960372924804688e+01,-1.453560256958007812e+01
-1.430662059783935547e+01,-5.705244064331054688e+00,-9.915457725524902344e+00,-1.431916904449462891e+01,-1.236900234222412109e+01
-1.370792865753173828e+01,-5.734417915344238281e+00,-9.803881645202636719e+00,-1.487975025177001953e+01,-1.371667098999023438e+01
-1.437688159942626953e+01,-5.829467773437500000e+00,-7.989126682281494141e+00,-1.511113548278808594e+01,-1.515461826324462891e+01
-1.357207775115966797e+01,-5.834185600280761719e+00,-7.370580196380615234e+00,-1.465849876403808594e+01,-1.447171783447265625e+01
-1.399064731597900391e+01,-5.942146301269531250e+00,-8.936084747314453125e+00,-1.373170375823974609e+01,-1.469462394714355469e+01
-1.397593879699707031e+01,-5.849752426147460938e+00,-8.546367645263671875e+00,-1.402763938903808594e+01,-1.511451721191406250e+01
-1.318741893768310547e+01,-5.809638023376464844e+00,-7.494094848632812500e+00,-1.407226181030273438e+01,-1.414051055908203125e+01
-1.272551250457763672e+01,-5.626696109771728516e+00,-8.748481750488281250e+00,-1.447765731811523438e+01,-1.226754951477050781e+01
-1.329786300659179688e+01,-5.731593132019042969e+00,-7.079581737518310547e+00,-1.478819179534912109e+01,-1.344359493255615234e+01
-7.699925899505615234e+00,-5.841090202331542969e+00,-6.576920509338378906e+00,-8.834718704223632812e+00,-5.352326393127441406e+00
-1.427910327911376953e+01,-5.896862983703613281e+00,-8.586252212524414062e+00,-1.478006362915039062e+01,-1.562934875488281250e+01
-1.470465755462646484e+01,-5.955634117126464844e+00,-9.464775085449218750e+00,-1.433468437194824219e+01,-1.581987476348876953e+01
-1.473078632354736328e+01,-5.960277557373046875e+00,-7.719923973083496094e+00,-1.393795299530029297e+01,-1.533124351501464844e+01
-1.511772251129150391e+01,-5.916713237762451172e+00,-8.922499656677246094e+00,-1.409665489196777344e+01,-1.633060836791992188e+01
-1.487560939788818359e+01,-5.950653076171875000e+00,-9.794122695922851562e+00,-1.402406311035156250e+01,-1.512819480895996094e+01
-1.505735874176025391e+01,-5.874820709228515625e+00,-1.000645637512207031e+01,-1.353259658813476562e+01,-1.571283531188964844e+01
-1.396654605865478516e+01,-5.821960449218750000e+00,-9.432353019714355469e+00,-1.432742309570312500e+01,-1.362269115447998047e+01
-1.402213191986083984e+01,-5.809485435485839844e+00,-7.273577213287353516e+00,-1.364151573181152344e+01,-1.503338146209716797e+01
-1.441866779327392578e+01,-5.789244651794433594e+00,-7.062471389770507812e+00,-1.402715492248535156e+01,-1.535810661315917969e+01
-1.418580818176269531e+01,-5.742856025695800781e+00,-6.412891864776611328e+00,-1.436093711853027344e+01,-1.561736106872558594e+01
-1.456107616424560547e+01,-5.742579936981201172e+00,-6.786301612854003906e+00,-1.409560489654541016e+01,-1.620894432067871094e+01
-1.313481998443603516e+01,-5.754664421081542969e+00,-5.952754020690917969e+00,-1.368351078033447266e+01,-1.349907302856445312e+01
-1.322404289245605469e+01,-5.809490203857421875e+00,-6.204349994659423828e+00,-1.371353340148925781e+01,-1.383617973327636719e+01
-1.343050861358642578e+01,-5.845401763916015625e+00,-6.720269203186035156e+00,-1.401976585388183594e+01,-1.464807415008544922e+01
-1.047299480438232422e+01,-5.848052024841308594e+00,-4.268833637237548828e+00,-1.261403846740722656e+01,-8.499114036560058594e+00
-1.329842281341552734e+01,-5.788691997528076172e+00,-4.877420425415039062e+00,-1.370140743255615234e+01,-1.303208541870117188e+01
-1.334504699707031250e+01,-5.808258056640625000e+00,-3.830094099044799805e+00,-1.380243206024169922e+01,-1.313664817810058594e+01
-1.383879947662353516e+01,-5.838185310363769531e+00,-3.506166458129882812e+00,-1.434136772155761719e+01,-1.365339088439941406e+01
-1.440090084075927734e+01,-5.778675079345703125e+00,-5.289293289184570312e+00,-1.500228977203369141e+01,-1.424187564849853516e+01
-1.564191341400146484e+01,-5.832463264465332031e+00,-7.651373863220214844e+00,-1.535361862182617188e+01,-1.585872650146484375e+01
-1.611857986450195312e+01,-5.785913467407226562e+00,-7.432185649871826172e+00,-1.522431182861328125e+01,-1.580076122283935547e+01
-1.615318870544433594e+01,-5.759294509887695312e+00,-6.604610919952392578e+00,-1.524510955810546875e+01,-1.592578887939453125e+01
-1.595508480072021484e+01,-5.748216629028320312e+00,-6.320461750030517578e+00,-1.520164299011230469e+01,-1.587270736694335938e+01
-1.601335525512695312e+01,-5.707129478454589844e+00,-6.353670597076416016e+00,-1.484621047973632812e+01,-1.602762031555175781e+01
-1.586512470245361328e+01,-5.731962203979492188e+00,-5.701426506042480469e+00,-1.483788299560546875e+01,-1.634033393859863281e+01
-1.577694034576416016e+01,-5.723095893859863281e+00,-4.923682689666748047e+00,-1.523739814758300781e+01,-1.583180046081542969e+01
-1.670824623107910156e+01,-5.734606742858886719e+00,-6.419853210449218750e+00,-1.488453292846679688e+01,-1.703695869445800781e+01
-1.653303337097167969e+01,-5.711978435516357422e+00,-5.883378505706787109e+00,-1.494199180603027344e+01,-1.652170181274414062e+01
-1.629744720458984375e+01,-5.707218170166015625e+00,-5.446479797363281250e+00,-1.442522239685058594e+01,-1.532012367248535156e+01
-1.609838294982910156e+01,-5.679928779602050781e+00,-4.886723518371582031e+00,-1.451153755187988281e+01,-1.546194553375244141e+01
-1.679858398437500000e+01,-5.691440582275390625e+00,-5.557423591613769531e+00,-1.526949501037597656e+01,-1.705064964294433594e+01
-1.654193878173828125e+01,-5.722074508666992188e+00,-6.182922840118408203e+00,-1.497658157348632812e+01,-1.600406455993652344e+01
-1.628432083129882812e+01,-5.693446159362792969e+00,-6.944210052490234375e+00,-1.475559997558593750e+01,-1.635991477966308594e+01
-1.691198539733886719e+01,-5.698900699615478516e+00,-7.174403190612792969e+00,-1.469205856323242188e+01,-1.753655433654785156e+01
-1.718958473205566406e+01,-5.777998447418212891e+00,-7.432559490203857422e+00,-1.522122764587402344e+01,-1.781490516662597656e+01
-1.746676445007324219e+01,-5.735352516174316406e+00,-7.617658615112304688e+00,-1.583614540100097656e+01,-1.799275970458984375e+01
-1.771058464050292969e+01,-5.712870597839355469e+00,-7.651144981384277344e+00,-1.549373245239257812e+01,-1.823843383789062500e+01
-1.802593421936035156e+01,-5.702303886413574219e+00,-7.352840423583984375e+00,-1.554728698730468750e+01,-1.831180953979492188e+01
-1.830830574035644531e+01,-5.699645042419433594e+00,-7.948153018951416016e+00,-1.548376750946044922e+01,-1.842556381225585938e+01
-1.811013603210449219e+01,-5.727433681488037109e+00,-7.591389179229736328e+00,-1.588579654693603516e+01,-1.833862686157226562e+01
-1.793613624572753906e+01,-5.748960494995117188e+00,-7.616888999938964844e+00,-1.575684928894042969e+01,-1.834374809265136719e+01
-1.822226333618164062e+01,-5.687579154968261719e+00,-7.692918777465820312e+00,-1.505632114410400391e+01,-1.831089401245117188e+01
-1.799916076660156250e+01,-5.591800689697265625e+00,-7.834849834442138672e+00,-1.395629215240478516e+01,-1.824164962768554688e+01
-1.797022056579589844e+01,-5.613655090332031250e+00,-8.062524795532226562e+00,-1.476681995391845703e+01,-1.824816513061523438e+01
-1.800259780883789062e+01,-5.645051956176757812e+00,-7.697935104370117188e+00,-1.531728172302246094e+01,-1.836825561523437500e+01
-1.698585319519042969e+01,-5.711179733276367188e+00,-6.906782150268554688e+00,-1.479990386962890625e+01,-1.787462425231933594e+01
-1.659749031066894531e+01,-5.694175720214843750e+00,-7.670592308044433594e+00,-1.392411327362060547e+01,-1.807660484313964844e+01
-1.615007400512695312e+01,-5.722906112670898438e+00,-7.000489234924316406e+00,-1.360941505432128906e+01,-1.783458900451660156e+01
-1.617581176757812500e+01,-5.766781806945800781e+00,-6.984087944030761719e+00,-1.460416221618652344e+01,-1.779569816589355469e+01
-1.685562324523925781e+01,-5.763225555419921875e+00,-7.617201805114746094e+00,-1.499164199829101562e+01,-1.803852081298828125e+01
-1.696751594543457031e+01,-5.671304702758789062e+00,-8.350582122802734375e+00,-1.392904949188232422e+01,-1.761798286437988281e+01
-1.696981239318847656e+01,-5.771242141723632812e+00,-7.624589920043945312e+00,-1.439583969116210938e+01,-1.748764991760253906e+01
-1.721987724304199219e+01,-5.829319953918457031e+00,-1.078687477111816406e+01,-1.297321128845214844e+01,-1.940396881103515625e+01
-1.709692573547363281e+01,-5.629232406616210938e+00,-1.060896492004394531e+01,-1.161957931518554688e+01,-1.903235626220703125e+01
-1.680853462219238281e+01,-5.669096946716308594e+00,-1.005498123168945312e+01,-1.329480075836181641e+01,-1.864403152465820312e+01
-1.644392776489257812e+01,-5.787722587585449219e+00,-9.736877441406250000e+00,-1.442584800720214844e+01,-1.850019073486328125e+01
-1.624257278442382812e+01,-5.758321762084960938e+00,-1.035926246643066406e+01,-1.452020835876464844e+01,-1.801115989685058594e+01
-1.698708152770996094e+01,-5.729517936706542969e+00,-1.119853210449218750e+01,-1.498266220092773438e+01,-1.816097450256347656e+01
-1.690112113952636719e+01,-5.823269844055175781e+00,-1.159779930114746094e+01,-1.464046478271484375e+01,-1.791413497924804688e+01
-1.771910667419433594e+01,-5.814285278320312500e+00,-1.167306709289550781e+01,-1.391675949096679688e+01,-1.869075965881347656e+01
-1.790867424011230469e+01,-5.843264579772949219e+00,-1.183518600463867188e+01,-1.389246368408203125e+01,-1.871016693115234375e+01
-1.787429046630859375e+01,-5.863189697265625000e+00,-1.208185863494873047e+01,-1.421319580078125000e+01,-1.867357254028320312e+01
-1.786726379394531250e+01,-5.851757049560546875e+00,-1.151238059997558594e+01,-1.387830543518066406e+01,-1.892300415039062500e+01
-1.774647331237792969e+01,-5.832692146301269531e+00,-1.160830497741699219e+01,-1.408697128295898438e+01,-1.876640319824218750e+01
-1.734011077880859375e+01,-5.803161144256591797e+00,-1.234311771392822266e+01,-1.467657279968261719e+01,-1.862062454223632812e+01
-1.717572975158691406e+01,-5.776060581207275391e+00,-1.195430755615234375e+01,-1.453222846984863281e+01,-1.872674560546875000e+01
-1.676396751403808594e+01,-5.749098777770996094e+00,-1.240933227539062500e+01,-1.462838172912597656e+01,-1.822141647338867188e+01
-1.711503028869628906e+01,-5.793719291687011719e+00,-1.284778022766113281e+01,-1.474236583709716797e+01,-1.817803573608398438e+01
-1.697952651977539062e+01,-5.800800323486328125e+00,-1.293262863159179688e+01,-1.451530075073242188e+01,-1.797473526000976562e+01
-1.702754783630371094e+01,-5.784743309020996094e+00,-1.262841606140136719e+01,-1.456882667541503906e+01,-1.803445053100585938e+01
-1.711119651794433594e+01,-5.803853988647460938e+00,-1.279435443878173828e+01,-1.434774780273437500e+01,-1.805441856384277344e+01
-1.692584419250488281e+01,-5.833608627319335938e+00,-1.247894668579101562e+01,-1.443615341186523438e+01,-1.801721191406250000e+01
-1.728586387634277344e+01,-5.831125259399414062e+00,-1.185474967956542969e+01,-1.438663291931152344e+01,-1.868101882934570312e+01
-1.744258308410644531e+01,-5.875302314758300781e+00,-1.157538986206054688e+01,-1.477303886413574219e+01,-1.900455474853515625e+01
-1.709136772155761719e+01,-5.865287780761718750e+00,-1.227963447570800781e+01,-1.523129081726074219e+01,-1.877738952636718750e+01
-1.695949172973632812e+01,-5.829387187957763672e+00,-1.269050884246826172e+01,-1.565557479858398438e+01,-1.862522506713867188e+01
-1.693460273742675781e+01,-5.783260822296142578e+00,-1.272886657714843750e+01,-1.548610877990722656e+01,-1.875217056274414062e+01
-1.675214576721191406e+01,-5.787820816040039062e+00,-1.293579673767089844e+01,-1.586304283142089844e+01,-1.844717407226562500e+01
-1.675957107543945312e+01,-5.772318840026855469e+00,-1.297835159301757812e+01,-1.580271911621093750e+01,-1.825546455383300781e+01
-1.653752708435058594e+01,-5.750026702880859375e+00,-1.289194679260253906e+01,-1.536081314086914062e+01,-1.798940086364746094e+01
-1.644302940368652344e+01,-5.802482604980468750e+00,-1.332264709472656250e+01,-1.551062774658203125e+01,-1.775662994384765625e+01
-1.603941917419433594e+01,-5.786657333374023438e+00,-1.364659023284912109e+01,-1.552677154541015625e+01,-1.754815292358398438e+01
-1.607703590393066406e+01,-5.860934257507324219e+00,-1.325273895263671875e+01,-1.469431114196777344e+01,-1.763915634155273438e+01
-1.623947143554687500e+01,-5.845793247222900391e+00,-1.180475425720214844e+01,-1.360225296020507812e+01,-1.749041175842285156e+01
-1.607818984985351562e+01,-5.810458183288574219e+00,-1.175244712829589844e+01,-1.445393943786621094e+01,-1.741032028198242188e+01
-1.624917411804199219e+01,-5.824894905090332031e+00,-1.088739490509033203e+01,-1.452289295196533203e+01,-1.723490715026855469e+01
-1.624708938598632812e+01,-5.803006172180175781e+00,-9.906199455261230469e+00,-1.465757179260253906e+01,-1.717206001281738281e+01
-1.576181888580322266e+01,-5.814306259155273438e+00,-8.607553482055664062e+00,-1.432512474060058594e+01,-1.550493049621582031e+01
-1.631655120849609375e+01,-5.760719299316406250e+00,-7.622726917266845703e+00,-1.380290412902832031e+01,-1.655021286010742188e+01
-1.703364372253417969e+01,-5.729401588439941406e+00,-8.282443046569824219e+00,-1.426472091674804688e+01,-1.771963691711425781e+01
-1.714484214782714844e+01,-5.686961174011230469e+00,-9.231824874877929688e+00,-1.373644638061523438e+01,-1.787748718261718750e+01
-1.739721107482910156e+01,-5.695926189422607422e+00,-9.514161109924316406e+00,-1.405415916442871094e+01,-1.787613868713378906e+01
-1.730865287780761719e+01,-5.716440200805664062e+00,-8.380109786987304688e+00,-1.490015220642089844e+01,-1.694226646423339844e+01
-1.737565040588378906e+01,-5.677392959594726562e+00,-9.115710258483886719e+00,-1.521769142150878906e+01,-1.677519798278808594e+01
-1.746098327636718750e+01,-5.730685234069824219e+00,-9.705678939819335938e+00,-1.603558921813964844e+01,-1.684089279174804688e+01
-1.715054130554199219e+01,-5.709028244018554688e+00,-9.136856079101562500e+00,-1.508815574645996094e+01,-1.590637588500976562e+01
-1.623961830139160156e+01,-5.696215629577636719e+00,-7.829756736755371094e+00,-1.469515800476074219e+01,-1.451120376586914062e+01
-1.753525733947753906e+01,-5.775351524353027344e+00,-9.728742599487304688e+00,-1.606516647338867188e+01,-1.743705749511718750e+01
-1.772260284423828125e+01,-5.781797409057617188e+00,-9.425329208374023438e+00,-1.563501930236816406e+01,-1.742828369140625000e+01
-1.778341102600097656e+01,-5.751355171203613281e+00,-8.893949508666992188e+00,-1.551964378356933594e+01,-1.736246109008789062e+01
-1.731545829772949219e+01,-5.787947654724121094e+00,-7.895033359527587891e+00,-1.554988479614257812e+01,-1.709330177307128906e+01
-1.697138023376464844e+01,-5.766608715057373047e+00,-8.109300613403320312e+00,-1.383995056152343750e+01,-1.639912414550781250e+01
-1.726512336730957031e+01,-5.734489440917968750e+00,-7.503175258636474609e+00,-1.520830154418945312e+01,-1.623413276672363281e+01
-1.681713867187500000e+01,-5.704446792602539062e+00,-6.594955444335937500e+00,-1.515032863616943359e+01,-1.593724250793457031e+01
-1.643093299865722656e+01,-5.714063644409179688e+00,-6.499947071075439453e+00,-1.535136222839355469e+01,-1.633746719360351562e+01
-1.598167324066162109e+01,-5.640911102294921875e+00,-7.562925338745117188e+00,-1.421104431152343750e+01,-1.448755836486816406e+01
-1.686264610290527344e+01,-5.605195999145507812e+00,-6.137310981750488281e+00,-1.433703231811523438e+01,-1.551039123535156250e+01
-1.655346107482910156e+01,-5.543095111846923828e+00,-7.086797714233398438e+00,-1.348559570312500000e+01,-1.475015640258789062e+01
-1.597449970245361328e+01,-5.615892410278320312e+00,-5.531754970550537109e+00,-1.293563842773437500e+01,-1.434387016296386719e+01
-1.640801811218261719e+01,-5.638869285583496094e+00,-4.788460731506347656e+00,-1.167397403717041016e+01,-1.529136276245117188e+01
-1.717883110046386719e+01,-5.575276851654052734e+00,-7.044209480285644531e+00,-1.228949832916259766e+01,-1.741505050659179688e+01
-1.664915847778320312e+01,-5.507258415222167969e+00,-6.811536312103271484e+00,-9.158189773559570312e+00,-1.637792205810546875e+01
-1.475502395629882812e+01,-5.717880249023437500e+00,-4.452505588531494141e+00,-1.084641647338867188e+01,-1.393763065338134766e+01
-1.688021659851074219e+01,-5.597069740295410156e+00,-8.488088607788085938e+00,-9.709007263183593750e+00,-1.742875289916992188e+01
-1.589150905609130859e+01,-5.638803005218505859e+00,-8.596172332763671875e+00,-9.555898666381835938e+00,-1.766363716125488281e+01
-1.401007747650146484e+01,-5.865471839904785156e+00,-7.364507198333740234e+00,-7.533813476562500000e+00,-1.575839710235595703e+01
-1.395809650421142578e+01,-5.738982200622558594e+00,-9.418813705444335938e+00,-1.019622325897216797e+01,-1.688411140441894531e+01
-1.550473499298095703e+01,-5.713027954101562500e+00,-1.111006546020507812e+01,-1.250945377349853516e+01,-1.730727767944335938e+01
-1.605378341674804688e+01,-5.726087570190429688e+00,-9.632781982421875000e+00,-1.091701507568359375e+01,-1.694186019897460938e+01
-1.629390335083007812e+01,-5.736768722534179688e+00,-9.893505096435546875e+00,-1.173502635955810547e+01,-1.621951675415039062e+01
-1.607665061950683594e+01,-5.745477199554443359e+00,-1.086161422729492188e+01,-1.052634525299072266e+01,-1.544311523437500000e+01
-1.646073341369628906e+01,-5.832887172698974609e+00,-1.080030059814453125e+01,-1.226971340179443359e+01,-1.629642105102539062e+01
-1.662157249450683594e+01,-5.792037963867187500e+00,-1.138047981262207031e+01,-1.392490959167480469e+01,-1.710917282104492188e+01
-1.645803642272949219e+01,-5.790688514709472656e+00,-1.173293495178222656e+01,-1.419057846069335938e+01,-1.693894004821777344e+01
-1.672822380065917969e+01,-5.790899753570556641e+00,-1.232042121887207031e+01,-1.434913063049316406e+01,-1.721287345886230469e+01
-1.683680915832519531e+01,-5.799960136413574219e+00,-1.204062271118164062e+01,-1.466355323791503906e+01,-1.766691780090332031e+01
-1.683884811401367188e+01,-5.825069427490234375e+00,-1.246474266052246094e+01,-1.373931503295898438e+01,-1.744228553771972656e+01
-1.679955291748046875e+01,-5.788949966430664062e+00,-1.236383342742919922e+01,-1.314379882812500000e+01,-1.740900993347167969e+01
-1.691109848022460938e+01,-5.856334686279296875e+00,-1.214719676971435547e+01,-1.371141624450683594e+01,-1.731860923767089844e+01
-1.658588218688964844e+01,-5.827292442321777344e+00,-1.182917213439941406e+01,-1.326083374023437500e+01,-1.675979995727539062e+01
-1.611407279968261719e+01,-5.796951293945312500e+00,-1.221522426605224609e+01,-1.382143974304199219e+01,-1.683668708801269531e+01
-1.619709587097167969e+01,-5.801667213439941406e+00,-1.072199821472167969e+01,-1.289241027832031250e+01,-1.722787475585937500e+01
-1.576135349273681641e+01,-5.838318824768066406e+00,-1.142251014709472656e+01,-1.406814193725585938e+01,-1.762467002868652344e+01
-1.561166095733642578e+01,-5.840341567993164062e+00,-1.141418647766113281e+01,-1.443684005737304688e+01,-1.762503242492675781e+01
-1.590158939361572266e+01,-5.840331077575683594e+00,-1.204459190368652344e+01,-1.483819007873535156e+01,-1.669721031188964844e+01
-1.611740684509277344e+01,-5.882912635803222656e+00,-1.104339504241943359e+01,-1.463928508758544922e+01,-1.678470611572265625e+01
-1.634867095947265625e+01,-5.796455383300781250e+00,-1.085177040100097656e+01,-1.356728172302246094e+01,-1.720094108581542969e+01
-1.555330562591552734e+01,-5.764428138732910156e+00,-1.160224723815917969e+01,-1.408399009704589844e+01,-1.635104560852050781e+01
-1.572417354583740234e+01,-5.774844169616699219e+00,-1.116645431518554688e+01,-1.385578346252441406e+01,-1.656650733947753906e+01
-1.553387451171875000e+01,-5.795279979705810547e+00,-1.028766632080078125e+01,-1.290713787078857422e+01,-1.618480110168457031e+01
-1.576308727264404297e+01,-5.786880493164062500e+00,-9.691883087158203125e+00,-1.354550170898437500e+01,-1.653122520446777344e+01
-1.545451545715332031e+01,-5.779398918151855469e+00,-8.538512229919433594e+00,-1.349578094482421875e+01,-1.599333667755126953e+01
-1.619742393493652344e+01,-5.795146942138671875e+00,-8.433475494384765625e+00,-1.290736961364746094e+01,-1.663705444335937500e+01
-1.558440303802490234e+01,-5.693658828735351562e+00,-8.785578727722167969e+00,-1.088599967956542969e+01,-1.680439186096191406e+01
-1.611481857299804688e+01,-5.633254051208496094e+00,-9.272789001464843750e+00,-1.149847030639648438e+01,-1.672249603271484375e+01
-1.681509590148925781e+01,-5.665772438049316406e+00,-1.020292568206787109e+01,-1.382924079895019531e+01,-1.660488510131835938e+01
-1.719317054748535156e+01,-5.691382408142089844e+00,-9.934659957885742188e+00,-1.440704250335693359e+01,-1.628467369079589844e+01
-1.593403530120849609e+01,-5.636384010314941406e+00,-8.411676406860351562e+00,-1.236852645874023438e+01,-1.484991455078125000e+01
-1.658693122863769531e+01,-5.717252731323242188e+00,-8.466974258422851562e+00,-1.384182929992675781e+01,-1.608490562438964844e+01
-1.653158378601074219e+01,-5.771382331848144531e+00,-9.190622329711914062e+00,-1.420502948760986328e+01,-1.654626655578613281e+01
-1.713474273681640625e+01,-5.779174804687500000e+00,-9.707771301269531250e+00,-1.515039539337158203e+01,-1.696952819824218750e+01
-1.673057365417480469e+01,-5.762525558471679688e+00,-1.002508735656738281e+01,-1.508678245544433594e+01,-1.621678161621093750e+01
-1.640917396545410156e+01,-5.701845169067382812e+00,-8.799670219421386719e+00,-1.474430465698242188e+01,-1.526540946960449219e+01
-1.586888599395751953e+01,-5.644058227539062500e+00,-7.823719978332519531e+00,-1.474301052093505859e+01,-1.416067123413085938e+01
-1.641452217102050781e+01,-5.681731224060058594e+00,-9.808587074279785156e+00,-1.571960449218750000e+01,-1.487286853790283203e+01
-1.633770942687988281e+01,-5.636655807495117188e+00,-9.163063049316406250e+00,-1.571649169921875000e+01,-1.439259815216064453e+01
-1.666664886474609375e+01,-5.658889293670654297e+00,-9.237047195434570312e+00,-1.551678466796875000e+01,-1.548792457580566406e+01
-1.598298645019531250e+01,-5.643709659576416016e+00,-9.265659332275390625e+00,-1.513256454467773438e+01,-1.469251251220703125e+01
-1.539838600158691406e+01,-5.606375694274902344e+00,-7.414620876312255859e+00,-1.264538002014160156e+01,-1.344326686859130859e+01
-1.526667213439941406e+01,-5.656015872955322266e+00,-4.973420143127441406e+00,-1.124376773834228516e+01,-1.282492733001708984e+01
-1.579582691192626953e+01,-5.657358169555664062e+00,-5.882969856262207031e+00,-1.069436740875244141e+01,-1.479455471038818359e+01
-1.494317626953125000e+01,-5.598715782165527344e+00,-6.362652778625488281e+00,-9.620767593383789062e+00,-1.456687831878662109e+01
-1.485399532318115234e+01,-5.478976249694824219e+00,-5.126479148864746094e+00,-9.178104400634765625e+00,-1.458370113372802734e+01
-1.445514202117919922e+01,-5.937560558319091797e+00,-4.308780193328857422e+00,-6.606012344360351562e+00,-1.305512905120849609e+01
-1.559769153594970703e+01,-5.807674407958984375e+00,-7.082244873046875000e+00,-7.021341323852539062e+00,-1.622939491271972656e+01
-1.507125377655029297e+01,-6.295364379882812500e+00,-6.888267993927001953e+00,-5.977533817291259766e+00,-1.644830703735351562e+01
-1.349086093902587891e+01,-6.346693038940429688e+00,-8.291910171508789062e+00,-6.101173400878906250e+00,-1.558626937866210938e+01
-1.314529418945312500e+01,-6.349441528320312500e+00,-8.993494033813476562e+00,-6.408514022827148438e+00,-1.432400703430175781e+01
-1.406392383575439453e+01,-6.093234062194824219e+00,-1.005071735382080078e+01,-7.779272079467773438e+00,-1.506019592285156250e+01
-1.496643829345703125e+01,-5.988331794738769531e+00,-1.053941917419433594e+01,-8.094531059265136719e+00,-1.549262809753417969e+01
-1.503248691558837891e+01,-5.821902275085449219e+00,-1.074306583404541016e+01,-9.738557815551757812e+00,-1.497033119201660156e+01
-1.540974426269531250e+01,-5.774504661560058594e+00,-9.935287475585937500e+00,-9.465421676635742188e+00,-1.590493011474609375e+01
-1.551351261138916016e+01,-5.816861152648925781e+00,-9.161756515502929688e+00,-9.157935142517089844e+00,-1.641263961791992188e+01
-1.644041252136230469e+01,-5.702604293823242188e+00,-1.045183181762695312e+01,-9.439670562744140625e+00,-1.729841232299804688e+01
-1.666180992126464844e+01,-5.743635177612304688e+00,-1.053562164306640625e+01,-1.154523658752441406e+01,-1.732147026062011719e+01
-1.629424095153808594e+01,-5.728251457214355469e+00,-1.027523231506347656e+01,-1.159069442749023438e+01,-1.665349197387695312e+01
-1.589277839660644531e+01,-5.753330230712890625e+00,-1.063130569458007812e+01,-1.065881252288818359e+01,-1.608865165710449219e+01
-1.684133911132812500e+01,-5.739493370056152344e+00,-1.127399921417236328e+01,-1.205743598937988281e+01,-1.749544334411621094e+01
-1.680932426452636719e+01,-5.769960880279541016e+00,-1.190825080871582031e+01,-1.293433666229248047e+01,-1.728815650939941406e+01
-1.693023300170898438e+01,-5.723635196685791016e+00,-1.146403503417968750e+01,-1.217704963684082031e+01,-1.723060226440429688e+01
-1.666443443298339844e+01,-5.745635986328125000e+00,-1.102095985412597656e+01,-1.166544723510742188e+01,-1.738262939453125000e+01
-1.545009231567382812e+01,-5.764004707336425781e+00,-9.625343322753906250e+00,-1.041950035095214844e+01,-1.638347053527832031e+01
-1.523932266235351562e+01,-5.826422691345214844e+00,-9.614032745361328125e+00,-9.516531944274902344e+00,-1.579578590393066406e+01
-1.581894683837890625e+01,-5.813586235046386719e+00,-1.027389907836914062e+01,-1.244765853881835938e+01,-1.642467498779296875e+01
-1.555963897705078125e+01,-5.756380081176757812e+00,-8.176413536071777344e+00,-1.312539577484130859e+01,-1.607642364501953125e+01
-1.602337265014648438e+01,-5.710783004760742188e+00,-9.614139556884765625e+00,-1.168613815307617188e+01,-1.664291191101074219e+01
-1.590288448333740234e+01,-5.744147777557373047e+00,-9.867221832275390625e+00,-1.204283332824707031e+01,-1.651682281494140625e+01
-1.622185707092285156e+01,-5.730152130126953125e+00,-1.024481201171875000e+01,-1.173505115509033203e+01,-1.669706153869628906e+01
-1.586519718170166016e+01,-5.734952926635742188e+00,-9.198341369628906250e+00,-1.123971366882324219e+01,-1.559464359283447266e+01
-1.524039554595947266e+01,-5.719564914703369141e+00,-7.949056148529052734e+00,-1.132799530029296875e+01,-1.404801559448242188e+01
-1.560570907592773438e+01,-5.769195556640625000e+00,-7.635282516479492188e+00,-1.214763450622558594e+01,-1.440706253051757812e+01
-1.532538986206054688e+01,-5.684618473052978516e+00,-7.192975521087646484e+00,-1.212821960449218750e+01,-1.333576583862304688e+01
-1.604862022399902344e+01,-5.698181152343750000e+00,-6.598283767700195312e+00,-1.246683883666992188e+01,-1.518148994445800781e+01
-1.579929161071777344e+01,-5.669923782348632812e+00,-6.621471405029296875e+00,-1.308028221130371094e+01,-1.480453968048095703e+01
-1.525174140930175781e+01,-5.704711914062500000e+00,-7.286443233489990234e+00,-1.241697502136230469e+01,-1.334270572662353516e+01
-1.543906879425048828e+01,-5.656573295593261719e+00,-6.195251464843750000e+00,-1.289503765106201172e+01,-1.338097763061523438e+01
-1.605804061889648438e+01,-5.622912406921386719e+00,-6.338366031646728516e+00,-1.282953834533691406e+01,-1.471448326110839844e+01
-1.571993064880371094e+01,-5.637106895446777344e+00,-6.848925113677978516e+00,-1.223771190643310547e+01,-1.385340881347656250e+01
-1.488766384124755859e+01,-5.747711181640625000e+00,-5.119459152221679688e+00,-1.009533119201660156e+01,-1.322434997558593750e+01
-1.518077278137207031e+01,-5.656390190124511719e+00,-3.658717870712280273e+00,-8.826274871826171875e+00,-1.444505119323730469e+01
-1.457556724548339844e+01,-5.751455307006835938e+00,-2.858922958374023438e+00,-8.127521514892578125e+00,-1.315984821319580078e+01
-1.384748172760009766e+01,-6.326175212860107422e+00,-2.368846893310546875e+00,-5.219371795654296875e+00,-1.336741065979003906e+01
-1.502939128875732422e+01,-5.727973461151123047e+00,-4.309567451477050781e+00,-6.079970359802246094e+00,-1.515661716461181641e+01
-1.513880157470703125e+01,-5.978216171264648438e+00,-6.702973842620849609e+00,-6.105863094329833984e+00,-1.657911109924316406e+01
-1.342232608795166016e+01,-6.671877861022949219e+00,-7.831519126892089844e+00,-5.399618625640869141e+00,-1.623093032836914062e+01
-1.404351806640625000e+01,-6.669563293457031250e+00,-9.664568901062011719e+00,-5.637012958526611328e+00,-1.646713638305664062e+01
-1.341603279113769531e+01,-6.276661872863769531e+00,-1.097633743286132812e+01,-6.425163269042968750e+00,-1.562393379211425781e+01
-1.355304622650146484e+01,-6.227560520172119141e+00,-1.126137638092041016e+01,-6.690030574798583984e+00,-1.394970226287841797e+01
-1.474381732940673828e+01,-5.961889266967773438e+00,-1.160114288330078125e+01,-7.118621349334716797e+00,-1.427244567871093750e+01
-1.487334823608398438e+01,-5.879803180694580078e+00,-1.102094650268554688e+01,-7.792736053466796875e+00,-1.443633556365966797e+01
-1.562587356567382812e+01,-5.748533248901367188e+00,-1.110274887084960938e+01,-9.242918968200683594e+00,-1.563216590881347656e+01
-1.592672061920166016e+01,-5.691946983337402344e+00,-1.002644920349121094e+01,-9.014125823974609375e+00,-1.604624748229980469e+01
-1.614749717712402344e+01,-5.674839019775390625e+00,-1.006318092346191406e+01,-1.029487991333007812e+01,-1.686915779113769531e+01
-1.565733718872070312e+01,-5.729153156280517578e+00,-8.909113883972167969e+00,-9.704799652099609375e+00,-1.665872383117675781e+01
-1.543834972381591797e+01,-5.724116802215576172e+00,-8.098464965820312500e+00,-9.569158554077148438e+00,-1.633796501159667969e+01
-1.523581314086914062e+01,-5.713925838470458984e+00,-7.977897644042968750e+00,-8.917898178100585938e+00,-1.607661056518554688e+01
-1.552791786193847656e+01,-5.721205711364746094e+00,-9.207750320434570312e+00,-9.831558227539062500e+00,-1.668121147155761719e+01
-1.541430950164794922e+01,-5.692147254943847656e+00,-9.274224281311035156e+00,-1.070338249206542969e+01,-1.652994918823242188e+01
-1.504588985443115234e+01,-5.741994380950927734e+00,-1.055776977539062500e+01,-1.119367122650146484e+01,-1.558344459533691406e+01
-1.635274696350097656e+01,-5.712140083312988281e+00,-1.080862426757812500e+01,-1.144358444213867188e+01,-1.722993278503417969e+01
-1.464000320434570312e+01,-5.776511192321777344e+00,-1.114833259582519531e+01,-8.836014747619628906e+00,-1.449409103393554688e+01
-1.561054515838623047e+01,-5.720741271972656250e+00,-1.062503147125244141e+01,-1.080449867248535156e+01,-1.604565238952636719e+01
-1.475341701507568359e+01,-5.876019477844238281e+00,-9.252812385559082031e+00,-1.065932178497314453e+01,-1.549817276000976562e+01
-1.537057399749755859e+01,-5.816452980041503906e+00,-8.442552566528320312e+00,-1.167474460601806641e+01,-1.572868919372558594e+01
-1.426198959350585938e+01,-5.767959594726562500e+00,-8.340599060058593750e+00,-1.088991832733154297e+01,-1.537128162384033203e+01
-1.445834064483642578e+01,-5.870063781738281250e+00,-7.132441997528076172e+00,-9.450927734375000000e+00,-1.454082679748535156e+01
-1.544368934631347656e+01,-5.733761787414550781e+00,-8.168176651000976562e+00,-1.007546997070312500e+01,-1.572108459472656250e+01
-1.463337039947509766e+01,-5.905556678771972656e+00,-7.942798614501953125e+00,-7.681677818298339844e+00,-1.498180866241455078e+01
-1.558057117462158203e+01,-5.755318641662597656e+00,-7.917160034179687500e+00,-9.308511734008789062e+00,-1.539676666259765625e+01
-1.658551216125488281e+01,-5.725665092468261719e+00,-9.299144744873046875e+00,-1.159425640106201172e+01,-1.677527618408203125e+01
-1.615571022033691406e+01,-5.794231414794921875e+00,-9.308069229125976562e+00,-1.262397098541259766e+01,-1.669390869140625000e+01
-1.602195930480957031e+01,-5.772362709045410156e+00,-1.064821243286132812e+01,-1.206019973754882812e+01,-1.611183547973632812e+01
-1.651013183593750000e+01,-5.752986907958984375e+00,-1.026404666900634766e+01,-1.157118034362792969e+01,-1.638835716247558594e+01
-1.574371814727783203e+01,-5.688705444335937500e+00,-8.744058609008789062e+00,-1.097327423095703125e+01,-1.556009101867675781e+01
-1.660214424133300781e+01,-5.672078132629394531e+00,-8.810241699218750000e+00,-1.190122032165527344e+01,-1.559971809387207031e+01
-1.653217887878417969e+01,-5.633997917175292969e+00,-7.897414684295654297e+00,-1.033920860290527344e+01,-1.456361961364746094e+01
-1.514034938812255859e+01,-5.755640029907226562e+00,-5.389491081237792969e+00,-1.022008991241455078e+01,-1.310353469848632812e+01
-1.468313026428222656e+01,-5.852191925048828125e+00,-4.806144237518310547e+00,-1.081235694885253906e+01,-1.266892433166503906e+01
-1.375457191467285156e+01,-5.907743453979492188e+00,-5.095944404602050781e+00,-1.003613471984863281e+01,-1.005380725860595703e+01
-1.516549682617187500e+01,-5.785456657409667969e+00,-4.871506690979003906e+00,-1.091783618927001953e+01,-1.333231258392333984e+01
-1.545943927764892578e+01,-5.714785575866699219e+00,-6.417832374572753906e+00,-1.069980716705322266e+01,-1.371282768249511719e+01
-1.438974094390869141e+01,-5.901422500610351562e+00,-4.440861701965332031e+00,-9.042846679687500000e+00,-1.187995815277099609e+01
-1.372184276580810547e+01,-6.742661952972412109e+00,-2.858460426330566406e+00,-6.046175956726074219e+00,-1.225071144104003906e+01
-1.426614952087402344e+01,-6.062871932983398438e+00,-3.138794422149658203e+00,-6.825302124023437500e+00,-1.249678516387939453e+01
-1.416269016265869141e+01,-6.996358871459960938e+00,-2.816501855850219727e+00,-5.406458854675292969e+00,-1.214232063293457031e+01
-1.476166820526123047e+01,-6.150383949279785156e+00,-4.210486412048339844e+00,-5.879651069641113281e+00,-1.358318328857421875e+01
-1.543866252899169922e+01,-5.775843620300292969e+00,-5.897232055664062500e+00,-7.364086627960205078e+00,-1.561877822875976562e+01
-1.362666511535644531e+01,-7.361311912536621094e+00,-7.173521518707275391e+00,-5.084920883178710938e+00,-1.556104850769042969e+01
-1.267284774780273438e+01,-7.827428817749023438e+00,-1.050647354125976562e+01,-4.855342388153076172e+00,-1.506277847290039062e+01
-1.245727443695068359e+01,-6.986374855041503906e+00,-1.182202529907226562e+01,-5.352362632751464844e+00,-1.396277523040771484e+01
-1.285912704467773438e+01,-6.236705780029296875e+00,-1.194331073760986328e+01,-6.550953388214111328e+00,-1.312848091125488281e+01
-1.277839374542236328e+01,-6.317772388458251953e+00,-1.250949668884277344e+01,-6.385696887969970703e+00,-1.218902778625488281e+01
-1.416333866119384766e+01,-6.418191909790039062e+00,-1.275545883178710938e+01,-6.247009277343750000e+00,-1.353769683837890625e+01
-1.392742538452148438e+01,-6.199634552001953125e+00,-1.217523765563964844e+01,-7.224932193756103516e+00,-1.366025924682617188e+01
-1.423551464080810547e+01,-6.306545257568359375e+00,-1.266532707214355469e+01,-6.837687969207763672e+00,-1.411086273193359375e+01
-1.455008983612060547e+01,-6.021552562713623047e+00,-1.205487442016601562e+01,-7.812729835510253906e+00,-1.449206733703613281e+01
-1.531041526794433594e+01,-5.848832130432128906e+00,-1.169301986694335938e+01,-9.487151145935058594e+00,-1.585310459136962891e+01
-1.511298370361328125e+01,-6.143461227416992188e+00,-1.095202445983886719e+01,-7.433384895324707031e+00,-1.583877849578857422e+01
-1.455349349975585938e+01,-6.064746379852294922e+00,-1.177909469604492188e+01,-7.859254360198974609e+00,-1.483769416809082031e+01
-1.526370716094970703e+01,-5.899719238281250000e+00,-1.211526107788085938e+01,-8.942667961120605469e+00,-1.616501998901367188e+01
-1.508803749084472656e+01,-5.931432723999023438e+00,-1.338484001159667969e+01,-8.629693984985351562e+00,-1.609275817871093750e+01
-1.502010822296142578e+01,-5.999885559082031250e+00,-1.231597709655761719e+01,-7.936014175415039062e+00,-1.617982673645019531e+01
-1.498860168457031250e+01,-6.246178627014160156e+00,-1.268045616149902344e+01,-6.954832077026367188e+00,-1.588523292541503906e+01
-1.473091602325439453e+01,-6.253382682800292969e+00,-1.216843318939208984e+01,-7.042964458465576172e+00,-1.543068885803222656e+01
-1.450135898590087891e+01,-6.241784572601318359e+00,-1.376559352874755859e+01,-6.873634815216064453e+00,-1.528059101104736328e+01
-1.393837165832519531e+01,-6.109186172485351562e+00,-1.495134544372558594e+01,-6.983504295349121094e+00,-1.548961734771728516e+01
-1.446069812774658203e+01,-6.071712493896484375e+00,-1.483837318420410156e+01,-7.307604312896728516e+00,-1.558110427856445312e+01
-1.485424327850341797e+01,-6.239981651306152344e+00,-1.417823600769042969e+01,-6.746957778930664062e+00,-1.553452301025390625e+01
-1.403727245330810547e+01,-6.405719280242919922e+00,-1.407109832763671875e+01,-6.373919010162353516e+00,-1.525226020812988281e+01
-1.269479846954345703e+01,-7.225717067718505859e+00,-1.448447608947753906e+01,-5.564589500427246094e+00,-1.349495029449462891e+01
-1.251144313812255859e+01,-7.767216205596923828e+00,-1.456323432922363281e+01,-5.306761741638183594e+00,-1.347547531127929688e+01
-1.183754062652587891e+01,-7.777742385864257812e+00,-1.456252861022949219e+01,-5.321294784545898438e+00,-1.193057918548583984e+01
-1.227938175201416016e+01,-7.645807743072509766e+00,-1.453903388977050781e+01,-5.402140617370605469e+00,-1.190226364135742188e+01
-1.260924243927001953e+01,-7.221330642700195312e+00,-1.402605247497558594e+01,-5.719290733337402344e+00,-1.222777557373046875e+01
-1.299739742279052734e+01,-7.160700798034667969e+00,-1.367888641357421875e+01,-5.709493637084960938e+00,-1.339613533020019531e+01
-1.333446407318115234e+01,-6.772963523864746094e+00,-1.295889663696289062e+01,-6.208916664123535156e+00,-1.418684005737304688e+01
-1.292039394378662109e+01,-6.736711502075195312e+00,-1.261364746093750000e+01,-6.178336143493652344e+00,-1.396963691711425781e+01
-1.285358142852783203e+01,-7.374452590942382812e+00,-1.031547164916992188e+01,-5.770367622375488281e+00,-1.387702846527099609e+01
-1.390720939636230469e+01,-7.186225891113281250e+00,-9.728784561157226562e+00,-5.930670738220214844e+00,-1.494729137420654297e+01
-1.305749988555908203e+01,-7.178841590881347656e+00,-9.813339233398437500e+00,-5.739965438842773438e+00,-1.381000137329101562e+01
-1.317244434356689453e+01,-8.759893417358398438e+00,-1.010828971862792969e+01,-5.081351280212402344e+00,-1.466379451751708984e+01
-1.369152069091796875e+01,-8.376429557800292969e+00,-1.131293487548828125e+01,-4.885203838348388672e+00,-1.516293716430664062e+01
-1.412084960937500000e+01,-6.901971817016601562e+00,-1.162680053710937500e+01,-5.567476272583007812e+00,-1.539051437377929688e+01
-1.369252109527587891e+01,-7.352165699005126953e+00,-1.236684036254882812e+01,-5.163571357727050781e+00,-1.542417144775390625e+01
-1.293316459655761719e+01,-7.537131309509277344e+00,-1.091282272338867188e+01,-5.080703735351562500e+00,-1.429332733154296875e+01
-1.273565006256103516e+01,-7.867237091064453125e+00,-9.887037277221679688e+00,-5.247660160064697266e+00,-1.433034515380859375e+01
-1.364620494842529297e+01,-6.838714599609375000e+00,-1.135688400268554688e+01,-5.532351970672607422e+00,-1.426587390899658203e+01
-1.371673297882080078e+01,-6.766626358032226562e+00,-9.781040191650390625e+00,-5.463115215301513672e+00,-1.421249389648437500e+01
-1.389606857299804688e+01,-6.593762397766113281e+00,-9.684966087341308594e+00,-6.111210346221923828e+00,-1.528363609313964844e+01
-7.858169555664062500e+00,-5.829789161682128906e+00,-6.838940143585205078e+00,-8.694671630859375000e+00,-5.468436241149902344e+00
-1.483106613159179688e+01,-6.157723903656005859e+00,-9.301859855651855469e+00,-7.566366195678710938e+00,-1.584804153442382812e+01
-1.377328014373779297e+01,-7.179043292999267578e+00,-8.519193649291992188e+00,-5.427463054656982422e+00,-1.477229118347167969e+01
-1.433942127227783203e+01,-6.217766761779785156e+00,-8.135047912597656250e+00,-7.468513011932373047e+00,-1.452226924896240234e+01
-1.408097648620605469e+01,-6.563509941101074219e+00,-8.479419708251953125e+00,-6.489424228668212891e+00,-1.516927623748779297e+01
-1.387984752655029297e+01,-6.855787754058837891e+00,-7.160467147827148438e+00,-6.125678062438964844e+00,-1.438225078582763672e+01
-1.344220066070556641e+01,-7.153005599975585938e+00,-5.363780975341796875e+00,-5.749125957489013672e+00,-1.383740043640136719e+01
-1.331569194793701172e+01,-7.145182609558105469e+00,-6.500098228454589844e+00,-5.430979251861572266e+00,-1.392264270782470703e+01
-1.313658046722412109e+01,-7.797741889953613281e+00,-5.189657211303710938e+00,-5.402884483337402344e+00,-1.432473754882812500e+01
-1.154160594940185547e+01,-8.041464805603027344e+00,-4.442727088928222656e+00,-5.194697380065917969e+00,-1.345546722412109375e+01
-1.028474426269531250e+01,-8.157690048217773438e+00,-4.149696826934814453e+00,-4.817414760589599609e+00,-1.361154365539550781e+01
-1.053104114532470703e+01,-8.505137443542480469e+00,-5.378323554992675781e+00,-4.810694694519042969e+00,-1.355084705352783203e+01
-1.035652256011962891e+01,-9.767992019653320312e+00,-4.413364887237548828e+00,-4.500407695770263672e+00,-1.171090507507324219e+01
-1.078034019470214844e+01,-1.019823932647705078e+01,-4.780034542083740234e+00,-4.393718242645263672e+00,-1.189714622497558594e+01
-1.223019313812255859e+01,-1.146085071563720703e+01,-7.205546379089355469e+00,-4.497669696807861328e+00,-1.353789138793945312e+01
-1.215441799163818359e+01,-1.020701980590820312e+01,-1.158466339111328125e+01,-4.445281982421875000e+00,-1.399957084655761719e+01
-1.205274105072021484e+01,-9.663085937500000000e+00,-1.313027572631835938e+01,-4.631133556365966797e+00,-1.513207435607910156e+01
-1.213378620147705078e+01,-1.092168140411376953e+01,-1.289075851440429688e+01,-4.430885791778564453e+00,-1.445627689361572266e+01
-1.251615810394287109e+01,-1.101150798797607422e+01,-1.250772857666015625e+01,-4.359870433807373047e+00,-1.496225261688232422e+01
-1.197378826141357422e+01,-1.143306636810302734e+01,-1.132314300537109375e+01,-4.418217658996582031e+00,-1.454179382324218750e+01
-1.172835350036621094e+01,-1.141310882568359375e+01,-1.111515998840332031e+01,-4.436018943786621094e+00,-1.405585861206054688e+01
-1.195324039459228516e+01,-1.125636672973632812e+01,-1.067479515075683594e+01,-4.487346172332763672e+00,-1.392047691345214844e+01
-1.170908164978027344e+01,-1.243577480316162109e+01,-1.148462104797363281e+01,-4.448836803436279297e+00,-1.380278396606445312e+01
-1.186014842987060547e+01,-1.220381164550781250e+01,-1.162894916534423828e+01,-4.535604000091552734e+00,-1.449740600585937500e+01
-1.160402393341064453e+01,-1.229438972473144531e+01,-1.196902847290039062e+01,-4.543207645416259766e+00,-1.422462081909179688e+01
-1.155945110321044922e+01,-1.304039859771728516e+01,-1.234740066528320312e+01,-4.587760448455810547e+00,-1.431937599182128906e+01
-1.181820201873779297e+01,-1.334228706359863281e+01,-1.239115905761718750e+01,-4.620341777801513672e+00,-1.464585781097412109e+01
-1.177225971221923828e+01,-1.319188308715820312e+01,-1.229355812072753906e+01,-4.704913616180419922e+00,-1.422540569305419922e+01
-1.171502971649169922e+01,-1.260993862152099609e+01,-1.241490554809570312e+01,-4.697084426879882812e+00,-1.323293685913085938e+01
-1.216088581085205078e+01,-1.331632232666015625e+01,-1.357066822052001953e+01,-4.658750534057617188e+00,-1.469502830505371094e+01
-1.244076251983642578e+01,-1.304050922393798828e+01,-1.310505294799804688e+01,-4.630257129669189453e+00,-1.492084121704101562e+01
-1.209095478057861328e+01,-1.291009521484375000e+01,-1.430762863159179688e+01,-4.737289905548095703e+00,-1.415760326385498047e+01
-1.172326374053955078e+01,-1.330156230926513672e+01,-1.479162788391113281e+01,-4.805848121643066406e+00,-1.298378658294677734e+01
-1.225037860870361328e+01,-1.334819698333740234e+01,-1.467740440368652344e+01,-4.705231189727783203e+00,-1.424190711975097656e+01
-1.223098278045654297e+01,-1.343887805938720703e+01,-1.407513618469238281e+01,-4.702305316925048828e+00,-1.461690998077392578e+01
-1.199206161499023438e+01,-1.336492538452148438e+01,-1.470236778259277344e+01,-4.662809371948242188e+00,-1.458522319793701172e+01
-1.167712688446044922e+01,-1.338722229003906250e+01,-1.400840950012207031e+01,-4.668178081512451172e+00,-1.477924728393554688e+01
-1.163183021545410156e+01,-1.330926513671875000e+01,-1.355486297607421875e+01,-4.609736442565917969e+00,-1.438257980346679688e+01
-1.148856163024902344e+01,-1.313410377502441406e+01,-1.378325843811035156e+01,-4.619970321655273438e+00,-1.539949226379394531e+01
-1.163004207611083984e+01,-1.324583148956298828e+01,-1.389058494567871094e+01,-4.614851474761962891e+00,-1.540714168548583984e+01
-1.151880931854248047e+01,-1.345963001251220703e+01,-1.396038627624511719e+01,-4.613019943237304688e+00,-1.490945816040039062e+01
-1.148416614532470703e+01,-1.326752948760986328e+01,-1.519400215148925781e+01,-4.595135688781738281e+00,-1.442838859558105469e+01
-1.149976253509521484e+01,-1.324822425842285156e+01,-1.527197837829589844e+01,-4.564079761505126953e+00,-1.420176696777343750e+01
-1.133700942993164062e+01,-1.340886116027832031e+01,-1.444943428039550781e+01,-4.591240406036376953e+00,-1.417314338684082031e+01
-1.147859573364257812e+01,-1.335774421691894531e+01,-1.460901832580566406e+01,-4.615587711334228516e+00,-1.504270172119140625e+01
-1.136225509643554688e+01,-1.329019832611083984e+01,-1.509834480285644531e+01,-4.598693370819091797e+00,-1.482097244262695312e+01
-1.155089187622070312e+01,-1.318514537811279297e+01,-1.511281776428222656e+01,-4.581958293914794922e+00,-1.421874618530273438e+01
-1.116298103332519531e+01,-1.319570636749267578e+01,-1.538191413879394531e+01,-4.519908428192138672e+00,-1.396526908874511719e+01
-1.077571773529052734e+01,-1.297523880004882812e+01,-1.491323852539062500e+01,-4.457674503326416016e+00,-1.252680015563964844e+01
-1.060049533843994141e+01,-1.259710311889648438e+01,-1.498157882690429688e+01,-4.398751258850097656e+00,-1.222605323791503906e+01
-1.091626453399658203e+01,-1.316924858093261719e+01,-1.518240356445312500e+01,-4.574599742889404297e+00,-1.315696144104003906e+01
-1.095662403106689453e+01,-1.309869575500488281e+01,-1.511690711975097656e+01,-4.587723255157470703e+00,-1.317265510559082031e+01
-1.105920696258544922e+01,-1.320544815063476562e+01,-1.480838584899902344e+01,-4.628737449645996094e+00,-1.351039505004882812e+01
-1.095827674865722656e+01,-1.286884307861328125e+01,-1.474375343322753906e+01,-4.600604057312011719e+00,-1.347387504577636719e+01
-1.131898784637451172e+01,-1.293485260009765625e+01,-1.453051757812500000e+01,-4.599730491638183594e+00,-1.362056922912597656e+01
-1.145892429351806641e+01,-1.274059581756591797e+01,-1.431222724914550781e+01,-4.608451843261718750e+00,-1.348466682434082031e+01
-1.161566829681396484e+01,-1.297753429412841797e+01,-1.473138999938964844e+01,-4.630443572998046875e+00,-1.324754905700683594e+01
-1.187250614166259766e+01,-1.287055015563964844e+01,-1.406268882751464844e+01,-4.632348537445068359e+00,-1.341448974609375000e+01
-1.134202480316162109e+01,-1.236614990234375000e+01,-1.364252853393554688e+01,-4.582854747772216797e+00,-1.189909362792968750e+01
-1.158269977569580078e+01,-1.247822475433349609e+01,-1.418809127807617188e+01,-4.594030380249023438e+00,-1.184648799896240234e+01
-1.200510692596435547e+01,-1.231911087036132812e+01,-1.358743858337402344e+01,-4.649253368377685547e+00,-1.293906784057617188e+01
-1.149398708343505859e+01,-1.248562622070312500e+01,-1.252113151550292969e+01,-4.671699047088623047e+00,-1.239535427093505859e+01
-1.108260154724121094e+01,-1.224349308013916016e+01,-1.271793365478515625e+01,-4.717339992523193359e+00,-1.183723831176757812e+01
-1.088721752166748047e+01,-1.200117874145507812e+01,-1.207929992675781250e+01,-4.732488155364990234e+00,-1.206023025512695312e+01
-1.095749855041503906e+01,-1.266464805603027344e+01,-1.209773254394531250e+01,-4.670963287353515625e+00,-1.148071098327636719e+01
-1.003122043609619141e+01,-1.217411994934082031e+01,-1.081719779968261719e+01,-4.556922435760498047e+00,-9.263305664062500000e+00
-1.018875789642333984e+01,-1.190143871307373047e+01,-1.054214763641357422e+01,-4.467308998107910156e+00,-7.699979782104492188e+00
-9.893881797790527344e+00,-1.212292671203613281e+01,-1.122505569458007812e+01,-4.440396785736083984e+00,-7.815971374511718750e+00
-8.113217353820800781e+00,-1.271327209472656250e+01,-1.073042106628417969e+01,-4.466626167297363281e+00,-5.316354751586914062e+00
-8.083352088928222656e+00,-1.257217407226562500e+01,-1.118749427795410156e+01,-4.423105716705322266e+00,-4.745382308959960938e+00
-8.388367652893066406e+00,-1.256088352203369141e+01,-1.156117248535156250e+01,-4.366170406341552734e+00,-5.555486679077148438e+00
-8.045824050903320312e+00,-1.256888484954833984e+01,-1.091569232940673828e+01,-4.379927635192871094e+00,-4.272397994995117188e+00
-8.013261795043945312e+00,-1.229708480834960938e+01,-1.108105087280273438e+01,-4.378678798675537109e+00,-4.215523719787597656e+00
-7.705362319946289062e+00,-1.210670471191406250e+01,-1.054957580566406250e+01,-4.298751354217529297e+00,-3.415361642837524414e+00
-7.067737579345703125e+00,-1.252167129516601562e+01,-1.005527877807617188e+01,-4.337240695953369141e+00,-3.359035253524780273e+00
-6.910775184631347656e+00,-1.287363529205322266e+01,-9.559278488159179688e+00,-4.355154514312744141e+00,-3.027145624160766602e+00
-7.065351963043212891e+00,-1.305014419555664062e+01,-9.585206985473632812e+00,-4.364462852478027344e+00,-3.159958600997924805e+00
-7.023341655731201172e+00,-1.336933135986328125e+01,-9.015959739685058594e+00,-4.393419742584228516e+00,-2.717799425125122070e+00
-6.415667533874511719e+00,-1.322902774810791016e+01,-9.813558578491210938e+00,-4.263606548309326172e+00,-2.676290273666381836e+00
-6.478037834167480469e+00,-1.355186939239501953e+01,-9.207867622375488281e+00,-4.298127651214599609e+00,-2.477923631668090820e+00
-6.470310688018798828e+00,-1.246969985961914062e+01,-9.374408721923828125e+00,-4.285701274871826172e+00,-2.734558820724487305e+00
-6.392791748046875000e+00,-1.337433719635009766e+01,-8.712955474853515625e+00,-4.262622833251953125e+00,-2.603062868118286133e+00
-6.196322441101074219e+00,-1.402872085571289062e+01,-8.743567466735839844e+00,-4.255647659301757812e+00,-2.294637918472290039e+00
-6.100105285644531250e+00,-1.340043544769287109e+01,-8.530480384826660156e+00,-4.325999259948730469e+00,-2.166935205459594727e+00
-2.488435246050357819e-02,-1.198915672302246094e+01,-7.732475280761718750e+00,-5.087929725646972656e+00,-2.472716093063354492e+00
