-1.883845329284667969e+01,-5.377654075622558594e+00,-9.000211715698242188e+00,-9.446672439575195312e+00,-1.338568782806396484e+01
-2.002585983276367188e+01,-5.342886924743652344e+00,-9.750040054321289062e+00,-1.137368392944335938e+01,-1.470604896545410156e+01
-2.009124946594238281e+01,-5.234230995178222656e+00,-1.160128498077392578e+01,-1.266277027130126953e+01,-1.471697235107421875e+01
-2.003187370300292969e+01,-5.219504356384277344e+00,-1.229910564422607422e+01,-1.289079856872558594e+01,-1.527127742767333984e+01
-1.870816421508789062e+01,-5.238486289978027344e+00,-1.403722667694091797e+01,-1.293160724639892578e+01,-1.486996078491210938e+01
-1.838381958007812500e+01,-5.240418910980224609e+00,-1.397003364562988281e+01,-1.279170608520507812e+01,-1.505170631408691406e+01
-1.354603004455566406e+01,-6.623972892761230469e+00,-5.031795024871826172e+00,-4.839595794677734375e+00,-2.699551105499267578e+00
-1.955540275573730469e+01,-5.258378028869628906e+00,-1.310284996032714844e+01,-1.244586563110351562e+01,-1.600728988647460938e+01
-1.995577430725097656e+01,-5.260147571563720703e+00,-1.123389625549316406e+01,-1.112252998352050781e+01,-1.474106311798095703e+01
-2.049558639526367188e+01,-5.295897960662841797e+00,-1.087030410766601562e+01,-9.977903366088867188e+00,-1.421699905395507812e+01
-2.024839019775390625e+01,-5.227841377258300781e+00,-1.156317520141601562e+01,-9.550148963928222656e+00,-1.446251487731933594e+01
-2.007534027099609375e+01,-5.235336303710937500e+00,-1.245960044860839844e+01,-1.156290149688720703e+01,-1.544108200073242188e+01
-1.977007102966308594e+01,-5.208088874816894531e+00,-1.297108268737792969e+01,-1.259039115905761719e+01,-1.605935096740722656e+01
-1.867241477966308594e+01,-5.165038585662841797e+00,-1.412776470184326172e+01,-1.253261756896972656e+01,-1.521576595306396484e+01
-1.841807365417480469e+01,-5.228233337402343750e+00,-1.441345214843750000e+01,-1.273165607452392578e+01,-1.518039894104003906e+01
-1.869842147827148438e+01,-5.226940155029296875e+00,-1.428781890869140625e+01,-1.259842300415039062e+01,-1.575592899322509766e+01
-1.913917922973632812e+01,-5.327527046203613281e+00,-1.382197284698486328e+01,-1.271771621704101562e+01,-1.595102691650390625e+01
-1.854736328125000000e+01,-5.287369728088378906e+00,-1.355237579345703125e+01,-1.251872920989990234e+01,-1.521858596801757812e+01
-1.864840126037597656e+01,-5.328702449798583984e+00,-1.335342407226562500e+01,-1.285471343994140625e+01,-1.534285640716552734e+01
-1.927355194091796875e+01,-5.326059818267822266e+00,-1.320239353179931641e+01,-1.309462356567382812e+01,-1.615570068359375000e+01
-1.938107109069824219e+01,-5.360469341278076172e+00,-1.260717391967773438e+01,-1.317925834655761719e+01,-1.598332595825195312e+01
-1.944144821166992188e+01,-5.417197227478027344e+00,-1.287672424316406250e+01,-1.307703113555908203e+01,-1.585009288787841797e+01
-1.984725189208984375e+01,-5.393563270568847656e+00,-1.307787704467773438e+01,-1.255730819702148438e+01,-1.582466506958007812e+01
-1.995782661437988281e+01,-5.397099494934082031e+00,-1.335204505920410156e+01,-1.277861976623535156e+01,-1.595381736755371094e+01
-2.012000846862792969e+01,-5.362351417541503906e+00,-1.358320045471191406e+01,-1.275674343109130859e+01,-1.635523605346679688e+01
-2.002391433715820312e+01,-5.321101188659667969e+00,-1.375459480285644531e+01,-1.288543701171875000e+01,-1.690782546997070312e+01
-2.025977134704589844e+01,-5.271347522735595703e+00,-1.373792076110839844e+01,-1.311133956909179688e+01,-1.761935997009277344e+01
-2.071955108642578125e+01,-5.251471996307373047e+00,-1.398841857910156250e+01,-1.375063896179199219e+01,-1.796188354492187500e+01
-2.057913017272949219e+01,-5.254379272460937500e+00,-1.408207988739013672e+01,-1.401530265808105469e+01,-1.790747833251953125e+01
-2.065722846984863281e+01,-5.214401245117187500e+00,-1.427386856079101562e+01,-1.400155258178710938e+01,-1.802315139770507812e+01
-2.069654464721679688e+01,-5.262858867645263672e+00,-1.405707550048828125e+01,-1.417506217956542969e+01,-1.808374404907226562e+01
-2.055131340026855469e+01,-5.250690460205078125e+00,-1.396801567077636719e+01,-1.417321014404296875e+01,-1.780806732177734375e+01
-2.038242149353027344e+01,-5.251282691955566406e+00,-1.390324497222900391e+01,-1.410929489135742188e+01,-1.739870834350585938e+01
-2.036736297607421875e+01,-5.239995479583740234e+00,-1.396217727661132812e+01,-1.404757785797119141e+01,-1.747710800170898438e+01
-2.064400100708007812e+01,-5.213979721069335938e+00,-1.406586647033691406e+01,-1.412757301330566406e+01,-1.761706161499023438e+01
-2.076986694335937500e+01,-5.204603195190429688e+00,-1.423450660705566406e+01,-1.443194389343261719e+01,-1.789047241210937500e+01
-2.062975502014160156e+01,-5.208230018615722656e+00,-1.421061515808105469e+01,-1.415055561065673828e+01,-1.767107772827148438e+01
-2.058204650878906250e+01,-5.242303848266601562e+00,-1.396857261657714844e+01,-1.423272418975830078e+01,-1.756542968750000000e+01
-2.074709320068359375e+01,-5.265627861022949219e+00,-1.417794227600097656e+01,-1.408716011047363281e+01,-1.749651145935058594e+01
-2.087241172790527344e+01,-5.247040271759033203e+00,-1.438115215301513672e+01,-1.409929943084716797e+01,-1.777528953552246094e+01
-2.055174255371093750e+01,-5.212420463562011719e+00,-1.482537937164306641e+01,-1.417387199401855469e+01,-1.767972373962402344e+01
-2.033543777465820312e+01,-5.253868103027343750e+00,-1.457510089874267578e+01,-1.442712402343750000e+01,-1.747029113769531250e+01
-2.063722991943359375e+01,-5.275164604187011719e+00,-1.435361289978027344e+01,-1.436945533752441406e+01,-1.757200241088867188e+01
-2.076277923583984375e+01,-5.262917518615722656e+00,-1.435045051574707031e+01,-1.430877304077148438e+01,-1.762727737426757812e+01
-2.048660469055175781e+01,-5.287867546081542969e+00,-1.389120864868164062e+01,-1.437635517120361328e+01,-1.729849243164062500e+01
-1.989892005920410156e+01,-5.309157371520996094e+00,-1.368988132476806641e+01,-1.441878128051757812e+01,-1.665835952758789062e+01
-1.990135383605957031e+01,-5.260955810546875000e+00,-1.385285949707031250e+01,-1.442837333679199219e+01,-1.666835594177246094e+01
-1.972963523864746094e+01,-5.260408878326416016e+00,-1.328055953979492188e+01,-1.426851081848144531e+01,-1.648021697998046875e+01
-1.951963233947753906e+01,-5.299108505249023438e+00,-1.283033943176269531e+01,-1.446699714660644531e+01,-1.618651390075683594e+01
-1.964702796936035156e+01,-5.301889419555664062e+00,-1.298529243469238281e+01,-1.452592277526855469e+01,-1.632557106018066406e+01
-2.021679878234863281e+01,-5.364159584045410156e+00,-1.306144523620605469e+01,-1.415558052062988281e+01,-1.675376510620117188e+01
-2.047091484069824219e+01,-5.393824577331542969e+00,-1.312644863128662109e+01,-1.422969818115234375e+01,-1.695691299438476562e+01
-2.042054748535156250e+01,-5.422927856445312500e+00,-1.310577106475830078e+01,-1.364587783813476562e+01,-1.722147178649902344e+01
-2.003306961059570312e+01,-5.451449394226074219e+00,-1.257759952545166016e+01,-1.297622299194335938e+01,-1.644544601440429688e+01
-1.312529277801513672e+01,-6.934381484985351562e+00,-5.007360935211181641e+00,-4.560033798217773438e+00,-2.570358276367187500e+00
-1.808753204345703125e+01,-5.485837936401367188e+00,-1.113529968261718750e+01,-1.290816593170166016e+01,-1.480062866210937500e+01
-1.787278175354003906e+01,-5.473243236541748047e+00,-1.136331272125244141e+01,-1.290320587158203125e+01,-1.436379146575927734e+01
-1.313717842102050781e+01,-6.927726268768310547e+00,-5.009075164794921875e+00,-4.564936161041259766e+00,-2.573442935943603516e+00
-1.624370193481445312e+01,-5.457084178924560547e+00,-1.019568347930908203e+01,-1.256787109375000000e+01,-1.198869323730468750e+01
-1.621395111083984375e+01,-5.456312656402587891e+00,-9.925075531005859375e+00,-1.229160976409912109e+01,-1.152742767333984375e+01
-1.339505290985107422e+01,-5.714499473571777344e+00,-5.658590316772460938e+00,-7.510086536407470703e+00,-4.555552959442138672e+00
-1.807044601440429688e+01,-5.520390987396240234e+00,-9.438616752624511719e+00,-1.280212211608886719e+01,-1.439840602874755859e+01
-1.896955299377441406e+01,-5.427921772003173828e+00,-1.058187389373779297e+01,-1.313098907470703125e+01,-1.644120025634765625e+01
-1.919293785095214844e+01,-5.183218955993652344e+00,-1.224638175964355469e+01,-1.267020511627197266e+01,-1.706685256958007812e+01
-2.021394348144531250e+01,-5.190935134887695312e+00,-1.259634590148925781e+01,-1.332419204711914062e+01,-1.787288856506347656e+01
-2.112446975708007812e+01,-5.174359798431396484e+00,-1.295695018768310547e+01,-1.323146820068359375e+01,-1.810463333129882812e+01
-2.151048278808593750e+01,-5.180809974670410156e+00,-1.274632644653320312e+01,-1.308254432678222656e+01,-1.806326103210449219e+01
-2.166921234130859375e+01,-5.142737865447998047e+00,-1.277566719055175781e+01,-1.290343093872070312e+01,-1.783961486816406250e+01
-2.192169380187988281e+01,-5.118473529815673828e+00,-1.295808982849121094e+01,-1.303398799896240234e+01,-1.790654373168945312e+01
-2.217408752441406250e+01,-5.123410701751708984e+00,-1.300738906860351562e+01,-1.309330368041992188e+01,-1.796055793762207031e+01
-2.221983718872070312e+01,-5.145699501037597656e+00,-1.298093891143798828e+01,-1.309759902954101562e+01,-1.794531631469726562e+01
-2.229356765747070312e+01,-5.163620948791503906e+00,-1.274739170074462891e+01,-1.295880317687988281e+01,-1.775535583496093750e+01
-2.211916732788085938e+01,-5.198230266571044922e+00,-1.231227493286132812e+01,-1.240995502471923828e+01,-1.684109878540039062e+01
-2.255525207519531250e+01,-5.157726287841796875e+00,-1.275213623046875000e+01,-1.281197834014892578e+01,-1.718030548095703125e+01
-2.280092239379882812e+01,-5.153281211853027344e+00,-1.311986541748046875e+01,-1.335131359100341797e+01,-1.772577285766601562e+01
-2.245693969726562500e+01,-5.178392887115478516e+00,-1.284226608276367188e+01,-1.312164020538330078e+01,-1.734611511230468750e+01
-2.220034217834472656e+01,-5.148136615753173828e+00,-1.241291618347167969e+01,-1.324294090270996094e+01,-1.741540527343750000e+01
-2.219153594970703125e+01,-5.181877136230468750e+00,-1.174637889862060547e+01,-1.313518333435058594e+01,-1.700021743774414062e+01
-2.186126327514648438e+01,-5.263297080993652344e+00,-1.009408378601074219e+01,-1.283264350891113281e+01,-1.636075592041015625e+01
-2.143627166748046875e+01,-5.279339790344238281e+00,-1.003090190887451172e+01,-1.277343559265136719e+01,-1.619193649291992188e+01
-2.087758636474609375e+01,-5.301825046539306641e+00,-8.120559692382812500e+00,-1.265999794006347656e+01,-1.544269371032714844e+01
-2.039932250976562500e+01,-5.399898529052734375e+00,-7.202742576599121094e+00,-1.224178409576416016e+01,-1.488912773132324219e+01
-1.912158584594726562e+01,-5.491270065307617188e+00,-7.731357574462890625e+00,-1.125753593444824219e+01,-1.354920387268066406e+01
-1.990054512023925781e+01,-5.566528320312500000e+00,-6.822475910186767578e+00,-1.088175392150878906e+01,-1.365559768676757812e+01
-1.989274978637695312e+01,-5.830638885498046875e+00,-5.867366790771484375e+00,-1.149081993103027344e+01,-1.419174766540527344e+01
-1.920803070068359375e+01,-5.981213569641113281e+00,-5.734049797058105469e+00,-1.275230216979980469e+01,-1.490344524383544922e+01
-1.819363021850585938e+01,-6.402683258056640625e+00,-5.301753997802734375e+00,-1.295171260833740234e+01,-1.478061008453369141e+01
-1.751842880249023438e+01,-6.536242485046386719e+00,-4.940966606140136719e+00,-1.308813476562500000e+01,-1.418071842193603516e+01
-1.684786605834960938e+01,-6.558291435241699219e+00,-4.684930324554443359e+00,-1.225866794586181641e+01,-1.320868778228759766e+01
-1.803073692321777344e+01,-6.072875022888183594e+00,-5.260003089904785156e+00,-1.085439968109130859e+01,-1.336364650726318359e+01
-1.831730651855468750e+01,-6.765089511871337891e+00,-4.986268520355224609e+00,-1.087044334411621094e+01,-1.331404495239257812e+01
-1.870328903198242188e+01,-6.654481410980224609e+00,-5.069948673248291016e+00,-1.099814796447753906e+01,-1.371066379547119141e+01
-1.894444656372070312e+01,-6.651809692382812500e+00,-5.030121803283691406e+00,-1.122750473022460938e+01,-1.374432563781738281e+01
-1.826869773864746094e+01,-6.327835083007812500e+00,-5.302165031433105469e+00,-1.053231716156005859e+01,-1.337309837341308594e+01
-1.760094070434570312e+01,-6.873170852661132812e+00,-4.946727752685546875e+00,-9.774385452270507812e+00,-1.317149925231933594e+01
-1.793316459655761719e+01,-5.809852600097656250e+00,-5.468969821929931641e+00,-1.060055160522460938e+01,-1.294981288909912109e+01
-1.801243591308593750e+01,-6.015644073486328125e+00,-5.306454658508300781e+00,-1.050602626800537109e+01,-1.297310447692871094e+01
-1.799141693115234375e+01,-6.925316333770751953e+00,-4.876178741455078125e+00,-9.468347549438476562e+00,-1.361592197418212891e+01
-1.786246490478515625e+01,-6.457409381866455078e+00,-5.031481742858886719e+00,-1.031169986724853516e+01,-1.304055404663085938e+01
-1.661006546020507812e+01,-5.997165679931640625e+00,-5.651543140411376953e+00,-1.119353485107421875e+01,-1.134743976593017578e+01
-1.724271965026855469e+01,-5.997112751007080078e+00,-5.970748901367187500e+00,-1.099966812133789062e+01,-1.379000282287597656e+01
-1.865394973754882812e+01,-7.226505279541015625e+00,-5.148488044738769531e+00,-1.077441406250000000e+01,-1.429338264465332031e+01
-2.003698730468750000e+01,-6.327672481536865234e+00,-6.203549861907958984e+00,-1.203662586212158203e+01,-1.510611724853515625e+01
-2.118606948852539062e+01,-5.699728965759277344e+00,-8.001667022705078125e+00,-1.276238632202148438e+01,-1.591348648071289062e+01
-2.129093551635742188e+01,-5.651551723480224609e+00,-8.122121810913085938e+00,-1.312137031555175781e+01,-1.594273090362548828e+01
-2.145296478271484375e+01,-5.582907676696777344e+00,-8.717333793640136719e+00,-1.372629928588867188e+01,-1.624063491821289062e+01
-2.146454620361328125e+01,-5.452137470245361328e+00,-9.608951568603515625e+00,-1.350587272644042969e+01,-1.670894050598144531e+01
-2.190553665161132812e+01,-5.383350849151611328e+00,-1.045458602905273438e+01,-1.373662281036376953e+01,-1.699336051940917969e+01
-2.197319412231445312e+01,-5.431066513061523438e+00,-9.730401992797851562e+00,-1.339576339721679688e+01,-1.664523696899414062e+01
-2.160632896423339844e+01,-5.447819709777832031e+00,-8.990398406982421875e+00,-1.257889366149902344e+01,-1.604306793212890625e+01
-2.188174819946289062e+01,-5.360127449035644531e+00,-9.312444686889648438e+00,-1.311530113220214844e+01,-1.644196701049804688e+01
-2.137161064147949219e+01,-5.310276031494140625e+00,-8.782262802124023438e+00,-1.294090938568115234e+01,-1.615469551086425781e+01
-2.014100646972656250e+01,-5.379013061523437500e+00,-7.072029113769531250e+00,-1.224725246429443359e+01,-1.456341934204101562e+01
-1.923806190490722656e+01,-5.494861125946044922e+00,-6.577681064605712891e+00,-1.157205486297607422e+01,-1.361005210876464844e+01
-1.642446327209472656e+01,-6.253268241882324219e+00,-5.159705162048339844e+00,-1.005001068115234375e+01,-1.059977912902832031e+01
-1.524981021881103516e+01,-6.306109905242919922e+00,-5.016201019287109375e+00,-8.845849037170410156e+00,-8.783947944641113281e+00
-1.607842063903808594e+01,-7.784858703613281250e+00,-4.593177795410156250e+00,-1.137507629394531250e+01,-1.200510597229003906e+01
-1.679719924926757812e+01,-8.518600463867187500e+00,-4.594638347625732422e+00,-1.247380638122558594e+01,-1.237252998352050781e+01
-1.705587768554687500e+01,-6.210335731506347656e+00,-4.802870273590087891e+00,-1.321637153625488281e+01,-1.225314235687255859e+01
-1.585995864868164062e+01,-6.156691551208496094e+00,-4.694949626922607422e+00,-1.147549057006835938e+01,-1.001429748535156250e+01
-1.588889694213867188e+01,-7.617936134338378906e+00,-4.523396492004394531e+00,-7.690526008605957031e+00,-1.098168182373046875e+01
-1.654614639282226562e+01,-7.254725456237792969e+00,-4.698636054992675781e+00,-8.622129440307617188e+00,-1.125150299072265625e+01
-1.680423736572265625e+01,-8.150804519653320312e+00,-4.687728404998779297e+00,-8.639777183532714844e+00,-1.091686058044433594e+01
-1.705826568603515625e+01,-8.257197380065917969e+00,-4.632829189300537109e+00,-8.544759750366210938e+00,-1.134534454345703125e+01
-1.310603427886962891e+01,-6.946599006652832031e+00,-5.007005691528320312e+00,-4.550436496734619141e+00,-2.566913127899169922e+00
-1.688734817504882812e+01,-7.681390762329101562e+00,-4.681690692901611328e+00,-7.957705974578857422e+00,-1.153089523315429688e+01
-1.671488380432128906e+01,-7.129897117614746094e+00,-4.800636291503906250e+00,-9.162586212158203125e+00,-1.149099636077880859e+01
-1.713408279418945312e+01,-6.350987434387207031e+00,-5.211010932922363281e+00,-1.024966907501220703e+01,-1.197241401672363281e+01
-1.309861278533935547e+01,-6.949761867523193359e+00,-5.008126735687255859e+00,-4.550526618957519531e+00,-2.568878650665283203e+00
-1.857083129882812500e+01,-7.174497604370117188e+00,-5.303039550781250000e+00,-9.632459640502929688e+00,-1.381152629852294922e+01
-2.024891662597656250e+01,-6.198483467102050781e+00,-6.258666038513183594e+00,-1.236888122558593750e+01,-1.505846309661865234e+01
-2.079441833496093750e+01,-5.949766635894775391e+00,-6.414208889007568359e+00,-1.251495933532714844e+01,-1.507727241516113281e+01
-2.077367782592773438e+01,-5.766362667083740234e+00,-7.181573390960693359e+00,-1.263024902343750000e+01,-1.546803855895996094e+01
-2.094768524169921875e+01,-5.619355201721191406e+00,-7.888012886047363281e+00,-1.286421585083007812e+01,-1.609698486328125000e+01
-2.088807296752929688e+01,-5.605686187744140625e+00,-8.043331146240234375e+00,-1.309514713287353516e+01,-1.618520355224609375e+01
-2.039093780517578125e+01,-5.563248634338378906e+00,-7.492387294769287109e+00,-1.301921653747558594e+01,-1.573107528686523438e+01
-1.965089797973632812e+01,-5.765927791595458984e+00,-5.828593254089355469e+00,-1.282917022705078125e+01,-1.443218708038330078e+01
-1.826457214355468750e+01,-5.807475090026855469e+00,-5.411897659301757812e+00,-1.089210224151611328e+01,-1.274903869628906250e+01
-1.817269706726074219e+01,-5.757089138031005859e+00,-5.697956085205078125e+00,-1.101733970642089844e+01,-1.179424571990966797e+01
-1.723520088195800781e+01,-6.593604087829589844e+00,-4.903977394104003906e+00,-9.311685562133789062e+00,-1.024765968322753906e+01
-1.702614974975585938e+01,-8.569849967956542969e+00,-4.777706623077392578e+00,-1.058973789215087891e+01,-1.154161262512207031e+01
-1.706322097778320312e+01,-8.349472999572753906e+00,-4.637168884277343750e+00,-1.250245285034179688e+01,-1.254663467407226562e+01
-1.673821258544921875e+01,-6.570810794830322266e+00,-4.745703220367431641e+00,-1.281005191802978516e+01,-1.206201362609863281e+01
-1.623399734497070312e+01,-6.557485580444335938e+00,-4.813425540924072266e+00,-1.230603408813476562e+01,-1.209027957916259766e+01
-1.630008697509765625e+01,-6.902020931243896484e+00,-4.647566318511962891e+00,-1.043083858489990234e+01,-1.224596023559570312e+01
-1.734235382080078125e+01,-8.541707992553710938e+00,-4.571944236755371094e+00,-9.535883903503417969e+00,-1.163988590240478516e+01
-1.790612030029296875e+01,-9.502258300781250000e+00,-4.720828056335449219e+00,-9.085197448730468750e+00,-1.182684040069580078e+01
-1.792177200317382812e+01,-8.750299453735351562e+00,-4.620522022247314453e+00,-9.583173751831054688e+00,-1.213103675842285156e+01
-1.763146018981933594e+01,-8.743203163146972656e+00,-4.549951076507568359e+00,-8.683549880981445312e+00,-1.164230537414550781e+01
-1.709928512573242188e+01,-8.999342918395996094e+00,-4.510524749755859375e+00,-8.127103805541992188e+00,-1.177032375335693359e+01
-1.694951248168945312e+01,-8.363813400268554688e+00,-4.506482124328613281e+00,-8.723130226135253906e+00,-1.121504688262939453e+01
-1.649291610717773438e+01,-7.995330810546875000e+00,-4.576428413391113281e+00,-9.529115676879882812e+00,-1.114694786071777344e+01
-1.681566047668457031e+01,-8.059686660766601562e+00,-4.825169563293457031e+00,-8.545939445495605469e+00,-1.159914493560791016e+01
-1.819807624816894531e+01,-7.916815757751464844e+00,-5.110189914703369141e+00,-1.136506652832031250e+01,-1.314754867553710938e+01
-1.922237396240234375e+01,-6.618836879730224609e+00,-5.855544090270996094e+00,-1.339418220520019531e+01,-1.445712566375732422e+01
-1.913468360900878906e+01,-6.309926033020019531e+00,-6.151715278625488281e+00,-1.341278266906738281e+01,-1.442090225219726562e+01
-2.036327171325683594e+01,-6.057835578918457031e+00,-6.591781139373779297e+00,-1.311048984527587891e+01,-1.535184955596923828e+01
-2.075057029724121094e+01,-5.818693637847900391e+00,-6.899383544921875000e+00,-1.287384605407714844e+01,-1.556793022155761719e+01
-2.132491111755371094e+01,-5.687998771667480469e+00,-7.360296249389648438e+00,-1.286861896514892578e+01,-1.595896720886230469e+01
-2.121436691284179688e+01,-5.659226417541503906e+00,-7.411863803863525391e+00,-1.297800445556640625e+01,-1.603075027465820312e+01
-2.106241989135742188e+01,-5.600075244903564453e+00,-7.376043319702148438e+00,-1.288859272003173828e+01,-1.595817089080810547e+01
-1.899560928344726562e+01,-5.601137638092041016e+00,-6.589802742004394531e+00,-1.276945972442626953e+01,-1.489925289154052734e+01
-1.717187309265136719e+01,-5.906260967254638672e+00,-5.139955997467041016e+00,-1.107222175598144531e+01,-1.212630558013916016e+01
-1.661567687988281250e+01,-6.101634025573730469e+00,-5.226328849792480469e+00,-1.048632335662841797e+01,-1.103699111938476562e+01
-1.565176963806152344e+01,-7.495006084442138672e+00,-4.747282028198242188e+00,-9.962986946105957031e+00,-1.032000350952148438e+01
-1.596892070770263672e+01,-8.501537322998046875e+00,-4.423013687133789062e+00,-1.148567390441894531e+01,-1.099325752258300781e+01
-1.676067924499511719e+01,-7.277265071868896484e+00,-4.487120151519775391e+00,-1.239175796508789062e+01,-1.102527809143066406e+01
-1.606949234008789062e+01,-6.467117309570312500e+00,-4.623631477355957031e+00,-1.245239830017089844e+01,-1.064279842376708984e+01
-1.575079154968261719e+01,-6.404923915863037109e+00,-4.961691856384277344e+00,-9.787237167358398438e+00,-1.065751075744628906e+01
-1.524295616149902344e+01,-8.572801589965820312e+00,-4.583873748779296875e+00,-7.679552078247070312e+00,-1.068354225158691406e+01
-1.567644214630126953e+01,-9.505256652832031250e+00,-4.618444442749023438e+00,-7.577682495117187500e+00,-9.343983650207519531e+00
-1.546839141845703125e+01,-1.023180007934570312e+01,-4.659436225891113281e+00,-6.786014556884765625e+00,-8.952426910400390625e+00
-1.621962547302246094e+01,-9.995477676391601562e+00,-4.731460094451904297e+00,-6.773271560668945312e+00,-9.765695571899414062e+00
-1.310181331634521484e+01,-6.948576450347900391e+00,-5.006933212280273438e+00,-4.549231529235839844e+00,-2.566773414611816406e+00
-1.529095458984375000e+01,-9.069475173950195312e+00,-4.591041564941406250e+00,-7.196581840515136719e+00,-9.925783157348632812e+00
-1.492749118804931641e+01,-7.818264961242675781e+00,-4.610207080841064453e+00,-8.161071777343750000e+00,-9.007522583007812500e+00
-1.554867172241210938e+01,-6.853207588195800781e+00,-4.950503349304199219e+00,-9.844167709350585938e+00,-1.043829345703125000e+01
-1.763758850097656250e+01,-8.138418197631835938e+00,-4.800253868103027344e+00,-8.565015792846679688e+00,-1.287098026275634766e+01
-1.914046478271484375e+01,-7.443295478820800781e+00,-4.997819900512695312e+00,-1.146255302429199219e+01,-1.395290946960449219e+01
-2.009697914123535156e+01,-7.054968357086181641e+00,-5.364053726196289062e+00,-1.239594841003417969e+01,-1.454935646057128906e+01
-2.065493392944335938e+01,-6.217528343200683594e+00,-6.325344562530517578e+00,-1.255432510375976562e+01,-1.522247314453125000e+01
-2.074072837829589844e+01,-6.263923645019531250e+00,-6.117809772491455078e+00,-1.234873390197753906e+01,-1.524002361297607422e+01
-2.081567382812500000e+01,-5.915002346038818359e+00,-6.863289833068847656e+00,-1.277532577514648438e+01,-1.552073669433593750e+01
-2.124888610839843750e+01,-5.536476135253906250e+00,-7.991471290588378906e+00,-1.317190742492675781e+01,-1.611783981323242188e+01
-2.136061477661132812e+01,-5.650059700012207031e+00,-7.402384281158447266e+00,-1.288486194610595703e+01,-1.612115097045898438e+01
-2.115637969970703125e+01,-5.720396518707275391e+00,-7.326880931854248047e+00,-1.253384971618652344e+01,-1.590979385375976562e+01
-2.025426292419433594e+01,-5.629333972930908203e+00,-6.644172191619873047e+00,-1.232766342163085938e+01,-1.543986606597900391e+01
-1.748881340026855469e+01,-5.848824501037597656e+00,-5.222585201263427734e+00,-1.148922348022460938e+01,-1.315957260131835938e+01
-1.725028610229492188e+01,-5.869626998901367188e+00,-5.418514251708984375e+00,-1.085772132873535156e+01,-1.192153930664062500e+01
-1.599224185943603516e+01,-6.637423515319824219e+00,-4.817654609680175781e+00,-9.190602302551269531e+00,-1.037452793121337891e+01
-1.574855041503906250e+01,-9.091580390930175781e+00,-4.445349693298339844e+00,-9.968243598937988281e+00,-1.019802570343017578e+01
-1.687806892395019531e+01,-6.638609886169433594e+00,-4.709027767181396484e+00,-1.184992504119873047e+01,-1.117872428894042969e+01
-1.562038612365722656e+01,-6.345904827117919922e+00,-4.522571563720703125e+00,-1.215443420410156250e+01,-9.120972633361816406e+00
-1.598441982269287109e+01,-6.104096412658691406e+00,-5.007872581481933594e+00,-1.127322578430175781e+01,-1.128952121734619141e+01
-1.573231887817382812e+01,-7.366308212280273438e+00,-4.685619831085205078e+00,-1.010115909576416016e+01,-1.221130084991455078e+01
-1.668559265136718750e+01,-7.479105949401855469e+00,-4.580783367156982422e+00,-8.024003028869628906e+00,-1.165305995941162109e+01
-1.309704685211181641e+01,-6.950447082519531250e+00,-5.006766319274902344e+00,-4.546583175659179688e+00,-2.565552711486816406e+00
-1.457050514221191406e+01,-7.404452323913574219e+00,-4.588747501373291016e+00,-6.228249549865722656e+00,-7.337655544281005859e+00
-1.623227500915527344e+01,-7.796157360076904297e+00,-4.625343322753906250e+00,-6.993096828460693359e+00,-1.010025691986083984e+01
-1.699798774719238281e+01,-8.114887237548828125e+00,-4.776284694671630859e+00,-8.543563842773437500e+00,-1.242508220672607422e+01
-1.816955947875976562e+01,-7.248597145080566406e+00,-5.080554962158203125e+00,-1.053088283538818359e+01,-1.362381362915039062e+01
-1.936003303527832031e+01,-7.533201217651367188e+00,-5.060363769531250000e+00,-1.186463451385498047e+01,-1.394290924072265625e+01
-1.947524261474609375e+01,-8.091115951538085938e+00,-4.845744132995605469e+00,-1.090129470825195312e+01,-1.402124118804931641e+01
-1.924380874633789062e+01,-7.713731765747070312e+00,-4.764439582824707031e+00,-9.279261589050292969e+00,-1.300161170959472656e+01
-1.941515731811523438e+01,-6.964148044586181641e+00,-4.980694770812988281e+00,-9.094423294067382812e+00,-1.312634658813476562e+01
-1.985249710083007812e+01,-7.031997203826904297e+00,-5.061948776245117188e+00,-1.017863464355468750e+01,-1.362636947631835938e+01
-1.989782714843750000e+01,-6.594346523284912109e+00,-5.194304943084716797e+00,-1.027604579925537109e+01,-1.374124431610107422e+01
-2.009643554687500000e+01,-6.239444732666015625e+00,-5.337403297424316406e+00,-1.040781688690185547e+01,-1.427525234222412109e+01
-1.902470970153808594e+01,-5.807480812072753906e+00,-5.451720714569091797e+00,-1.099431800842285156e+01,-1.455541419982910156e+01
-1.711800384521484375e+01,-6.787602424621582031e+00,-4.389181137084960938e+00,-1.030843257904052734e+01,-1.288085651397705078e+01
-1.795653724670410156e+01,-6.006095886230468750e+00,-5.157420158386230469e+00,-9.627575874328613281e+00,-1.223888301849365234e+01
-1.735293197631835938e+01,-7.632908344268798828e+00,-4.494803905487060547e+00,-7.719465732574462891e+00,-1.106776428222656250e+01
-1.701563644409179688e+01,-8.532296180725097656e+00,-4.578053474426269531e+00,-9.743721008300781250e+00,-1.187699222564697266e+01
-1.673223114013671875e+01,-6.673004150390625000e+00,-4.909917831420898438e+00,-1.062808895111083984e+01,-1.265596771240234375e+01
-1.612932205200195312e+01,-6.138895034790039062e+00,-5.092632770538330078e+00,-9.882856369018554688e+00,-1.254612350463867188e+01
-1.507907104492187500e+01,-7.059467792510986328e+00,-4.558657646179199219e+00,-7.744271278381347656e+00,-1.151878452301025391e+01
-1.638167572021484375e+01,-6.312436580657958984e+00,-4.706662178039550781e+00,-7.114850044250488281e+00,-1.136345481872558594e+01
-1.600464630126953125e+01,-6.332118034362792969e+00,-5.288742065429687500e+00,-4.325343132019042969e+00,-9.827983856201171875e+00
-1.557464790344238281e+01,-6.752018928527832031e+00,-5.249952316284179688e+00,-3.330332994461059570e+00,-9.249234199523925781e+00
-1.653268051147460938e+01,-6.122095108032226562e+00,-6.397325515747070312e+00,-3.360287427902221680e+00,-1.187362575531005859e+01
-1.642896842956542969e+01,-5.724810600280761719e+00,-6.717794418334960938e+00,-4.839091777801513672e+00,-1.282401847839355469e+01
-1.608712768554687500e+01,-5.612285614013671875e+00,-6.200052738189697266e+00,-6.951571464538574219e+00,-1.268667507171630859e+01
-1.699827003479003906e+01,-5.554282188415527344e+00,-7.281104087829589844e+00,-8.378122329711914062e+00,-1.369258022308349609e+01
-1.692974281311035156e+01,-5.525328636169433594e+00,-7.759936332702636719e+00,-8.815412521362304688e+00,-1.402240753173828125e+01
-1.801567649841308594e+01,-5.372029781341552734e+00,-1.075479888916015625e+01,-8.637943267822265625e+00,-1.471156501770019531e+01
-1.796104812622070312e+01,-5.410881042480468750e+00,-1.182752323150634766e+01,-7.360995292663574219e+00,-1.351167201995849609e+01
-1.842148971557617188e+01,-5.342593193054199219e+00,-1.148317050933837891e+01,-7.931488513946533203e+00,-1.359706878662109375e+01
-1.828471183776855469e+01,-5.411188125610351562e+00,-1.095153999328613281e+01,-7.117147445678710938e+00,-1.298064804077148438e+01
-1.817554473876953125e+01,-5.464594364166259766e+00,-1.094629573822021484e+01,-6.265684127807617188e+00,-1.318945312500000000e+01
-1.801132965087890625e+01,-5.386678218841552734e+00,-9.024778366088867188e+00,-7.360260009765625000e+00,-1.173110580444335938e+01
-1.843395614624023438e+01,-5.391616821289062500e+00,-9.815619468688964844e+00,-7.581089973449707031e+00,-1.165841865539550781e+01
-1.763294029235839844e+01,-5.410822868347167969e+00,-8.779525756835937500e+00,-7.559805870056152344e+00,-1.060151672363281250e+01
-1.733360481262207031e+01,-5.425798416137695312e+00,-8.511839866638183594e+00,-7.877229690551757812e+00,-1.023062705993652344e+01
-1.817777633666992188e+01,-5.411097049713134766e+00,-9.491565704345703125e+00,-8.096899986267089844e+00,-1.115772247314453125e+01
-1.958175659179687500e+01,-5.361800193786621094e+00,-1.157437705993652344e+01,-8.549552917480468750e+00,-1.278118801116943359e+01
-1.970528984069824219e+01,-5.391757011413574219e+00,-1.168889236450195312e+01,-8.477394104003906250e+00,-1.299655914306640625e+01
-1.815784835815429688e+01,-5.380555152893066406e+00,-9.523101806640625000e+00,-7.787631034851074219e+00,-1.034955024719238281e+01
-1.867084503173828125e+01,-5.341650485992431641e+00,-1.087693786621093750e+01,-8.123847007751464844e+00,-1.113096809387207031e+01
-1.855916595458984375e+01,-5.434199333190917969e+00,-1.248298358917236328e+01,-6.760039329528808594e+00,-1.204078865051269531e+01
-1.790420913696289062e+01,-5.398343086242675781e+00,-9.776206016540527344e+00,-7.839076042175292969e+00,-1.080409526824951172e+01
-1.767781448364257812e+01,-5.355782985687255859e+00,-8.127441406250000000e+00,-9.904062271118164062e+00,-9.605510711669921875e+00
-1.753218650817871094e+01,-5.540905952453613281e+00,-7.324615001678466797e+00,-1.114501571655273438e+01,-1.078495788574218750e+01
-1.625687408447265625e+01,-5.664984703063964844e+00,-6.531435489654541016e+00,-7.833711624145507812e+00,-9.994436264038085938e+00
-1.584229278564453125e+01,-5.507424354553222656e+00,-7.128554344177246094e+00,-6.720498561859130859e+00,-9.586491584777832031e+00
-1.704615783691406250e+01,-5.642633438110351562e+00,-9.241309165954589844e+00,-5.743996620178222656e+00,-1.335393905639648438e+01
-1.840436935424804688e+01,-5.445923328399658203e+00,-9.546974182128906250e+00,-6.012337684631347656e+00,-1.357765769958496094e+01
-1.835861015319824219e+01,-5.301865577697753906e+00,-8.835462570190429688e+00,-8.870305061340332031e+00,-1.225769042968750000e+01
-1.902049636840820312e+01,-5.669864177703857422e+00,-7.226145744323730469e+00,-3.953771829605102539e+00,-1.326155090332031250e+01
-1.902783012390136719e+01,-5.664230346679687500e+00,-6.706679821014404297e+00,-4.510375499725341797e+00,-1.282511901855468750e+01
-1.931196212768554688e+01,-5.248774528503417969e+00,-8.077222824096679688e+00,-6.726986408233642578e+00,-1.285738182067871094e+01
-2.073439788818359375e+01,-5.319170475006103516e+00,-9.900001525878906250e+00,-8.901112556457519531e+00,-1.577902412414550781e+01
-2.076763153076171875e+01,-5.329782485961914062e+00,-9.919252395629882812e+00,-9.257162094116210938e+00,-1.607141113281250000e+01
-2.056343650817871094e+01,-5.341864109039306641e+00,-9.675967216491699219e+00,-9.874410629272460938e+00,-1.567684364318847656e+01
-2.054697990417480469e+01,-5.361222743988037109e+00,-9.614544868469238281e+00,-9.844281196594238281e+00,-1.554467964172363281e+01
-2.045922470092773438e+01,-5.378527641296386719e+00,-9.420946121215820312e+00,-9.794849395751953125e+00,-1.553520584106445312e+01
-2.049848937988281250e+01,-5.456291198730468750e+00,-9.104496002197265625e+00,-9.663953781127929688e+00,-1.537450790405273438e+01
-2.014376831054687500e+01,-5.428307533264160156e+00,-9.024089813232421875e+00,-9.709840774536132812e+00,-1.500897026062011719e+01
-1.995190238952636719e+01,-5.399755001068115234e+00,-9.011573791503906250e+00,-9.787834167480468750e+00,-1.479447555541992188e+01
-1.936505699157714844e+01,-5.352698326110839844e+00,-9.423313140869140625e+00,-1.042566776275634766e+01,-1.477120304107666016e+01
-1.842473411560058594e+01,-5.392327785491943359e+00,-8.234833717346191406e+00,-1.112396812438964844e+01,-1.413412094116210938e+01
-1.692780113220214844e+01,-5.940749168395996094e+00,-5.151336669921875000e+00,-9.852887153625488281e+00,-1.213044166564941406e+01
-1.803221511840820312e+01,-5.762828826904296875e+00,-5.441891193389892578e+00,-8.484344482421875000e+00,-1.175686454772949219e+01
-1.768044853210449219e+01,-5.977426528930664062e+00,-4.889062881469726562e+00,-6.023715019226074219e+00,-1.022915649414062500e+01
-1.655684280395507812e+01,-7.732912063598632812e+00,-4.476958751678466797e+00,-8.378992080688476562e+00,-9.554632186889648438e+00
-1.632470321655273438e+01,-7.581140995025634766e+00,-4.581638813018798828e+00,-8.178215026855468750e+00,-9.820541381835937500e+00
-1.603757476806640625e+01,-6.276022911071777344e+00,-4.789256095886230469e+00,-8.804478645324707031e+00,-9.945507049560546875e+00
-1.518072509765625000e+01,-5.729668617248535156e+00,-4.987057685852050781e+00,-6.737028598785400391e+00,-9.048592567443847656e+00
-1.520036411285400391e+01,-5.570609092712402344e+00,-5.273120403289794922e+00,-8.330175399780273438e+00,-8.796195983886718750e+00
-1.626873588562011719e+01,-5.475314617156982422e+00,-5.602545738220214844e+00,-9.323680877685546875e+00,-1.091927146911621094e+01
-1.708469963073730469e+01,-5.635794639587402344e+00,-5.641749858856201172e+00,-7.198051452636718750e+00,-1.080838108062744141e+01
-1.680688858032226562e+01,-5.985511779785156250e+00,-5.724809169769287109e+00,-4.789948463439941406e+00,-1.028249740600585938e+01
-1.682605743408203125e+01,-5.672226905822753906e+00,-7.472045898437500000e+00,-4.816683769226074219e+00,-1.029500293731689453e+01
-1.628139114379882812e+01,-5.690223693847656250e+00,-9.038768768310546875e+00,-3.715105295181274414e+00,-1.054930114746093750e+01
-1.680076980590820312e+01,-5.823140144348144531e+00,-9.107400894165039062e+00,-3.234469175338745117e+00,-1.075293922424316406e+01
-1.747020721435546875e+01,-5.719625473022460938e+00,-8.455388069152832031e+00,-3.434976100921630859e+00,-1.237061595916748047e+01
-1.701626205444335938e+01,-5.540298461914062500e+00,-8.444877624511718750e+00,-4.949312210083007812e+00,-1.284221172332763672e+01
-1.529421806335449219e+01,-5.741387844085693359e+00,-6.136214733123779297e+00,-4.934659957885742188e+00,-1.170119476318359375e+01
-1.556184959411621094e+01,-5.659535884857177734e+00,-6.604700565338134766e+00,-6.862081050872802734e+00,-1.268776988983154297e+01
-1.636075973510742188e+01,-5.647301197052001953e+00,-7.075006484985351562e+00,-6.440557003021240234e+00,-1.301330375671386719e+01
-1.665372276306152344e+01,-5.726536273956298828e+00,-7.151563644409179688e+00,-6.167200088500976562e+00,-1.319321346282958984e+01
-1.607917022705078125e+01,-6.034667491912841797e+00,-7.649653911590576172e+00,-4.776494503021240234e+00,-1.216928863525390625e+01
-1.649292755126953125e+01,-5.571408748626708984e+00,-7.538580417633056641e+00,-5.521800041198730469e+00,-9.957859039306640625e+00
-1.777633476257324219e+01,-5.761218547821044922e+00,-9.094152450561523438e+00,-5.086008071899414062e+00,-1.215844535827636719e+01
-1.740590858459472656e+01,-7.100701808929443359e+00,-9.805725097656250000e+00,-3.300323009490966797e+00,-1.258105468750000000e+01
-1.741256332397460938e+01,-5.952552795410156250e+00,-7.611016273498535156e+00,-4.744146347045898438e+00,-1.132599353790283203e+01
-1.684641265869140625e+01,-5.836280822753906250e+00,-6.798480987548828125e+00,-5.209632873535156250e+00,-9.776976585388183594e+00
-1.759563446044921875e+01,-5.734457015991210938e+00,-7.378564834594726562e+00,-5.501699447631835938e+00,-1.013388061523437500e+01
-1.808060646057128906e+01,-6.274325370788574219e+00,-8.179074287414550781e+00,-3.878894805908203125e+00,-1.064165210723876953e+01
-1.813081169128417969e+01,-6.638372421264648438e+00,-9.421436309814453125e+00,-3.544915914535522461e+00,-1.128600120544433594e+01
-1.772420692443847656e+01,-7.283680438995361328e+00,-9.293807983398437500e+00,-3.102924585342407227e+00,-1.110337066650390625e+01
-1.833573532104492188e+01,-6.780850410461425781e+00,-9.800830841064453125e+00,-3.717064619064331055e+00,-1.144946670532226562e+01
-1.822624015808105469e+01,-6.895346641540527344e+00,-1.071812820434570312e+01,-3.488029956817626953e+00,-1.207597923278808594e+01
-1.864353179931640625e+01,-6.417593479156494141e+00,-1.018593788146972656e+01,-4.063188552856445312e+00,-1.171249580383300781e+01
-1.856056213378906250e+01,-6.520350456237792969e+00,-1.029034805297851562e+01,-3.637878417968750000e+00,-1.189414024353027344e+01
-1.909657478332519531e+01,-5.903059005737304688e+00,-1.015332794189453125e+01,-4.730195045471191406e+00,-1.201379013061523438e+01
-1.848868179321289062e+01,-5.916735172271728516e+00,-1.115658760070800781e+01,-4.614190101623535156e+00,-1.251589202880859375e+01
-1.777307128906250000e+01,-5.587781906127929688e+00,-1.075901603698730469e+01,-5.955543994903564453e+00,-1.153169822692871094e+01
-1.772890472412109375e+01,-5.401798248291015625e+00,-9.628335952758789062e+00,-7.151828765869140625e+00,-1.077517700195312500e+01
-1.704948234558105469e+01,-5.775020122528076172e+00,-5.481690883636474609e+00,-8.104745864868164062e+00,-8.042403221130371094e+00
-1.570610237121582031e+01,-5.878159523010253906e+00,-5.405956745147705078e+00,-7.219518184661865234e+00,-7.981607913970947266e+00
-1.564075565338134766e+01,-6.081902027130126953e+00,-5.784638404846191406e+00,-5.034306526184082031e+00,-8.168334960937500000e+00
-1.506578063964843750e+01,-5.832371234893798828e+00,-6.398630142211914062e+00,-5.167039394378662109e+00,-7.765826225280761719e+00
-1.496126651763916016e+01,-5.888944149017333984e+00,-7.310703277587890625e+00,-4.519194126129150391e+00,-9.503106117248535156e+00
-1.463343906402587891e+01,-6.284358024597167969e+00,-6.813519477844238281e+00,-4.005087852478027344e+00,-7.625632286071777344e+00
-1.539694881439208984e+01,-6.204532623291015625e+00,-7.624723911285400391e+00,-4.172694206237792969e+00,-7.902241706848144531e+00
-1.788974571228027344e+01,-5.563280105590820312e+00,-8.434650421142578125e+00,-6.251762390136718750e+00,-1.208737468719482422e+01
-1.843092155456542969e+01,-5.447304725646972656e+00,-8.756139755249023438e+00,-7.264299392700195312e+00,-1.238101387023925781e+01
-1.889114379882812500e+01,-5.472295761108398438e+00,-9.004159927368164062e+00,-7.628865242004394531e+00,-1.308290386199951172e+01
-1.956612968444824219e+01,-5.453454971313476562e+00,-8.941181182861328125e+00,-7.967696666717529297e+00,-1.369165611267089844e+01
-1.941620826721191406e+01,-5.500739097595214844e+00,-8.552984237670898438e+00,-7.998441696166992188e+00,-1.339717864990234375e+01
-1.914563369750976562e+01,-5.602991104125976562e+00,-7.873116493225097656e+00,-8.247365951538085938e+00,-1.287516403198242188e+01
-1.863006591796875000e+01,-5.756399154663085938e+00,-7.310189247131347656e+00,-7.628556728363037109e+00,-1.186562919616699219e+01
-1.867745208740234375e+01,-5.704816341400146484e+00,-7.003826618194580078e+00,-7.882149219512939453e+00,-1.160604286193847656e+01
-1.817236709594726562e+01,-5.863877296447753906e+00,-6.998888015747070312e+00,-7.366058826446533203e+00,-1.133336639404296875e+01
-1.718621826171875000e+01,-6.027635574340820312e+00,-6.698523998260498047e+00,-6.805116653442382812e+00,-1.039246368408203125e+01
-1.615512466430664062e+01,-6.287481307983398438e+00,-5.990056991577148438e+00,-6.228055000305175781e+00,-9.112819671630859375e+00
-1.731028747558593750e+01,-5.931900978088378906e+00,-6.611888408660888672e+00,-7.180619239807128906e+00,-1.152877902984619141e+01
-1.736318206787109375e+01,-5.764805793762207031e+00,-6.838407039642333984e+00,-7.648613452911376953e+00,-1.121656990051269531e+01
-1.711806869506835938e+01,-5.642951488494873047e+00,-7.158602714538574219e+00,-8.604982376098632812e+00,-1.077929401397705078e+01
-1.625436973571777344e+01,-5.509414672851562500e+00,-7.127230644226074219e+00,-8.676628112792968750e+00,-9.793067932128906250e+00
-1.523638916015625000e+01,-5.922190666198730469e+00,-5.707520484924316406e+00,-6.172082901000976562e+00,-8.199246406555175781e+00
-1.321633720397949219e+01,-6.476853370666503906e+00,-5.841143608093261719e+00,-4.242298126220703125e+00,-5.334512710571289062e+00
-1.349112987518310547e+01,-5.947297096252441406e+00,-5.238533020019531250e+00,-3.530046224594116211e+00,-4.011100292205810547e+00
-1.409239864349365234e+01,-7.002158164978027344e+00,-4.521409034729003906e+00,-3.171532392501831055e+00,-3.657597541809082031e+00
-1.365991783142089844e+01,-8.034036636352539062e+00,-4.643662929534912109e+00,-3.163484096527099609e+00,-2.488371849060058594e+00
-1.310121822357177734e+01,-9.208881378173828125e+00,-5.571013927459716797e+00,-2.808125734329223633e+00,-2.126121520996093750e+00
-1.181035518646240234e+01,-9.577308654785156250e+00,-5.653355598449707031e+00,-2.659173965454101562e+00,-2.398177146911621094e+00
-4.196078953100368381e-05,-1.161923599243164062e+01,-6.084639549255371094e+00,-3.996759891510009766e+00,-2.172426223754882812e+00
