-1.704830551147460938e+01,-5.763114452362060547e+00,-1.077299880981445312e+01,-1.471411895751953125e+01,-1.306759166717529297e+01
-1.737279701232910156e+01,-5.795112133026123047e+00,-1.447491455078125000e+01,-1.531231498718261719e+01,-1.494370174407958984e+01
-1.693220520019531250e+01,-5.744635581970214844e+00,-1.271880722045898438e+01,-1.529065513610839844e+01,-1.296342945098876953e+01
-1.839545822143554688e+01,-5.694826126098632812e+00,-1.416705513000488281e+01,-1.546209716796875000e+01,-1.567393589019775391e+01
-1.789703369140625000e+01,-5.646075248718261719e+00,-1.405018615722656250e+01,-1.552134323120117188e+01,-1.572943592071533203e+01
-1.830065917968750000e+01,-5.555255889892578125e+00,-1.460715866088867188e+01,-1.547304725646972656e+01,-1.569625759124755859e+01
-1.886693954467773438e+01,-5.471134185791015625e+00,-1.424994659423828125e+01,-1.518619918823242188e+01,-1.609711456298828125e+01
-1.858706092834472656e+01,-5.479761123657226562e+00,-1.390896415710449219e+01,-1.563599014282226562e+01,-1.571038913726806641e+01
-1.844847869873046875e+01,-5.575942516326904297e+00,-1.387523651123046875e+01,-1.574092292785644531e+01,-1.587103176116943359e+01
-1.815090751647949219e+01,-5.646079063415527344e+00,-1.377699851989746094e+01,-1.580574607849121094e+01,-1.546636867523193359e+01
-1.785421371459960938e+01,-5.605232238769531250e+00,-1.467875289916992188e+01,-1.551930618286132812e+01,-1.526758289337158203e+01
-1.815761947631835938e+01,-5.659623146057128906e+00,-1.463164901733398438e+01,-1.509939956665039062e+01,-1.542095851898193359e+01
-1.911438941955566406e+01,-5.690866470336914062e+00,-1.422212409973144531e+01,-1.615643119812011719e+01,-1.549510860443115234e+01
-1.855041503906250000e+01,-5.676040649414062500e+00,-1.418915367126464844e+01,-1.580637264251708984e+01,-1.498836040496826172e+01
-1.864195632934570312e+01,-5.476145267486572266e+00,-1.321902847290039062e+01,-1.493796348571777344e+01,-1.578981304168701172e+01
-1.918220520019531250e+01,-5.496812343597412109e+00,-1.287792968750000000e+01,-1.547882652282714844e+01,-1.623192596435546875e+01
-1.891801071166992188e+01,-5.545803070068359375e+00,-1.311942863464355469e+01,-1.560485458374023438e+01,-1.578280353546142578e+01
-1.879094696044921875e+01,-5.575322151184082031e+00,-1.276933288574218750e+01,-1.526428604125976562e+01,-1.562639713287353516e+01
-1.880077552795410156e+01,-5.626408576965332031e+00,-1.351854896545410156e+01,-1.524193000793457031e+01,-1.550817203521728516e+01
-1.887016677856445312e+01,-5.582624435424804688e+00,-1.215028190612792969e+01,-1.524457359313964844e+01,-1.540905284881591797e+01
-1.938349914550781250e+01,-5.612421035766601562e+00,-1.220299911499023438e+01,-1.454167747497558594e+01,-1.581227016448974609e+01
-1.887463760375976562e+01,-5.581972122192382812e+00,-1.175254631042480469e+01,-1.363440322875976562e+01,-1.553098964691162109e+01
-1.928068542480468750e+01,-5.575156211853027344e+00,-1.145331382751464844e+01,-1.353599166870117188e+01,-1.577173519134521484e+01
-1.753821754455566406e+01,-5.610886096954345703e+00,-1.253001976013183594e+01,-1.338591384887695312e+01,-1.531135654449462891e+01
-1.867640686035156250e+01,-5.597210407257080078e+00,-1.314024162292480469e+01,-1.440736389160156250e+01,-1.607787704467773438e+01
-1.849814605712890625e+01,-5.550468921661376953e+00,-1.300747299194335938e+01,-1.395791339874267578e+01,-1.603532028198242188e+01
-1.832281494140625000e+01,-5.445850849151611328e+00,-1.178273010253906250e+01,-1.216758728027343750e+01,-1.542478275299072266e+01
-1.881532669067382812e+01,-5.466049671173095703e+00,-1.147920036315917969e+01,-1.131303596496582031e+01,-1.553754329681396484e+01
-1.907569122314453125e+01,-5.518506050109863281e+00,-1.151047134399414062e+01,-1.221676445007324219e+01,-1.554379177093505859e+01
-1.895987510681152344e+01,-5.559290885925292969e+00,-1.080379486083984375e+01,-1.076373863220214844e+01,-1.506351947784423828e+01
-1.877230262756347656e+01,-5.915744781494140625e+00,-9.867458343505859375e+00,-7.818844795227050781e+00,-1.448823261260986328e+01
-1.881030273437500000e+01,-6.073726177215576172e+00,-9.165543556213378906e+00,-7.376608848571777344e+00,-1.429823398590087891e+01
-1.900451278686523438e+01,-5.587817192077636719e+00,-1.067453956604003906e+01,-1.116709232330322266e+01,-1.574875736236572266e+01
-1.899150848388671875e+01,-5.785208702087402344e+00,-1.083325195312500000e+01,-7.583905696868896484e+00,-1.513362216949462891e+01
-1.883923149108886719e+01,-6.318455696105957031e+00,-1.089208984375000000e+01,-5.898333549499511719e+00,-1.466731357574462891e+01
-1.905805206298828125e+01,-5.974079132080078125e+00,-1.162139320373535156e+01,-6.462203979492187500e+00,-1.481279468536376953e+01
-1.921450042724609375e+01,-5.727432250976562500e+00,-1.121614837646484375e+01,-7.491891860961914062e+00,-1.529494953155517578e+01
-1.978164672851562500e+01,-5.657093524932861328e+00,-1.202924728393554688e+01,-8.492443084716796875e+00,-1.589896678924560547e+01
-1.922735595703125000e+01,-5.804217338562011719e+00,-1.258110046386718750e+01,-7.350481986999511719e+00,-1.527526950836181641e+01
-1.771945953369140625e+01,-5.646327018737792969e+00,-1.426242637634277344e+01,-9.714235305786132812e+00,-1.567490100860595703e+01
-1.781349945068359375e+01,-5.651400566101074219e+00,-1.454576301574707031e+01,-9.540822029113769531e+00,-1.573739147186279297e+01
-1.833649063110351562e+01,-5.742639541625976562e+00,-1.366191673278808594e+01,-7.713908672332763672e+00,-1.538296031951904297e+01
-1.858531951904296875e+01,-5.783870697021484375e+00,-1.258066749572753906e+01,-8.532180786132812500e+00,-1.475300502777099609e+01
-1.913341522216796875e+01,-5.742007732391357422e+00,-1.326829910278320312e+01,-8.354663848876953125e+00,-1.509231090545654297e+01
-1.930221939086914062e+01,-5.690301418304443359e+00,-1.229094123840332031e+01,-9.166423797607421875e+00,-1.512294864654541016e+01
-1.885483360290527344e+01,-5.734486103057861328e+00,-1.258653450012207031e+01,-8.889593124389648438e+00,-1.462426471710205078e+01
-1.898462486267089844e+01,-5.737256526947021484e+00,-1.346393394470214844e+01,-9.119329452514648438e+00,-1.493956661224365234e+01
-1.868938827514648438e+01,-5.696352481842041016e+00,-1.425963020324707031e+01,-8.017505645751953125e+00,-1.520172977447509766e+01
-1.861264419555664062e+01,-5.704674720764160156e+00,-1.322584915161132812e+01,-9.406744003295898438e+00,-1.501034450531005859e+01
-1.829401397705078125e+01,-5.811869621276855469e+00,-1.384790039062500000e+01,-9.687303543090820312e+00,-1.485219287872314453e+01
-1.852679634094238281e+01,-5.776216506958007812e+00,-1.425287818908691406e+01,-9.483407020568847656e+00,-1.490413570404052734e+01
-1.894918823242187500e+01,-5.724613666534423828e+00,-1.344008064270019531e+01,-9.698376655578613281e+00,-1.480303096771240234e+01
-1.868671989440917969e+01,-5.839217662811279297e+00,-1.350405120849609375e+01,-8.684595108032226562e+00,-1.433057403564453125e+01
-1.792682838439941406e+01,-6.014840126037597656e+00,-1.349928665161132812e+01,-8.418880462646484375e+00,-1.404221820831298828e+01
-1.760386657714843750e+01,-6.167307853698730469e+00,-1.408414268493652344e+01,-7.509492397308349609e+00,-1.386929416656494141e+01
-1.743392181396484375e+01,-6.462053298950195312e+00,-1.345944213867187500e+01,-6.543089389801025391e+00,-1.352356243133544922e+01
-1.731943893432617188e+01,-6.607112407684326172e+00,-1.347592926025390625e+01,-6.449097633361816406e+00,-1.418421554565429688e+01
-1.712545776367187500e+01,-6.629168987274169922e+00,-1.326653289794921875e+01,-6.594605922698974609e+00,-1.407613277435302734e+01
-1.712658309936523438e+01,-6.522953033447265625e+00,-1.284625816345214844e+01,-7.025769710540771484e+00,-1.374516963958740234e+01
-1.782068061828613281e+01,-6.172587394714355469e+00,-1.322950363159179688e+01,-7.839935302734375000e+00,-1.398700237274169922e+01
-1.767978286743164062e+01,-6.025456428527832031e+00,-1.352227401733398438e+01,-8.722454071044921875e+00,-1.377043437957763672e+01
-1.698150062561035156e+01,-6.007067680358886719e+00,-1.526345634460449219e+01,-7.447880744934082031e+00,-1.377263641357421875e+01
-1.787397766113281250e+01,-5.922045707702636719e+00,-1.453424072265625000e+01,-8.307147979736328125e+00,-1.451060009002685547e+01
-1.742368507385253906e+01,-6.075361728668212891e+00,-1.411113548278808594e+01,-8.166156768798828125e+00,-1.363494205474853516e+01
-1.676949310302734375e+01,-6.235927581787109375e+00,-1.384682083129882812e+01,-7.700033187866210938e+00,-1.356633663177490234e+01
-1.747340774536132812e+01,-5.941448211669921875e+00,-1.303814888000488281e+01,-8.608223915100097656e+00,-1.329426670074462891e+01
-1.729434204101562500e+01,-6.024503707885742188e+00,-1.362761878967285156e+01,-7.866690635681152344e+00,-1.308361530303955078e+01
-1.717530441284179688e+01,-5.964281558990478516e+00,-1.415484237670898438e+01,-8.649049758911132812e+00,-1.348176479339599609e+01
-1.687221908569335938e+01,-5.939848899841308594e+00,-1.249976348876953125e+01,-9.173583030700683594e+00,-1.321679401397705078e+01
-1.706624794006347656e+01,-5.930311203002929688e+00,-1.241571044921875000e+01,-8.658422470092773438e+00,-1.277648830413818359e+01
-1.599431324005126953e+01,-6.467292785644531250e+00,-1.292616653442382812e+01,-6.988782405853271484e+00,-1.209638404846191406e+01
-1.680153656005859375e+01,-6.264548301696777344e+00,-1.337430000305175781e+01,-7.471053600311279297e+00,-1.361135387420654297e+01
-1.657727813720703125e+01,-6.496088981628417969e+00,-1.365308189392089844e+01,-6.900650978088378906e+00,-1.359458065032958984e+01
-1.610837554931640625e+01,-6.707477092742919922e+00,-1.339698982238769531e+01,-6.093903541564941406e+00,-1.229286098480224609e+01
-1.659676933288574219e+01,-6.159220695495605469e+00,-1.354445075988769531e+01,-7.272797107696533203e+00,-1.310860729217529297e+01
-1.555463314056396484e+01,-7.409464836120605469e+00,-1.197279930114746094e+01,-5.436212062835693359e+00,-1.238141727447509766e+01
-1.533638000488281250e+01,-6.707472324371337891e+00,-1.223702621459960938e+01,-5.831971168518066406e+00,-1.132206058502197266e+01
-1.557440853118896484e+01,-7.189818382263183594e+00,-1.142803573608398438e+01,-5.161606788635253906e+00,-1.092746829986572266e+01
-1.603033828735351562e+01,-7.702516078948974609e+00,-1.243268585205078125e+01,-4.831648826599121094e+00,-1.142394161224365234e+01
-1.650607299804687500e+01,-7.548114776611328125e+00,-1.188252067565917969e+01,-4.989465713500976562e+00,-1.199496173858642578e+01
-1.682953643798828125e+01,-6.893507480621337891e+00,-1.204969024658203125e+01,-5.255602836608886719e+00,-1.230751323699951172e+01
-1.701371383666992188e+01,-6.780872821807861328e+00,-1.130346298217773438e+01,-5.264515399932861328e+00,-1.201823711395263672e+01
-1.716322708129882812e+01,-6.810483932495117188e+00,-1.201359748840332031e+01,-5.403411865234375000e+00,-1.233895778656005859e+01
-1.740790939331054688e+01,-6.276347637176513672e+00,-1.207951736450195312e+01,-5.910804748535156250e+00,-1.215600299835205078e+01
-1.800830078125000000e+01,-5.851284027099609375e+00,-1.156058120727539062e+01,-7.856566429138183594e+00,-1.276954174041748047e+01
-1.765635871887207031e+01,-6.251847267150878906e+00,-1.089645767211914062e+01,-6.113038539886474609e+00,-1.282702159881591797e+01
-1.675760269165039062e+01,-6.180949211120605469e+00,-9.367402076721191406e+00,-6.774839401245117188e+00,-1.106647396087646484e+01
-1.716696166992187500e+01,-5.798431873321533203e+00,-9.108489990234375000e+00,-1.036201477050781250e+01,-1.135608577728271484e+01
-1.693844604492187500e+01,-5.794615745544433594e+00,-9.879955291748046875e+00,-1.001704120635986328e+01,-1.043809413909912109e+01
-1.759503173828125000e+01,-5.683374404907226562e+00,-1.230469512939453125e+01,-1.082201099395751953e+01,-1.276059246063232422e+01
-1.728467750549316406e+01,-5.681421279907226562e+00,-1.264648246765136719e+01,-1.034234428405761719e+01,-1.197034358978271484e+01
-1.785746002197265625e+01,-5.679774761199951172e+00,-1.008858871459960938e+01,-1.206637287139892578e+01,-1.209981250762939453e+01
-1.706849670410156250e+01,-5.745265007019042969e+00,-9.215726852416992188e+00,-1.423374557495117188e+01,-1.012411785125732422e+01
-1.802317047119140625e+01,-5.765244483947753906e+00,-9.773806571960449219e+00,-1.395154190063476562e+01,-1.224015140533447266e+01
-1.739489173889160156e+01,-5.714278221130371094e+00,-9.129997253417968750e+00,-1.472688484191894531e+01,-1.232285022735595703e+01
-1.710477066040039062e+01,-5.753986358642578125e+00,-9.150524139404296875e+00,-1.443776702880859375e+01,-1.196539783477783203e+01
-1.731171417236328125e+01,-5.782474040985107422e+00,-9.637424468994140625e+00,-1.486598587036132812e+01,-1.195187664031982422e+01
-1.702626991271972656e+01,-5.821314811706542969e+00,-9.006454467773437500e+00,-1.497365760803222656e+01,-1.144402027130126953e+01
-1.709256744384765625e+01,-5.811558246612548828e+00,-8.263496398925781250e+00,-1.500472450256347656e+01,-1.181897068023681641e+01
-1.624620819091796875e+01,-5.798811912536621094e+00,-1.004481887817382812e+01,-1.538109588623046875e+01,-1.099655055999755859e+01
-1.675237274169921875e+01,-5.824127197265625000e+00,-9.864931106567382812e+00,-1.549975585937500000e+01,-1.139303493499755859e+01
-1.593473434448242188e+01,-5.823935508728027344e+00,-8.452682495117187500e+00,-1.464911842346191406e+01,-9.016157150268554688e+00
-1.621747207641601562e+01,-5.772595405578613281e+00,-6.663670063018798828e+00,-1.414005661010742188e+01,-9.185864448547363281e+00
-1.646467971801757812e+01,-5.799717426300048828e+00,-9.084577560424804688e+00,-1.463712310791015625e+01,-1.131838703155517578e+01
-1.655333900451660156e+01,-5.809452056884765625e+00,-9.730158805847167969e+00,-1.503561592102050781e+01,-1.159644222259521484e+01
-1.714283752441406250e+01,-5.801592350006103516e+00,-9.316866874694824219e+00,-1.521281623840332031e+01,-1.195964145660400391e+01
-1.726628112792968750e+01,-5.777829647064208984e+00,-1.119408035278320312e+01,-1.586421585083007812e+01,-1.257442760467529297e+01
-1.682268714904785156e+01,-5.775492668151855469e+00,-1.128257751464843750e+01,-1.558994293212890625e+01,-1.200139331817626953e+01
-1.643367385864257812e+01,-5.774793148040771484e+00,-1.111169433593750000e+01,-1.549630928039550781e+01,-1.142928791046142578e+01
-1.700328826904296875e+01,-5.787684440612792969e+00,-1.117635726928710938e+01,-1.556974315643310547e+01,-1.199522399902343750e+01
-1.752289581298828125e+01,-5.764006614685058594e+00,-1.136481666564941406e+01,-1.586165428161621094e+01,-1.242269611358642578e+01
-1.716988945007324219e+01,-5.750838756561279297e+00,-1.155056571960449219e+01,-1.575852584838867188e+01,-1.247980880737304688e+01
-1.769799804687500000e+01,-5.765076160430908203e+00,-1.171522331237792969e+01,-1.591240119934082031e+01,-1.263127613067626953e+01
-1.654924392700195312e+01,-5.743026256561279297e+00,-1.101883316040039062e+01,-1.544491958618164062e+01,-1.006679725646972656e+01
-1.598014163970947266e+01,-5.703236579895019531e+00,-1.090527725219726562e+01,-1.532553100585937500e+01,-8.177013397216796875e+00
-1.241622829437255859e+01,-5.616393089294433594e+00,-4.853638648986816406e+00,-8.151780128479003906e+00,-2.373495578765869141e+00
-1.627466964721679688e+01,-5.686261653900146484e+00,-9.252147674560546875e+00,-1.583196830749511719e+01,-1.039940547943115234e+01
-1.295965194702148438e+01,-5.652630805969238281e+00,-8.728641510009765625e+00,-1.392099189758300781e+01,-3.745017290115356445e+00
-1.338730716705322266e+01,-5.687157630920410156e+00,-5.762392997741699219e+00,-1.378986358642578125e+01,-6.991782188415527344e+00
-1.378592395782470703e+01,-5.672023296356201172e+00,-5.071493148803710938e+00,-1.418470954895019531e+01,-8.061285018920898438e+00
-1.406712532043457031e+01,-5.594336986541748047e+00,-5.768379688262939453e+00,-1.548847770690917969e+01,-7.741172313690185547e+00
-1.296192264556884766e+01,-5.654275894165039062e+00,-4.987295627593994141e+00,-1.423902320861816406e+01,-7.307088851928710938e+00
-1.240114116668701172e+01,-5.610186576843261719e+00,-5.736734390258789062e+00,-1.432456970214843750e+01,-5.200407028198242188e+00
-1.241654968261718750e+01,-5.616384983062744141e+00,-4.853428363800048828e+00,-8.151387214660644531e+00,-2.373778820037841797e+00
-1.303332710266113281e+01,-5.629380702972412109e+00,-5.574270725250244141e+00,-1.547414875030517578e+01,-6.909850120544433594e+00
-1.459756565093994141e+01,-5.808540344238281250e+00,-4.077071189880371094e+00,-1.561285018920898438e+01,-9.261211395263671875e+00
-1.509933280944824219e+01,-6.067519664764404297e+00,-3.065945863723754883e+00,-1.507840728759765625e+01,-7.585950374603271484e+00
-1.572642421722412109e+01,-5.851812362670898438e+00,-4.004235267639160156e+00,-1.535522460937500000e+01,-8.828872680664062500e+00
-1.556136131286621094e+01,-5.931712150573730469e+00,-3.560411453247070312e+00,-1.539728927612304688e+01,-8.665088653564453125e+00
-1.547320461273193359e+01,-6.224018096923828125e+00,-2.865111351013183594e+00,-1.479479026794433594e+01,-8.417593955993652344e+00
-1.585779857635498047e+01,-5.817373275756835938e+00,-4.408889293670654297e+00,-1.543456840515136719e+01,-8.611017227172851562e+00
-1.579768276214599609e+01,-5.731441497802734375e+00,-4.574026584625244141e+00,-1.574034690856933594e+01,-9.421617507934570312e+00
-1.587078952789306641e+01,-5.722453117370605469e+00,-3.838268995285034180e+00,-1.564593505859375000e+01,-9.347985267639160156e+00
-1.636448287963867188e+01,-5.664870262145996094e+00,-5.463061332702636719e+00,-1.565776634216308594e+01,-1.145564937591552734e+01
-1.703718566894531250e+01,-5.642702102661132812e+00,-6.610121726989746094e+00,-1.604087448120117188e+01,-1.151884746551513672e+01
-1.691665649414062500e+01,-5.654115200042724609e+00,-7.080109119415283203e+00,-1.605972862243652344e+01,-1.151389026641845703e+01
-1.729577636718750000e+01,-5.672384262084960938e+00,-8.683801651000976562e+00,-1.634582138061523438e+01,-1.323898029327392578e+01
-1.442651557922363281e+01,-5.584455490112304688e+00,-5.831368446350097656e+00,-1.539520454406738281e+01,-8.654211997985839844e+00
-1.469641590118408203e+01,-5.545666694641113281e+00,-6.042350769042968750e+00,-1.602987480163574219e+01,-9.020307540893554688e+00
-1.548831844329833984e+01,-5.581645965576171875e+00,-8.425410270690917969e+00,-1.681815147399902344e+01,-1.085305690765380859e+01
-1.456576633453369141e+01,-5.665268898010253906e+00,-6.399182319641113281e+00,-1.586921977996826172e+01,-9.052705764770507812e+00
-1.357219600677490234e+01,-5.658452987670898438e+00,-5.506519317626953125e+00,-1.568848228454589844e+01,-7.606837272644042969e+00
-1.350180244445800781e+01,-5.612624168395996094e+00,-5.261334419250488281e+00,-1.609483337402343750e+01,-9.058950424194335938e+00
-1.276661491394042969e+01,-5.599896430969238281e+00,-7.149782657623291016e+00,-1.581324768066406250e+01,-9.068227767944335938e+00
-1.370231437683105469e+01,-5.648105144500732422e+00,-6.828104972839355469e+00,-1.629807472229003906e+01,-8.577583312988281250e+00
-1.330232524871826172e+01,-5.606781959533691406e+00,-7.677175521850585938e+00,-1.589136695861816406e+01,-9.091313362121582031e+00
-1.396438789367675781e+01,-5.624240398406982422e+00,-9.012677192687988281e+00,-1.620384216308593750e+01,-1.054847240447998047e+01
-1.246953010559082031e+01,-5.586987018585205078e+00,-7.745189189910888672e+00,-1.567779159545898438e+01,-7.253180503845214844e+00
-1.245314884185791016e+01,-5.561194419860839844e+00,-5.153891086578369141e+00,-1.337939357757568359e+01,-3.021238088607788086e+00
-1.431499004364013672e+01,-5.782241344451904297e+00,-4.162447452545166016e+00,-1.605965423583984375e+01,-9.200880050659179688e+00
-1.593668842315673828e+01,-5.750899791717529297e+00,-4.189764499664306641e+00,-1.604672241210937500e+01,-9.225769042968750000e+00
-1.561204433441162109e+01,-5.826582908630371094e+00,-3.331986904144287109e+00,-1.589823341369628906e+01,-8.572092056274414062e+00
-1.534891605377197266e+01,-6.267513275146484375e+00,-2.709952831268310547e+00,-1.495232963562011719e+01,-7.505128860473632812e+00
-1.591430950164794922e+01,-5.965976715087890625e+00,-3.334330797195434570e+00,-1.482151222229003906e+01,-9.147700309753417969e+00
-1.678650474548339844e+01,-5.758891582489013672e+00,-4.087968349456787109e+00,-1.556129264831542969e+01,-1.066251087188720703e+01
-1.597385787963867188e+01,-5.754999160766601562e+00,-4.385301589965820312e+00,-1.554368591308593750e+01,-9.094642639160156250e+00
-1.640087318420410156e+01,-5.626897811889648438e+00,-5.355324745178222656e+00,-1.601435852050781250e+01,-1.070844554901123047e+01
-1.674863052368164062e+01,-5.640060424804687500e+00,-7.726973056793212891e+00,-1.611060523986816406e+01,-1.264354991912841797e+01
-1.759573745727539062e+01,-5.715250015258789062e+00,-8.745361328125000000e+00,-1.663903045654296875e+01,-1.339258670806884766e+01
-1.761114120483398438e+01,-5.695588111877441406e+00,-9.884654998779296875e+00,-1.654859352111816406e+01,-1.378499126434326172e+01
-1.807211685180664062e+01,-5.722582817077636719e+00,-9.649847030639648438e+00,-1.567630577087402344e+01,-1.355029201507568359e+01
-1.811675262451171875e+01,-5.703034400939941406e+00,-1.052302837371826172e+01,-1.572061729431152344e+01,-1.406475543975830078e+01
-1.785334587097167969e+01,-5.694027423858642578e+00,-1.089902305603027344e+01,-1.625790786743164062e+01,-1.441787624359130859e+01
-1.739696693420410156e+01,-5.729109764099121094e+00,-9.855909347534179688e+00,-1.524039840698242188e+01,-1.361074352264404297e+01
-1.246190452575683594e+01,-5.613479614257812500e+00,-4.885977745056152344e+00,-8.156078338623046875e+00,-2.429515361785888672e+00
-1.519274330139160156e+01,-5.634192466735839844e+00,-7.808786869049072266e+00,-1.569157218933105469e+01,-1.150887775421142578e+01
-1.607839202880859375e+01,-5.660416603088378906e+00,-8.053781509399414062e+00,-1.529744529724121094e+01,-1.220289707183837891e+01
-1.670565223693847656e+01,-5.674773216247558594e+00,-1.028784179687500000e+01,-1.555048084259033203e+01,-1.390825939178466797e+01
-1.568120384216308594e+01,-5.686511039733886719e+00,-1.145342636108398438e+01,-1.564848136901855469e+01,-1.404394054412841797e+01
-1.627145957946777344e+01,-5.715962409973144531e+00,-1.180603599548339844e+01,-1.613396453857421875e+01,-1.428461551666259766e+01
-1.646168327331542969e+01,-5.639739513397216797e+00,-9.769067764282226562e+00,-1.471648406982421875e+01,-1.328964996337890625e+01
-1.713264083862304688e+01,-5.623515605926513672e+00,-7.984491825103759766e+00,-1.464239501953125000e+01,-1.318185329437255859e+01
-1.762874794006347656e+01,-5.657679080963134766e+00,-9.157180786132812500e+00,-1.496299171447753906e+01,-1.413477230072021484e+01
-1.775890350341796875e+01,-5.676651954650878906e+00,-1.015067481994628906e+01,-1.483321380615234375e+01,-1.411370086669921875e+01
-1.257357501983642578e+01,-5.607330322265625000e+00,-4.952550888061523438e+00,-8.138508796691894531e+00,-2.551671504974365234e+00
-1.751698684692382812e+01,-5.596629619598388672e+00,-9.281194686889648438e+00,-1.187412834167480469e+01,-1.329681491851806641e+01
-1.729968070983886719e+01,-5.630903244018554688e+00,-8.089668273925781250e+00,-1.145389938354492188e+01,-1.293282127380371094e+01
-1.654627609252929688e+01,-5.646877765655517578e+00,-6.810751438140869141e+00,-1.182374572753906250e+01,-1.226228713989257812e+01
-1.658974456787109375e+01,-5.683254241943359375e+00,-7.516959190368652344e+00,-1.164890193939208984e+01,-1.247653484344482422e+01
-1.753010368347167969e+01,-5.708573341369628906e+00,-8.424240112304687500e+00,-1.129510879516601562e+01,-1.285825443267822266e+01
-1.671879196166992188e+01,-5.737450599670410156e+00,-9.042319297790527344e+00,-1.137286567687988281e+01,-1.151214790344238281e+01
-1.591371726989746094e+01,-5.770100116729736328e+00,-7.331101417541503906e+00,-1.224684906005859375e+01,-1.252285289764404297e+01
-1.543371295928955078e+01,-5.885673999786376953e+00,-6.977478981018066406e+00,-1.230138683319091797e+01,-1.342127513885498047e+01
-1.559940338134765625e+01,-5.849442481994628906e+00,-8.367275238037109375e+00,-1.339972305297851562e+01,-1.325703144073486328e+01
-1.576232814788818359e+01,-5.782137393951416016e+00,-8.913391113281250000e+00,-1.365915679931640625e+01,-1.345514106750488281e+01
-1.559116363525390625e+01,-5.785030841827392578e+00,-1.014681816101074219e+01,-1.403566932678222656e+01,-1.259745311737060547e+01
-1.596798133850097656e+01,-5.806969165802001953e+00,-9.524532318115234375e+00,-1.423366737365722656e+01,-1.288477802276611328e+01
-1.625164031982421875e+01,-5.902469635009765625e+00,-9.223817825317382812e+00,-1.362075042724609375e+01,-1.367610263824462891e+01
-1.645290565490722656e+01,-5.848537921905517578e+00,-9.189495086669921875e+00,-1.351610755920410156e+01,-1.381149768829345703e+01
-1.633782386779785156e+01,-5.844815254211425781e+00,-1.010857391357421875e+01,-1.187490081787109375e+01,-1.145399570465087891e+01
-1.740705871582031250e+01,-5.809694290161132812e+00,-9.627506256103515625e+00,-1.285414218902587891e+01,-1.311458301544189453e+01
-1.750639343261718750e+01,-5.860138893127441406e+00,-1.145469474792480469e+01,-1.207072257995605469e+01,-1.284541225433349609e+01
-1.787245941162109375e+01,-5.808040142059326172e+00,-1.151674652099609375e+01,-1.219631958007812500e+01,-1.370747852325439453e+01
-1.807025909423828125e+01,-5.785467147827148438e+00,-1.032528305053710938e+01,-1.268916130065917969e+01,-1.361619853973388672e+01
-1.821371650695800781e+01,-5.839242935180664062e+00,-9.969640731811523438e+00,-1.284715652465820312e+01,-1.370009136199951172e+01
-1.811371231079101562e+01,-5.825771331787109375e+00,-1.099351310729980469e+01,-1.313466644287109375e+01,-1.383520030975341797e+01
-1.814396286010742188e+01,-5.784970283508300781e+00,-1.159737205505371094e+01,-1.175403499603271484e+01,-1.376507854461669922e+01
-1.826062393188476562e+01,-5.754931449890136719e+00,-1.152886009216308594e+01,-1.182046222686767578e+01,-1.377761554718017578e+01
-1.788832664489746094e+01,-5.804137229919433594e+00,-1.183344841003417969e+01,-1.068506050109863281e+01,-1.363285255432128906e+01
-1.785946655273437500e+01,-5.773820400238037109e+00,-1.151361846923828125e+01,-1.134381484985351562e+01,-1.354066181182861328e+01
-1.777244758605957031e+01,-5.770857810974121094e+00,-1.178787040710449219e+01,-1.148032951354980469e+01,-1.362018299102783203e+01
-1.723225784301757812e+01,-5.805150032043457031e+00,-1.112832832336425781e+01,-1.274947166442871094e+01,-1.328049373626708984e+01
-1.704482650756835938e+01,-5.797931671142578125e+00,-1.149019241333007812e+01,-1.181599998474121094e+01,-1.299989986419677734e+01
-1.665920066833496094e+01,-6.007411956787109375e+00,-1.149395179748535156e+01,-9.077817916870117188e+00,-1.269751262664794922e+01
-1.712021827697753906e+01,-5.813158035278320312e+00,-1.177743530273437500e+01,-1.129481792449951172e+01,-1.267707347869873047e+01
-1.684188461303710938e+01,-5.962644577026367188e+00,-1.218379402160644531e+01,-9.838571548461914062e+00,-1.275475883483886719e+01
-1.611239242553710938e+01,-6.164537429809570312e+00,-1.241930198669433594e+01,-8.618108749389648438e+00,-1.212880611419677734e+01
-1.633129119873046875e+01,-6.081567764282226562e+00,-1.263759613037109375e+01,-8.787847518920898438e+00,-1.218999671936035156e+01
-1.708807182312011719e+01,-5.882064819335937500e+00,-1.354504203796386719e+01,-1.113483810424804688e+01,-1.337214469909667969e+01
-1.654448318481445312e+01,-6.067739009857177734e+00,-1.214302062988281250e+01,-9.530070304870605469e+00,-1.235680198669433594e+01
-1.571665954589843750e+01,-6.184651851654052734e+00,-9.912891387939453125e+00,-8.464703559875488281e+00,-1.073001480102539062e+01
-1.483938789367675781e+01,-6.807422161102294922e+00,-6.892617702484130859e+00,-7.525250911712646484e+00,-1.106453418731689453e+01
-1.448874950408935547e+01,-7.520911693572998047e+00,-7.251237392425537109e+00,-7.104073524475097656e+00,-1.062838363647460938e+01
-1.536285305023193359e+01,-6.994657993316650391e+00,-8.933988571166992188e+00,-7.851264953613281250e+00,-1.162289619445800781e+01
-1.494424057006835938e+01,-7.576995849609375000e+00,-8.570600509643554688e+00,-6.824276924133300781e+00,-1.047178459167480469e+01
-1.533048343658447266e+01,-7.881635665893554688e+00,-9.027873039245605469e+00,-6.201446056365966797e+00,-1.134105968475341797e+01
-1.533743667602539062e+01,-7.373076438903808594e+00,-9.017520904541015625e+00,-5.637690067291259766e+00,-1.036390972137451172e+01
-1.664301681518554688e+01,-6.900269508361816406e+00,-9.961061477661132812e+00,-6.762983322143554688e+00,-1.148704624176025391e+01
-1.656313705444335938e+01,-8.040046691894531250e+00,-8.281412124633789062e+00,-5.772966384887695312e+00,-1.028755283355712891e+01
-1.687808227539062500e+01,-6.910385131835937500e+00,-1.275989151000976562e+01,-6.917220115661621094e+00,-1.142453384399414062e+01
-1.609484672546386719e+01,-8.288213729858398438e+00,-1.185629844665527344e+01,-5.177185058593750000e+00,-9.819983482360839844e+00
-1.635147476196289062e+01,-7.170231819152832031e+00,-1.207149505615234375e+01,-5.541723251342773438e+00,-1.093970394134521484e+01
-1.617952537536621094e+01,-8.143053054809570312e+00,-1.227137565612792969e+01,-5.581273078918457031e+00,-1.179909229278564453e+01
-1.525178432464599609e+01,-8.739021301269531250e+00,-1.158435249328613281e+01,-5.924626350402832031e+00,-1.075337696075439453e+01
-1.392531299591064453e+01,-8.780477523803710938e+00,-1.135743141174316406e+01,-5.601297378540039062e+00,-9.368917465209960938e+00
-1.444309043884277344e+01,-7.917208671569824219e+00,-1.104745674133300781e+01,-5.997662544250488281e+00,-9.965956687927246094e+00
-1.506551456451416016e+01,-8.712195396423339844e+00,-8.843294143676757812e+00,-5.595143795013427734e+00,-1.010636520385742188e+01
-1.670052146911621094e+01,-6.973359107971191406e+00,-1.141090011596679688e+01,-6.418495655059814453e+00,-1.152887916564941406e+01
-1.579681587219238281e+01,-8.954621315002441406e+00,-1.043854427337646484e+01,-4.949316501617431641e+00,-9.892938613891601562e+00
-1.607678985595703125e+01,-9.830730438232421875e+00,-9.487977027893066406e+00,-4.634938240051269531e+00,-1.111348438262939453e+01
-1.560432147979736328e+01,-9.997161865234375000e+00,-9.795195579528808594e+00,-4.460951328277587891e+00,-1.144551181793212891e+01
-1.426667404174804688e+01,-1.028148651123046875e+01,-8.202829360961914062e+00,-4.412967681884765625e+00,-1.006440448760986328e+01
-1.268592166900634766e+01,-9.674369812011718750e+00,-9.505627632141113281e+00,-4.646054744720458984e+00,-7.331574440002441406e+00
-1.329350566864013672e+01,-9.558231353759765625e+00,-8.400608062744140625e+00,-4.622731685638427734e+00,-7.566771507263183594e+00
-1.407602596282958984e+01,-9.316955566406250000e+00,-6.251952171325683594e+00,-4.495256423950195312e+00,-8.450459480285644531e+00
-1.392946338653564453e+01,-9.505945205688476562e+00,-6.647450923919677734e+00,-4.587391853332519531e+00,-8.086414337158203125e+00
-1.393040657043457031e+01,-1.013211822509765625e+01,-6.686260223388671875e+00,-4.538832187652587891e+00,-7.886703014373779297e+00
-1.438472461700439453e+01,-1.018704605102539062e+01,-7.420169830322265625e+00,-4.441947460174560547e+00,-9.225443840026855469e+00
-1.467738723754882812e+01,-1.004806709289550781e+01,-8.546672821044921875e+00,-4.422432899475097656e+00,-1.059731769561767578e+01
-1.404943561553955078e+01,-1.117301368713378906e+01,-6.618462085723876953e+00,-4.424482822418212891e+00,-9.510330200195312500e+00
-1.419760799407958984e+01,-1.146769046783447266e+01,-6.276113510131835938e+00,-4.427942276000976562e+00,-9.458012580871582031e+00
-1.470457744598388672e+01,-1.041840934753417969e+01,-5.907988548278808594e+00,-4.139862060546875000e+00,-1.032359218597412109e+01
-1.437232494354248047e+01,-1.045794677734375000e+01,-7.395885467529296875e+00,-4.154960155487060547e+00,-9.194643020629882812e+00
-1.493582820892333984e+01,-1.046280670166015625e+01,-8.681690216064453125e+00,-4.234209537506103516e+00,-9.564364433288574219e+00
-1.595911312103271484e+01,-9.209787368774414062e+00,-7.382779121398925781e+00,-4.252725601196289062e+00,-1.090390396118164062e+01
-1.611553955078125000e+01,-9.947835922241210938e+00,-6.548102378845214844e+00,-4.320467472076416016e+00,-1.107233142852783203e+01
-1.637804794311523438e+01,-8.463550567626953125e+00,-7.516642093658447266e+00,-4.434318065643310547e+00,-1.158513355255126953e+01
-1.690904426574707031e+01,-6.597700119018554688e+00,-6.087880134582519531e+00,-5.598954200744628906e+00,-1.242189502716064453e+01
-1.720483016967773438e+01,-6.358749389648437500e+00,-5.248081207275390625e+00,-6.290327072143554688e+00,-1.278137302398681641e+01
-1.769220161437988281e+01,-5.889587879180908203e+00,-5.242328166961669922e+00,-7.560227870941162109e+00,-1.312664127349853516e+01
-1.759157562255859375e+01,-5.871863365173339844e+00,-5.933712005615234375e+00,-7.414366722106933594e+00,-1.351590061187744141e+01
-1.650650024414062500e+01,-6.629359245300292969e+00,-6.110392570495605469e+00,-6.163538932800292969e+00,-1.219083118438720703e+01
-1.662583160400390625e+01,-6.681309700012207031e+00,-7.955056667327880859e+00,-6.315455436706542969e+00,-1.164267635345458984e+01
-1.696715164184570312e+01,-6.641447067260742188e+00,-7.414470672607421875e+00,-6.386786460876464844e+00,-1.199940395355224609e+01
-1.682684707641601562e+01,-6.025635242462158203e+00,-4.696031093597412109e+00,-7.735028266906738281e+00,-1.281772518157958984e+01
-1.607762527465820312e+01,-6.667021751403808594e+00,-4.026429176330566406e+00,-6.488698959350585938e+00,-1.218444919586181641e+01
-1.496614742279052734e+01,-6.843710899353027344e+00,-7.984878540039062500e+00,-6.023160934448242188e+00,-9.497259140014648438e+00
-1.542509365081787109e+01,-6.478327274322509766e+00,-6.515031814575195312e+00,-6.171719551086425781e+00,-1.013794517517089844e+01
-1.564942169189453125e+01,-6.293608665466308594e+00,-3.731839656829833984e+00,-5.574930191040039062e+00,-1.035781955718994141e+01
-1.552476119995117188e+01,-6.386076450347900391e+00,-3.414432287216186523e+00,-5.726529121398925781e+00,-9.216077804565429688e+00
-1.581274032592773438e+01,-6.337031364440917969e+00,-3.026008129119873047e+00,-5.626278877258300781e+00,-9.687431335449218750e+00
-1.522007179260253906e+01,-7.525222778320312500e+00,-4.668792724609375000e+00,-4.636905193328857422e+00,-9.144736289978027344e+00
-1.572541713714599609e+01,-8.864373207092285156e+00,-6.051419258117675781e+00,-4.369955539703369141e+00,-9.863573074340820312e+00
-1.478596210479736328e+01,-8.418169021606445312e+00,-6.258005619049072266e+00,-4.730225086212158203e+00,-8.704895019531250000e+00
-1.489294147491455078e+01,-1.132425212860107422e+01,-7.634411334991455078e+00,-4.522634983062744141e+00,-1.033023166656494141e+01
-1.313047885894775391e+01,-1.237251377105712891e+01,-8.698072433471679688e+00,-4.543859004974365234e+00,-8.955413818359375000e+00
-1.438159942626953125e+01,-1.202504348754882812e+01,-9.586326599121093750e+00,-4.512991428375244141e+00,-1.026694107055664062e+01
-1.501033306121826172e+01,-1.148556900024414062e+01,-9.873044967651367188e+00,-4.472590446472167969e+00,-1.061905574798583984e+01
-1.506750392913818359e+01,-1.219261360168457031e+01,-1.004845237731933594e+01,-4.580770015716552734e+00,-1.127691555023193359e+01
-1.536582183837890625e+01,-1.221225357055664062e+01,-9.234526634216308594e+00,-4.578488349914550781e+00,-1.158787250518798828e+01
-1.499412631988525391e+01,-1.211237716674804688e+01,-9.040933609008789062e+00,-4.566906452178955078e+00,-1.082981204986572266e+01
-1.513053512573242188e+01,-1.220328903198242188e+01,-8.799981117248535156e+00,-4.584885597229003906e+00,-1.080586910247802734e+01
-1.606911659240722656e+01,-1.249320602416992188e+01,-7.848830699920654297e+00,-4.592738628387451172e+00,-1.124945545196533203e+01
-1.527805233001708984e+01,-1.292000579833984375e+01,-7.969826698303222656e+00,-4.612400531768798828e+00,-1.022502803802490234e+01
-1.533227062225341797e+01,-1.289655303955078125e+01,-8.706356048583984375e+00,-4.656226158142089844e+00,-1.068372058868408203e+01
-1.505099678039550781e+01,-1.283169364929199219e+01,-9.675073623657226562e+00,-4.715248107910156250e+00,-1.038160133361816406e+01
-1.562241077423095703e+01,-1.332447052001953125e+01,-9.074308395385742188e+00,-4.635190963745117188e+00,-1.029362773895263672e+01
-1.578169536590576172e+01,-1.275206756591796875e+01,-9.522682189941406250e+00,-4.685648918151855469e+00,-1.067413234710693359e+01
-1.576337909698486328e+01,-1.291659832000732422e+01,-9.741716384887695312e+00,-4.666058063507080078e+00,-1.065476894378662109e+01
-1.585870075225830078e+01,-1.265843582153320312e+01,-1.010852050781250000e+01,-4.661710262298583984e+00,-1.062098026275634766e+01
-1.603525161743164062e+01,-1.213150596618652344e+01,-1.160867691040039062e+01,-4.635918617248535156e+00,-1.106082057952880859e+01
-1.597294902801513672e+01,-1.247711753845214844e+01,-1.121335601806640625e+01,-4.645386219024658203e+00,-1.044426822662353516e+01
-1.571384143829345703e+01,-1.239166259765625000e+01,-1.028210639953613281e+01,-4.609268188476562500e+00,-1.025263500213623047e+01
-1.577003860473632812e+01,-1.276029014587402344e+01,-1.145636177062988281e+01,-4.659148693084716797e+00,-1.087588977813720703e+01
-1.654729843139648438e+01,-1.249620437622070312e+01,-1.130872154235839844e+01,-4.627222537994384766e+00,-1.106726264953613281e+01
-1.589998054504394531e+01,-1.162631988525390625e+01,-1.059470176696777344e+01,-4.602253437042236328e+00,-1.050869083404541016e+01
-1.610450363159179688e+01,-1.158363056182861328e+01,-1.062132358551025391e+01,-4.612412929534912109e+00,-1.037455272674560547e+01
-1.654897308349609375e+01,-1.139362335205078125e+01,-1.112526321411132812e+01,-4.601483821868896484e+00,-1.059334468841552734e+01
-1.641893577575683594e+01,-1.143132591247558594e+01,-1.155162811279296875e+01,-4.649308204650878906e+00,-1.068639469146728516e+01
-1.631934165954589844e+01,-1.194887733459472656e+01,-1.140519523620605469e+01,-4.620674610137939453e+00,-1.047451305389404297e+01
-1.663670349121093750e+01,-1.133213615417480469e+01,-1.125272369384765625e+01,-4.628557682037353516e+00,-1.064967250823974609e+01
-1.629491043090820312e+01,-1.160502052307128906e+01,-1.135140991210937500e+01,-4.635363101959228516e+00,-1.085181331634521484e+01
-1.600708580017089844e+01,-1.164249038696289062e+01,-1.102275848388671875e+01,-4.661477565765380859e+00,-1.029605770111083984e+01
-1.587254333496093750e+01,-1.222990226745605469e+01,-1.196013641357421875e+01,-4.694523334503173828e+00,-1.095717334747314453e+01
-1.520581340789794922e+01,-1.295777702331542969e+01,-1.263397216796875000e+01,-4.740435123443603516e+00,-1.115695667266845703e+01
-1.543175697326660156e+01,-1.223941040039062500e+01,-1.290576362609863281e+01,-4.784052848815917969e+00,-1.173961257934570312e+01
-1.491853523254394531e+01,-1.263805961608886719e+01,-1.194169044494628906e+01,-4.739830493927001953e+00,-1.065525722503662109e+01
-1.585234165191650391e+01,-1.211143302917480469e+01,-1.205204010009765625e+01,-4.767414569854736328e+00,-1.094145107269287109e+01
-1.459501361846923828e+01,-1.264614200592041016e+01,-1.270361137390136719e+01,-4.819007873535156250e+00,-1.041832828521728516e+01
-1.508095645904541016e+01,-1.239115715026855469e+01,-1.272678756713867188e+01,-4.803841590881347656e+00,-1.092090892791748047e+01
-1.496365642547607422e+01,-1.251178169250488281e+01,-1.264330863952636719e+01,-4.822057723999023438e+00,-1.038303089141845703e+01
-1.555021381378173828e+01,-1.257954978942871094e+01,-1.247015571594238281e+01,-4.757809638977050781e+00,-1.071914768218994141e+01
-1.508226299285888672e+01,-1.260923004150390625e+01,-1.322932052612304688e+01,-4.778506755828857422e+00,-1.048103237152099609e+01
-1.489447116851806641e+01,-1.291487693786621094e+01,-1.341545486450195312e+01,-4.741033554077148438e+00,-1.014385986328125000e+01
-1.566562938690185547e+01,-1.229085063934326172e+01,-1.188576507568359375e+01,-4.698927402496337891e+00,-1.037633419036865234e+01
-1.597139453887939453e+01,-1.248263645172119141e+01,-1.199210357666015625e+01,-4.726438999176025391e+00,-1.092916965484619141e+01
-1.517824459075927734e+01,-1.301506614685058594e+01,-1.304206657409667969e+01,-4.737994670867919922e+00,-1.067265796661376953e+01
-1.472966957092285156e+01,-1.234124755859375000e+01,-1.267879867553710938e+01,-4.739987373352050781e+00,-1.086689662933349609e+01
-1.445146274566650391e+01,-1.315679836273193359e+01,-1.252976799011230469e+01,-4.755775928497314453e+00,-9.734341621398925781e+00
-1.411095714569091797e+01,-1.237433242797851562e+01,-1.315543365478515625e+01,-4.765240669250488281e+00,-9.709794998168945312e+00
-1.375962352752685547e+01,-1.052905654907226562e+01,-1.365703773498535156e+01,-4.666654586791992188e+00,-9.152740478515625000e+00
-1.323236656188964844e+01,-1.167153739929199219e+01,-1.235237884521484375e+01,-4.718634128570556641e+00,-8.002311706542968750e+00
-1.392499160766601562e+01,-1.195754432678222656e+01,-1.187731170654296875e+01,-4.701765060424804688e+00,-9.121408462524414062e+00
-1.469190502166748047e+01,-1.209735107421875000e+01,-1.233815765380859375e+01,-4.661689281463623047e+00,-1.040379810333251953e+01
-1.486204147338867188e+01,-1.300034332275390625e+01,-1.166031074523925781e+01,-4.642023086547851562e+00,-9.681535720825195312e+00
-1.455317306518554688e+01,-1.316382217407226562e+01,-9.998929977416992188e+00,-4.612608432769775391e+00,-1.007975387573242188e+01
-1.438185119628906250e+01,-1.268606567382812500e+01,-1.096538925170898438e+01,-4.596239089965820312e+00,-9.212247848510742188e+00
-1.417410087585449219e+01,-1.125358772277832031e+01,-8.004666328430175781e+00,-4.490422725677490234e+00,-9.568579673767089844e+00
-1.351148891448974609e+01,-1.139335060119628906e+01,-6.351835250854492188e+00,-4.503828525543212891e+00,-9.666990280151367188e+00
-1.352858924865722656e+01,-1.043074703216552734e+01,-5.506539821624755859e+00,-4.562724590301513672e+00,-1.000614547729492188e+01
-1.441189098358154297e+01,-9.155455589294433594e+00,-5.391463279724121094e+00,-4.719779491424560547e+00,-1.042153453826904297e+01
-1.484542942047119141e+01,-8.999467849731445312e+00,-5.577629089355468750e+00,-4.822221755981445312e+00,-1.069826793670654297e+01
-1.454551601409912109e+01,-7.962174415588378906e+00,-4.045164585113525391e+00,-5.117477416992187500e+00,-1.040743541717529297e+01
-1.558833408355712891e+01,-7.376189708709716797e+00,-6.224797248840332031e+00,-5.509244918823242188e+00,-1.044965267181396484e+01
-1.630817794799804688e+01,-6.378908634185791016e+00,-6.326109409332275391e+00,-6.645092010498046875e+00,-1.043298149108886719e+01
-1.461287021636962891e+01,-7.765399932861328125e+00,-3.742038965225219727e+00,-5.789861679077148438e+00,-9.580517768859863281e+00
-1.490598392486572266e+01,-7.043439865112304688e+00,-4.213748455047607422e+00,-6.413149833679199219e+00,-1.014341354370117188e+01
-1.486329364776611328e+01,-6.401232242584228516e+00,-5.562270164489746094e+00,-7.186896324157714844e+00,-1.049804401397705078e+01
-1.499632930755615234e+01,-6.726316452026367188e+00,-4.218416690826416016e+00,-6.754566192626953125e+00,-1.022165775299072266e+01
-1.533783817291259766e+01,-6.292281627655029297e+00,-4.772095680236816406e+00,-6.471274375915527344e+00,-9.383548736572265625e+00
-1.635582923889160156e+01,-5.870730400085449219e+00,-7.629329204559326172e+00,-7.141340255737304688e+00,-1.012553882598876953e+01
-1.652703094482421875e+01,-5.922877311706542969e+00,-7.760838985443115234e+00,-6.915159225463867188e+00,-9.249705314636230469e+00
-1.740027618408203125e+01,-5.661965847015380859e+00,-8.288745880126953125e+00,-8.474033355712890625e+00,-9.152586936950683594e+00
-1.622163391113281250e+01,-5.779919624328613281e+00,-6.817192077636718750e+00,-7.147316932678222656e+00,-7.491441726684570312e+00
-1.753018569946289062e+01,-5.797631263732910156e+00,-9.626805305480957031e+00,-7.730131149291992188e+00,-9.600420951843261719e+00
-1.632713317871093750e+01,-5.953294277191162109e+00,-8.263196945190429688e+00,-7.143676280975341797e+00,-8.668906211853027344e+00
-1.732630348205566406e+01,-5.633940696716308594e+00,-8.612434387207031250e+00,-8.558057785034179688e+00,-9.635210037231445312e+00
-1.789434432983398438e+01,-5.733584880828857422e+00,-9.415414810180664062e+00,-6.885280609130859375e+00,-1.074432086944580078e+01
-1.772720336914062500e+01,-5.765536308288574219e+00,-9.771436691284179688e+00,-6.465490341186523438e+00,-1.091910076141357422e+01
-1.848011016845703125e+01,-5.617409229278564453e+00,-8.821069717407226562e+00,-8.243614196777343750e+00,-1.064720344543457031e+01
-1.852412223815917969e+01,-5.656201362609863281e+00,-9.503559112548828125e+00,-9.291768074035644531e+00,-1.012823772430419922e+01
-1.829300498962402344e+01,-5.622963905334472656e+00,-9.083736419677734375e+00,-9.913890838623046875e+00,-9.677922248840332031e+00
-1.778450584411621094e+01,-5.612113952636718750e+00,-9.110066413879394531e+00,-9.321901321411132812e+00,-9.139244079589843750e+00
-1.897744750976562500e+01,-5.679580688476562500e+00,-1.040276908874511719e+01,-9.357183456420898438e+00,-1.164782524108886719e+01
-1.871559906005859375e+01,-5.703536987304687500e+00,-1.011125755310058594e+01,-9.405562400817871094e+00,-1.112465763092041016e+01
-1.836191177368164062e+01,-5.679000854492187500e+00,-9.919982910156250000e+00,-1.064335536956787109e+01,-1.053737735748291016e+01
-1.911970329284667969e+01,-5.693495750427246094e+00,-9.330871582031250000e+00,-1.030402183532714844e+01,-1.147748470306396484e+01
-1.828699493408203125e+01,-5.683191299438476562e+00,-9.193019866943359375e+00,-9.431890487670898438e+00,-9.736721038818359375e+00
-1.831870079040527344e+01,-5.618692874908447266e+00,-8.805049896240234375e+00,-1.008097267150878906e+01,-9.705802917480468750e+00
-1.796752929687500000e+01,-5.608456611633300781e+00,-9.123414039611816406e+00,-9.173669815063476562e+00,-9.446818351745605469e+00
-1.755960464477539062e+01,-5.605687618255615234e+00,-8.545949935913085938e+00,-8.718597412109375000e+00,-8.204360961914062500e+00
-1.805129814147949219e+01,-5.650874614715576172e+00,-9.349330902099609375e+00,-9.346734046936035156e+00,-8.663434982299804688e+00
-1.853233528137207031e+01,-5.695013999938964844e+00,-1.035266304016113281e+01,-1.013819122314453125e+01,-1.044464206695556641e+01
-1.771865081787109375e+01,-5.725092411041259766e+00,-1.077211570739746094e+01,-8.024515151977539062e+00,-9.500269889831542969e+00
-1.809235763549804688e+01,-5.628403663635253906e+00,-9.062635421752929688e+00,-9.453441619873046875e+00,-9.087964057922363281e+00
-1.826902580261230469e+01,-5.633898735046386719e+00,-8.536756515502929688e+00,-9.575846672058105469e+00,-9.359761238098144531e+00
-1.826745796203613281e+01,-5.570409297943115234e+00,-7.432209014892578125e+00,-1.017524719238281250e+01,-9.564043998718261719e+00
-1.786264801025390625e+01,-5.596804618835449219e+00,-7.068665981292724609e+00,-9.916744232177734375e+00,-9.012750625610351562e+00
-1.776574897766113281e+01,-5.579494476318359375e+00,-7.161232471466064453e+00,-9.557361602783203125e+00,-8.811091423034667969e+00
-1.756079101562500000e+01,-5.613691329956054688e+00,-7.124116897583007812e+00,-8.989109039306640625e+00,-8.077779769897460938e+00
-1.808637046813964844e+01,-5.667776107788085938e+00,-7.381270885467529297e+00,-8.749402046203613281e+00,-8.944863319396972656e+00
-1.751361656188964844e+01,-5.621684074401855469e+00,-7.056115150451660156e+00,-7.968247890472412109e+00,-7.911561012268066406e+00
-1.793388938903808594e+01,-5.615236282348632812e+00,-8.089002609252929688e+00,-8.997516632080078125e+00,-8.405290603637695312e+00
-1.779821777343750000e+01,-5.600737571716308594e+00,-8.170707702636718750e+00,-9.901547431945800781e+00,-8.650347709655761719e+00
-1.817370986938476562e+01,-5.625985145568847656e+00,-8.758295059204101562e+00,-9.832114219665527344e+00,-1.024038028717041016e+01
-1.780252838134765625e+01,-5.647650241851806641e+00,-7.485282421112060547e+00,-8.655981063842773438e+00,-8.422654151916503906e+00
-1.760796546936035156e+01,-5.706737995147705078e+00,-6.780855178833007812e+00,-7.567156314849853516e+00,-7.908246040344238281e+00
-1.765968132019042969e+01,-5.676751136779785156e+00,-6.637818336486816406e+00,-8.057596206665039062e+00,-7.942747592926025391e+00
-1.765248870849609375e+01,-5.599338531494140625e+00,-6.437579631805419922e+00,-9.624048233032226562e+00,-7.880827903747558594e+00
-1.723770141601562500e+01,-5.580615043640136719e+00,-7.585561752319335938e+00,-9.226795196533203125e+00,-7.624361038208007812e+00
-1.746838760375976562e+01,-5.614460945129394531e+00,-7.568051815032958984e+00,-1.028837203979492188e+01,-8.141208648681640625e+00
-1.696066093444824219e+01,-5.598947048187255859e+00,-6.781937599182128906e+00,-9.485369682312011719e+00,-7.582370758056640625e+00
-1.712391281127929688e+01,-5.567387580871582031e+00,-6.514960765838623047e+00,-8.527791976928710938e+00,-7.006978988647460938e+00
-1.697486305236816406e+01,-5.515787124633789062e+00,-7.079189300537109375e+00,-9.827396392822265625e+00,-7.036225318908691406e+00
-1.764227294921875000e+01,-5.568180084228515625e+00,-7.746530055999755859e+00,-1.012130165100097656e+01,-8.508317947387695312e+00
-1.709856414794921875e+01,-5.539661407470703125e+00,-6.510677337646484375e+00,-9.445110321044921875e+00,-7.273931980133056641e+00
-1.739583778381347656e+01,-5.608257770538330078e+00,-7.319686889648437500e+00,-8.991811752319335938e+00,-7.470481872558593750e+00
-1.679592895507812500e+01,-5.548215389251708984e+00,-6.899229049682617188e+00,-9.561438560485839844e+00,-6.392634868621826172e+00
-1.646758460998535156e+01,-5.574135780334472656e+00,-6.828821182250976562e+00,-9.685445785522460938e+00,-6.074633121490478516e+00
-1.566873550415039062e+01,-5.507503509521484375e+00,-7.285740375518798828e+00,-9.850444793701171875e+00,-4.850815773010253906e+00
-1.653926849365234375e+01,-5.535646438598632812e+00,-8.064258575439453125e+00,-9.814942359924316406e+00,-6.164046287536621094e+00
-1.617590141296386719e+01,-5.478332519531250000e+00,-7.458092212677001953e+00,-9.432813644409179688e+00,-5.332624435424804688e+00
-1.628543663024902344e+01,-5.551073074340820312e+00,-7.436872005462646484e+00,-8.659152984619140625e+00,-5.571322917938232422e+00
-1.601700592041015625e+01,-5.487325668334960938e+00,-6.875400543212890625e+00,-9.146795272827148438e+00,-5.060335159301757812e+00
-1.616013336181640625e+01,-5.477692127227783203e+00,-7.229315757751464844e+00,-8.873243331909179688e+00,-5.258291244506835938e+00
-1.642756080627441406e+01,-5.540363788604736328e+00,-7.473446846008300781e+00,-8.422728538513183594e+00,-5.065220832824707031e+00
-1.595580577850341797e+01,-5.538890838623046875e+00,-7.637853145599365234e+00,-8.066492080688476562e+00,-4.713712692260742188e+00
-1.575794219970703125e+01,-5.586751937866210938e+00,-7.687366962432861328e+00,-7.840023994445800781e+00,-4.225626945495605469e+00
-1.575592613220214844e+01,-5.742877960205078125e+00,-7.855472087860107422e+00,-6.854460716247558594e+00,-4.634438991546630859e+00
-1.578979778289794922e+01,-5.805521965026855469e+00,-8.028987884521484375e+00,-6.228958129882812500e+00,-5.489264965057373047e+00
-1.629088592529296875e+01,-5.657480239868164062e+00,-7.672866821289062500e+00,-7.068663120269775391e+00,-6.022275924682617188e+00
-1.642809486389160156e+01,-5.726316928863525391e+00,-7.626579761505126953e+00,-6.566631793975830078e+00,-6.332774162292480469e+00
-1.579830265045166016e+01,-5.794849872589111328e+00,-8.437142372131347656e+00,-7.239813804626464844e+00,-5.856313705444335938e+00
-1.655233192443847656e+01,-5.765375614166259766e+00,-6.887631893157958984e+00,-7.039283752441406250e+00,-6.748324871063232422e+00
-1.645693588256835938e+01,-5.730558395385742188e+00,-7.168702125549316406e+00,-6.961693763732910156e+00,-5.890288352966308594e+00
-1.572929668426513672e+01,-5.615703582763671875e+00,-6.957339286804199219e+00,-7.338433742523193359e+00,-4.349588871002197266e+00
-1.537320518493652344e+01,-5.593497276306152344e+00,-6.838870048522949219e+00,-7.894663810729980469e+00,-4.127371311187744141e+00
-1.565657520294189453e+01,-5.634163379669189453e+00,-5.873509407043457031e+00,-7.708721160888671875e+00,-4.623438835144042969e+00
-1.613670921325683594e+01,-5.547886848449707031e+00,-6.328687667846679688e+00,-8.436789512634277344e+00,-5.892436027526855469e+00
-1.609152030944824219e+01,-5.607553958892822266e+00,-6.223479270935058594e+00,-8.233670234680175781e+00,-6.319811344146728516e+00
-1.602566146850585938e+01,-5.553081512451171875e+00,-6.060400962829589844e+00,-8.989676475524902344e+00,-6.113177299499511719e+00
-1.633916091918945312e+01,-5.535438537597656250e+00,-5.503632545471191406e+00,-9.548010826110839844e+00,-6.883447647094726562e+00
-1.569325351715087891e+01,-5.687333106994628906e+00,-6.123829841613769531e+00,-8.689479827880859375e+00,-6.017507553100585938e+00
-1.635581207275390625e+01,-5.600438117980957031e+00,-6.015163898468017578e+00,-8.667800903320312500e+00,-6.516170978546142578e+00
-1.537141132354736328e+01,-5.746579170227050781e+00,-5.097465991973876953e+00,-7.755109786987304688e+00,-5.256731986999511719e+00
-1.644730758666992188e+01,-5.603590011596679688e+00,-5.449469566345214844e+00,-9.875935554504394531e+00,-7.432259559631347656e+00
-1.575921916961669922e+01,-5.527490615844726562e+00,-5.355701446533203125e+00,-9.267770767211914062e+00,-6.348406314849853516e+00
-1.242218303680419922e+01,-5.616142272949218750e+00,-4.855906486511230469e+00,-8.148701667785644531e+00,-2.378307342529296875e+00
-1.553337478637695312e+01,-5.545173645019531250e+00,-5.442491531372070312e+00,-9.955884933471679688e+00,-6.902966976165771484e+00
-1.242058372497558594e+01,-5.616212844848632812e+00,-4.855029106140136719e+00,-8.149271011352539062e+00,-2.376697063446044922e+00
-1.517865848541259766e+01,-5.538397789001464844e+00,-3.938286066055297852e+00,-8.765069961547851562e+00,-6.198988914489746094e+00
-1.243230724334716797e+01,-5.615632057189941406e+00,-4.860170364379882812e+00,-8.146316528320312500e+00,-2.387921333312988281e+00
-1.552282905578613281e+01,-5.526168823242187500e+00,-5.020943641662597656e+00,-8.772418975830078125e+00,-6.414609909057617188e+00
-1.611508178710937500e+01,-5.565710067749023438e+00,-4.858008384704589844e+00,-1.046188735961914062e+01,-8.453043937683105469e+00
-1.580060100555419922e+01,-5.564726352691650391e+00,-3.965886116027832031e+00,-1.083788394927978516e+01,-7.588848590850830078e+00
-1.588624858856201172e+01,-5.614655971527099609e+00,-4.631866455078125000e+00,-1.075077342987060547e+01,-8.108057975769042969e+00
-1.574345302581787109e+01,-5.562667369842529297e+00,-4.491735458374023438e+00,-1.016631317138671875e+01,-8.242640495300292969e+00
-1.267434978485107422e+01,-5.843873023986816406e+00,-3.647620677947998047e+00,-7.838111877441406250e+00,-5.259748935699462891e+00
-1.227780303452163935e-04,-1.040745162963867188e+01,-5.695743083953857422e+00,-6.184428691864013672e+00,-2.219799995422363281e+00
