-1.152450275421142578e+01,-5.437168121337890625e+00,-8.674316406250000000e+00,-1.411369323730468750e+01,-7.677083969116210938e+00
-1.177531623840332031e+01,-5.480491638183593750e+00,-8.361454963684082031e+00,-1.370130634307861328e+01,-8.813144683837890625e+00
-1.059037685394287109e+01,-5.507964134216308594e+00,-8.764226913452148438e+00,-1.191918277740478516e+01,-7.311247825622558594e+00
-6.787768840789794922e+00,-5.690402030944824219e+00,-6.898424148559570312e+00,-9.735355377197265625e+00,-5.360278129577636719e+00
-1.166669559478759766e+01,-5.474284172058105469e+00,-8.887449264526367188e+00,-1.339139652252197266e+01,-8.543733596801757812e+00
-6.774283409118652344e+00,-5.692693710327148438e+00,-6.856868743896484375e+00,-9.763868331909179688e+00,-5.372538566589355469e+00
-1.134778404235839844e+01,-5.635084152221679688e+00,-1.344193077087402344e+01,-1.485130882263183594e+01,-9.964535713195800781e+00
-1.189306354522705078e+01,-5.606763839721679688e+00,-1.331532669067382812e+01,-1.359652996063232422e+01,-1.028434944152832031e+01
-1.177803516387939453e+01,-5.616071701049804688e+00,-1.414721679687500000e+01,-1.303128814697265625e+01,-9.976342201232910156e+00
-1.207707214355468750e+01,-5.576837539672851562e+00,-1.511891174316406250e+01,-1.160516929626464844e+01,-1.095632553100585938e+01
-1.020982170104980469e+01,-5.671718120574951172e+00,-1.153237533569335938e+01,-8.138618469238281250e+00,-8.052001953125000000e+00
-9.723942756652832031e+00,-6.364686012268066406e+00,-6.809656143188476562e+00,-8.380269050598144531e+00,-7.083768844604492188e+00
-6.771380901336669922e+00,-5.693425178527832031e+00,-6.848415851593017578e+00,-9.769285202026367188e+00,-5.374163150787353516e+00
-1.174652767181396484e+01,-5.637713909149169922e+00,-8.823621749877929688e+00,-1.162033843994140625e+01,-1.150633621215820312e+01
-1.133982372283935547e+01,-5.712713241577148438e+00,-9.122247695922851562e+00,-1.198590946197509766e+01,-1.144473743438720703e+01
-9.433281898498535156e+00,-5.767422676086425781e+00,-7.907218456268310547e+00,-1.184563636779785156e+01,-8.127731323242187500e+00
-9.354938507080078125e+00,-6.121113777160644531e+00,-5.962657928466796875e+00,-1.223596572875976562e+01,-7.907548427581787109e+00
-9.967818260192871094e+00,-5.746737480163574219e+00,-6.745765209197998047e+00,-1.353939628601074219e+01,-9.024486541748046875e+00
-1.184261798858642578e+01,-5.513313293457031250e+00,-1.189218616485595703e+01,-1.248036003112792969e+01,-1.004677486419677734e+01
-6.771666526794433594e+00,-5.693197250366210938e+00,-6.853199958801269531e+00,-9.761704444885253906e+00,-5.372096061706542969e+00
-1.206897544860839844e+01,-5.622055053710937500e+00,-1.222911643981933594e+01,-1.059048557281494141e+01,-9.817712783813476562e+00
-1.063572597503662109e+01,-5.808369636535644531e+00,-1.069567298889160156e+01,-7.867683410644531250e+00,-8.618312835693359375e+00
-1.135684013366699219e+01,-5.878083705902099609e+00,-8.940900802612304688e+00,-8.200236320495605469e+00,-1.024310588836669922e+01
-6.791055679321289062e+00,-5.689764976501464844e+00,-6.920432090759277344e+00,-9.715293884277343750e+00,-5.356084823608398438e+00
-1.077229595184326172e+01,-5.852075576782226562e+00,-8.430612564086914062e+00,-1.213014793395996094e+01,-9.656006813049316406e+00
-8.885056495666503906e+00,-6.667963027954101562e+00,-6.122519493103027344e+00,-1.140361595153808594e+01,-6.353836059570312500e+00
-9.484540939331054688e+00,-6.585559844970703125e+00,-6.026917457580566406e+00,-1.137609195709228516e+01,-7.433452606201171875e+00
-1.078493309020996094e+01,-5.626673698425292969e+00,-9.250865936279296875e+00,-1.363028526306152344e+01,-9.799208641052246094e+00
-1.437480545043945312e+01,-5.698194503784179688e+00,-1.723448371887207031e+01,-1.480234336853027344e+01,-1.642693138122558594e+01
-1.541828060150146484e+01,-5.691781044006347656e+00,-1.631955528259277344e+01,-1.493262672424316406e+01,-1.692927742004394531e+01
-1.477870845794677734e+01,-5.672270774841308594e+00,-1.668019866943359375e+01,-1.522854328155517578e+01,-1.540613842010498047e+01
-1.406088256835937500e+01,-5.644633293151855469e+00,-1.718345832824707031e+01,-1.439033317565917969e+01,-1.377906417846679688e+01
-1.336816310882568359e+01,-5.608633995056152344e+00,-1.748116302490234375e+01,-1.416908740997314453e+01,-1.291840934753417969e+01
-6.772608757019042969e+00,-5.692574501037597656e+00,-6.857379913330078125e+00,-9.760875701904296875e+00,-5.372606754302978516e+00
-1.267569255828857422e+01,-5.615447044372558594e+00,-1.656262779235839844e+01,-1.310174655914306641e+01,-1.142083168029785156e+01
-1.283169841766357422e+01,-5.576736927032470703e+00,-1.592177581787109375e+01,-1.237850379943847656e+01,-1.214422321319580078e+01
-6.779750823974609375e+00,-5.690656661987304688e+00,-6.897649765014648438e+00,-9.724372863769531250e+00,-5.360319137573242188e+00
-1.454682064056396484e+01,-5.611755371093750000e+00,-1.456895446777343750e+01,-1.395002365112304688e+01,-1.417776584625244141e+01
-1.345947837829589844e+01,-5.617008209228515625e+00,-1.371788978576660156e+01,-1.384490680694580078e+01,-1.262062358856201172e+01
-1.442204761505126953e+01,-5.629194259643554688e+00,-1.472365760803222656e+01,-1.410171699523925781e+01,-1.345854854583740234e+01
-1.558929252624511719e+01,-5.627511978149414062e+00,-1.457421493530273438e+01,-1.473540973663330078e+01,-1.561634445190429688e+01
-1.474508666992187500e+01,-5.602371215820312500e+00,-1.418697166442871094e+01,-1.418610477447509766e+01,-1.441558170318603516e+01
-1.469956779479980469e+01,-5.585603713989257812e+00,-1.339433097839355469e+01,-1.366745758056640625e+01,-1.487793350219726562e+01
-1.441434955596923828e+01,-5.631465911865234375e+00,-1.277524566650390625e+01,-1.394591522216796875e+01,-1.475072479248046875e+01
-1.087593841552734375e+01,-5.700037956237792969e+00,-5.927030086517333984e+00,-1.317268180847167969e+01,-9.936866760253906250e+00
-1.365639305114746094e+01,-5.637734413146972656e+00,-1.451688957214355469e+01,-1.586411571502685547e+01,-1.315093803405761719e+01
-1.370416355133056641e+01,-5.574798583984375000e+00,-1.433628654479980469e+01,-1.519268035888671875e+01,-1.210651874542236328e+01
-6.771918773651123047e+00,-5.692945480346679688e+00,-6.850595951080322266e+00,-9.770441055297851562e+00,-5.375347137451171875e+00
-1.375727939605712891e+01,-5.548470497131347656e+00,-8.935119628906250000e+00,-1.276749992370605469e+01,-1.136723899841308594e+01
-6.780114173889160156e+00,-5.690408706665039062e+00,-6.885687828063964844e+00,-9.754990577697753906e+00,-5.368666172027587891e+00
-1.524416923522949219e+01,-5.557428359985351562e+00,-9.671379089355468750e+00,-1.413620376586914062e+01,-1.327970027923583984e+01
-1.574063396453857422e+01,-5.583436965942382812e+00,-1.050688171386718750e+01,-1.496730232238769531e+01,-1.443403148651123047e+01
-1.628399085998535156e+01,-5.578445434570312500e+00,-1.027823448181152344e+01,-1.517563915252685547e+01,-1.535547447204589844e+01
-1.631953048706054688e+01,-5.531878471374511719e+00,-1.018183422088623047e+01,-1.525265502929687500e+01,-1.546078300476074219e+01
-1.576269817352294922e+01,-5.450096130371093750e+00,-1.040282440185546875e+01,-1.524042510986328125e+01,-1.443079471588134766e+01
-6.776232719421386719e+00,-5.692270278930664062e+00,-6.858827590942382812e+00,-9.761680603027343750e+00,-5.373587608337402344e+00
-1.617092514038085938e+01,-5.554176807403564453e+00,-8.079408645629882812e+00,-1.524089145660400391e+01,-1.510961532592773438e+01
-6.774117469787597656e+00,-5.692695617675781250e+00,-6.852876663208007812e+00,-9.766288757324218750e+00,-5.375120639801025391e+00
-1.571499347686767578e+01,-5.595111846923828125e+00,-7.538477897644042969e+00,-1.507998657226562500e+01,-1.364904403686523438e+01
-1.537651157379150391e+01,-5.634470939636230469e+00,-7.283771514892578125e+00,-1.420459747314453125e+01,-1.227509880065917969e+01
-1.510703659057617188e+01,-5.484170913696289062e+00,-8.046647071838378906e+00,-1.442499065399169922e+01,-1.223868274688720703e+01
-1.575613403320312500e+01,-5.427189826965332031e+00,-8.994084358215332031e+00,-1.538573741912841797e+01,-1.393451213836669922e+01
-1.603150367736816406e+01,-5.554058074951171875e+00,-8.268849372863769531e+00,-1.527875900268554688e+01,-1.444032287597656250e+01
-1.572173595428466797e+01,-5.602238655090332031e+00,-7.823159694671630859e+00,-1.514924526214599609e+01,-1.396297931671142578e+01
-1.657841682434082031e+01,-5.503384590148925781e+00,-9.091424942016601562e+00,-1.553369998931884766e+01,-1.533420562744140625e+01
-1.668143463134765625e+01,-5.445474624633789062e+00,-1.045823669433593750e+01,-1.550642204284667969e+01,-1.576003074645996094e+01
-1.706684494018554688e+01,-5.449414253234863281e+00,-1.095147991180419922e+01,-1.562873744964599609e+01,-1.636296463012695312e+01
-1.736964797973632812e+01,-5.459892272949218750e+00,-1.137894916534423828e+01,-1.578492355346679688e+01,-1.736522865295410156e+01
-1.720919990539550781e+01,-5.482717514038085938e+00,-1.093748283386230469e+01,-1.600201034545898438e+01,-1.728812789916992188e+01
-1.795753097534179688e+01,-5.469405174255371094e+00,-1.090086364746093750e+01,-1.613125228881835938e+01,-1.774976348876953125e+01
-1.613959884643554688e+01,-5.479515075683593750e+00,-9.283264160156250000e+00,-1.511429405212402344e+01,-1.417453384399414062e+01
-1.596224498748779297e+01,-5.495871543884277344e+00,-9.157501220703125000e+00,-1.483327865600585938e+01,-1.353669834136962891e+01
-6.800271034240722656e+00,-5.687636375427246094e+00,-6.911813259124755859e+00,-9.703882217407226562e+00,-5.368499279022216797e+00
-1.687857246398925781e+01,-5.409324645996093750e+00,-1.053749656677246094e+01,-1.517715263366699219e+01,-1.570939254760742188e+01
-1.650719642639160156e+01,-5.477759361267089844e+00,-8.716705322265625000e+00,-1.493747711181640625e+01,-1.519911098480224609e+01
-1.654228973388671875e+01,-5.569425582885742188e+00,-7.790684223175048828e+00,-1.463701629638671875e+01,-1.495115566253662109e+01
-1.703150939941406250e+01,-5.584618091583251953e+00,-7.677216529846191406e+00,-1.533833885192871094e+01,-1.624333572387695312e+01
-1.695449066162109375e+01,-5.624532699584960938e+00,-7.423243522644042969e+00,-1.515758609771728516e+01,-1.601758193969726562e+01
-1.689686584472656250e+01,-5.525984764099121094e+00,-8.388200759887695312e+00,-1.465825462341308594e+01,-1.579540824890136719e+01
-1.762396240234375000e+01,-5.536289215087890625e+00,-9.192454338073730469e+00,-1.448329830169677734e+01,-1.725075912475585938e+01
-1.579151153564453125e+01,-5.677264690399169922e+00,-7.024116992950439453e+00,-1.366498184204101562e+01,-1.514716815948486328e+01
-1.530582618713378906e+01,-5.666876792907714844e+00,-6.998604297637939453e+00,-1.471587753295898438e+01,-1.266071414947509766e+01
-1.497352886199951172e+01,-5.740683078765869141e+00,-7.132491111755371094e+00,-1.414801979064941406e+01,-1.146407890319824219e+01
-1.554325199127197266e+01,-5.744807720184326172e+00,-6.937016487121582031e+00,-1.445284748077392578e+01,-1.341760921478271484e+01
-1.556315517425537109e+01,-5.561763763427734375e+00,-7.685628890991210938e+00,-1.362025451660156250e+01,-1.394405841827392578e+01
-1.418672275543212891e+01,-5.825396537780761719e+00,-5.907261848449707031e+00,-1.268614292144775391e+01,-1.299974441528320312e+01
-1.436706829071044922e+01,-5.902194023132324219e+00,-6.214231967926025391e+00,-1.258339500427246094e+01,-1.435016918182373047e+01
-1.370934772491455078e+01,-5.985658645629882812e+00,-6.516885280609130859e+00,-1.267460727691650391e+01,-1.439228534698486328e+01
-1.336163616180419922e+01,-6.040149688720703125e+00,-6.867878913879394531e+00,-1.279430389404296875e+01,-1.496924877166748047e+01
-1.075421142578125000e+01,-6.588794708251953125e+00,-4.916408538818359375e+00,-1.144843673706054688e+01,-1.099611091613769531e+01
-1.013825607299804688e+01,-5.662005424499511719e+00,-6.332523345947265625e+00,-1.038104343414306641e+01,-1.098293113708496094e+01
-1.508593273162841797e+01,-5.699413299560546875e+00,-1.417595291137695312e+01,-1.594161987304687500e+01,-1.448202610015869141e+01
-1.645067596435546875e+01,-5.642384529113769531e+00,-1.374916076660156250e+01,-1.489177894592285156e+01,-1.666937446594238281e+01
-1.660673522949218750e+01,-5.587975502014160156e+00,-1.184779167175292969e+01,-1.440130996704101562e+01,-1.716240310668945312e+01
-1.622055625915527344e+01,-5.591532707214355469e+00,-1.165177536010742188e+01,-1.521978664398193359e+01,-1.708292770385742188e+01
-1.614203453063964844e+01,-5.627566337585449219e+00,-1.132888221740722656e+01,-1.550747394561767578e+01,-1.745100784301757812e+01
-1.612482833862304688e+01,-5.627696990966796875e+00,-1.170515537261962891e+01,-1.530379581451416016e+01,-1.786143112182617188e+01
-1.614020156860351562e+01,-5.626537322998046875e+00,-1.161915588378906250e+01,-1.571738243103027344e+01,-1.809638404846191406e+01
-1.580060100555419922e+01,-5.656194686889648438e+00,-1.101319313049316406e+01,-1.564882087707519531e+01,-1.766717529296875000e+01
-1.572731971740722656e+01,-5.639103412628173828e+00,-1.159665870666503906e+01,-1.580605220794677734e+01,-1.744798088073730469e+01
-1.520682716369628906e+01,-5.629615306854248047e+00,-1.191436576843261719e+01,-1.615064811706542969e+01,-1.687821006774902344e+01
-1.485026264190673828e+01,-5.659890651702880859e+00,-1.224212455749511719e+01,-1.566814231872558594e+01,-1.707452011108398438e+01
-1.530078411102294922e+01,-5.644110679626464844e+00,-1.184598541259765625e+01,-1.532731819152832031e+01,-1.760853576660156250e+01
-1.563827991485595703e+01,-5.627881050109863281e+00,-1.264142608642578125e+01,-1.536640930175781250e+01,-1.778609848022460938e+01
-1.594891262054443359e+01,-5.595278263092041016e+00,-1.263030815124511719e+01,-1.571819782257080078e+01,-1.874578285217285156e+01
-1.536664676666259766e+01,-5.600196838378906250e+00,-1.310684204101562500e+01,-1.589536285400390625e+01,-1.835889434814453125e+01
-1.615105247497558594e+01,-5.595270156860351562e+00,-1.261711502075195312e+01,-1.630264282226562500e+01,-1.888567161560058594e+01
-1.592867469787597656e+01,-5.567716598510742188e+00,-1.277499008178710938e+01,-1.638879394531250000e+01,-1.848337554931640625e+01
-1.614898109436035156e+01,-5.587732315063476562e+00,-1.290097045898437500e+01,-1.661383628845214844e+01,-1.824323654174804688e+01
-1.683143424987792969e+01,-5.578282356262207031e+00,-1.316360282897949219e+01,-1.651934051513671875e+01,-1.905560111999511719e+01
-1.736735725402832031e+01,-5.573049545288085938e+00,-1.355497360229492188e+01,-1.658605003356933594e+01,-1.951087570190429688e+01
-1.691614532470703125e+01,-5.570508956909179688e+00,-1.371596717834472656e+01,-1.639854812622070312e+01,-1.912783432006835938e+01
-1.688587951660156250e+01,-5.561837196350097656e+00,-1.420118713378906250e+01,-1.634355163574218750e+01,-1.905595970153808594e+01
-1.709005737304687500e+01,-5.557115554809570312e+00,-1.404174995422363281e+01,-1.627972412109375000e+01,-1.882716560363769531e+01
-1.658798027038574219e+01,-5.535792350769042969e+00,-1.398991012573242188e+01,-1.587738227844238281e+01,-1.811189270019531250e+01
-1.722370529174804688e+01,-5.560553550720214844e+00,-1.407226753234863281e+01,-1.590063095092773438e+01,-1.915078735351562500e+01
-1.717378616333007812e+01,-5.559610843658447266e+00,-1.483727455139160156e+01,-1.581071186065673828e+01,-1.930313682556152344e+01
-1.723325347900390625e+01,-5.573394775390625000e+00,-1.435949134826660156e+01,-1.559303283691406250e+01,-1.939204788208007812e+01
-1.696705627441406250e+01,-5.525309085845947266e+00,-1.467203330993652344e+01,-1.561939239501953125e+01,-1.948446655273437500e+01
-1.702168655395507812e+01,-5.547903060913085938e+00,-1.499010848999023438e+01,-1.536154937744140625e+01,-1.974901962280273438e+01
-1.651634979248046875e+01,-5.550508022308349609e+00,-1.532120895385742188e+01,-1.502502155303955078e+01,-1.977644348144531250e+01
-1.607823181152343750e+01,-5.558359146118164062e+00,-1.444208145141601562e+01,-1.443044376373291016e+01,-1.900625991821289062e+01
-1.537301921844482422e+01,-5.579183578491210938e+00,-1.391194152832031250e+01,-1.334669876098632812e+01,-1.796832275390625000e+01
-1.593471431732177734e+01,-5.643896102905273438e+00,-1.291905593872070312e+01,-1.348823738098144531e+01,-1.775138854980468750e+01
-1.666476821899414062e+01,-5.663213729858398438e+00,-1.188691329956054688e+01,-1.369792079925537109e+01,-1.741577911376953125e+01
-1.767156791687011719e+01,-5.675227642059326172e+00,-1.259378051757812500e+01,-1.343085765838623047e+01,-1.826120758056640625e+01
-1.661407279968261719e+01,-5.678663730621337891e+00,-1.098478317260742188e+01,-1.262746429443359375e+01,-1.707506179809570312e+01
-1.654240036010742188e+01,-5.689794540405273438e+00,-1.256433105468750000e+01,-1.407940864562988281e+01,-1.717330932617187500e+01
-1.590339756011962891e+01,-5.702768325805664062e+00,-1.228188610076904297e+01,-1.434143257141113281e+01,-1.619179153442382812e+01
-1.609231948852539062e+01,-5.629020690917968750e+00,-1.161222648620605469e+01,-1.421167182922363281e+01,-1.634141349792480469e+01
-1.619404602050781250e+01,-5.600814819335937500e+00,-1.096488189697265625e+01,-1.441099357604980469e+01,-1.601292800903320312e+01
-1.618669128417968750e+01,-5.557697296142578125e+00,-9.811519622802734375e+00,-1.446186351776123047e+01,-1.588395977020263672e+01
-1.623035812377929688e+01,-5.591768264770507812e+00,-9.548559188842773438e+00,-1.459924411773681641e+01,-1.635590744018554688e+01
-1.674323654174804688e+01,-5.575065135955810547e+00,-9.740081787109375000e+00,-1.433612823486328125e+01,-1.667508697509765625e+01
-1.736087036132812500e+01,-5.560282230377197266e+00,-1.044788169860839844e+01,-1.462623405456542969e+01,-1.748464965820312500e+01
-1.593627452850341797e+01,-5.541287422180175781e+00,-7.314225196838378906e+00,-1.545759677886962891e+01,-1.670504760742187500e+01
-1.701591873168945312e+01,-5.594155788421630859e+00,-7.773365497589111328e+00,-1.484011268615722656e+01,-1.646786308288574219e+01
-1.668304061889648438e+01,-5.617842674255371094e+00,-8.082859039306640625e+00,-1.492456626892089844e+01,-1.542507266998291016e+01
-1.689482498168945312e+01,-5.740551948547363281e+00,-7.986269950866699219e+00,-1.529502201080322266e+01,-1.598547554016113281e+01
-6.764708518981933594e+00,-5.692620277404785156e+00,-6.840406894683837891e+00,-9.788047790527343750e+00,-5.383519172668457031e+00
-1.856333541870117188e+01,-5.763990402221679688e+00,-8.908903121948242188e+00,-1.484746360778808594e+01,-1.766989517211914062e+01
-1.857039451599121094e+01,-5.731848716735839844e+00,-8.971094131469726562e+00,-1.506745338439941406e+01,-1.804811859130859375e+01
-1.929654693603515625e+01,-5.642272949218750000e+00,-1.058580493927001953e+01,-1.515270423889160156e+01,-1.934135437011718750e+01
-1.927420043945312500e+01,-5.567424774169921875e+00,-1.007106113433837891e+01,-1.459885025024414062e+01,-1.964211654663085938e+01
-1.924897003173828125e+01,-5.509641647338867188e+00,-1.162197494506835938e+01,-1.409065151214599609e+01,-2.009110641479492188e+01
-1.785195159912109375e+01,-5.618087768554687500e+00,-1.063203811645507812e+01,-1.332650375366210938e+01,-1.929784202575683594e+01
-1.397378635406494141e+01,-7.570348262786865234e+00,-4.994827270507812500e+00,-1.156334590911865234e+01,-1.486947536468505859e+01
-1.093456935882568359e+01,-7.407128334045410156e+00,-4.668830871582031250e+00,-1.086216068267822266e+01,-9.720768928527832031e+00
-1.369743728637695312e+01,-7.301900863647460938e+00,-4.882151126861572266e+00,-1.577921962738037109e+01,-1.541709423065185547e+01
-1.690556335449218750e+01,-5.679754257202148438e+00,-9.068449020385742188e+00,-1.525252151489257812e+01,-1.866357231140136719e+01
-1.606837463378906250e+01,-5.721880912780761719e+00,-9.449157714843750000e+00,-1.420466613769531250e+01,-1.874583816528320312e+01
-1.594123744964599609e+01,-5.627181053161621094e+00,-1.147164535522460938e+01,-1.507305431365966797e+01,-1.915985298156738281e+01
-1.752791595458984375e+01,-5.553709030151367188e+00,-1.281528663635253906e+01,-1.610149765014648438e+01,-2.021458816528320312e+01
-1.729281616210937500e+01,-5.647900581359863281e+00,-1.199648571014404297e+01,-1.576085853576660156e+01,-1.885407257080078125e+01
-1.685887908935546875e+01,-5.582455635070800781e+00,-1.133144092559814453e+01,-1.558258056640625000e+01,-1.944511032104492188e+01
-1.623368263244628906e+01,-5.658555984497070312e+00,-1.190313911437988281e+01,-1.595060157775878906e+01,-1.890598297119140625e+01
-1.632470703125000000e+01,-5.640442848205566406e+00,-1.280884933471679688e+01,-1.599029731750488281e+01,-1.914843750000000000e+01
-1.668432998657226562e+01,-5.607591629028320312e+00,-1.295637512207031250e+01,-1.582196998596191406e+01,-1.954793548583984375e+01
-1.669760322570800781e+01,-5.629132747650146484e+00,-1.203477287292480469e+01,-1.532955551147460938e+01,-1.949992752075195312e+01
-1.631495475769042969e+01,-5.660449981689453125e+00,-1.128371810913085938e+01,-1.504007053375244141e+01,-1.922632598876953125e+01
-1.651665115356445312e+01,-5.648066520690917969e+00,-1.115457916259765625e+01,-1.499646568298339844e+01,-1.947214126586914062e+01
-1.650773048400878906e+01,-5.663586616516113281e+00,-1.072026252746582031e+01,-1.477817916870117188e+01,-1.926163864135742188e+01
-1.681078720092773438e+01,-5.680854797363281250e+00,-1.093327140808105469e+01,-1.457397365570068359e+01,-1.948446273803710938e+01
-1.691047286987304688e+01,-5.636689186096191406e+00,-1.113135910034179688e+01,-1.515907669067382812e+01,-1.946939086914062500e+01
-1.694990539550781250e+01,-5.565478324890136719e+00,-1.166867637634277344e+01,-1.582697486877441406e+01,-1.924778175354003906e+01
-1.692530441284179688e+01,-5.592803001403808594e+00,-1.097340774536132812e+01,-1.547583198547363281e+01,-1.919448089599609375e+01
-1.721985435485839844e+01,-5.611761093139648438e+00,-1.113477134704589844e+01,-1.545221424102783203e+01,-1.949653244018554688e+01
-1.683468246459960938e+01,-5.576292991638183594e+00,-1.154118347167968750e+01,-1.542817687988281250e+01,-1.932403945922851562e+01
-1.691431045532226562e+01,-5.576762199401855469e+00,-1.157971191406250000e+01,-1.501037788391113281e+01,-1.943501281738281250e+01
-1.669580650329589844e+01,-5.559417724609375000e+00,-1.069673347473144531e+01,-1.436641788482666016e+01,-1.891618728637695312e+01
-1.641064453125000000e+01,-5.605703830718994141e+00,-1.075233268737792969e+01,-1.414809226989746094e+01,-1.853784179687500000e+01
-1.632827377319335938e+01,-5.594442367553710938e+00,-1.001572132110595703e+01,-1.383073997497558594e+01,-1.809583282470703125e+01
-1.662912368774414062e+01,-5.636638641357421875e+00,-1.028241729736328125e+01,-1.400375175476074219e+01,-1.765022659301757812e+01
-1.622367858886718750e+01,-5.539354324340820312e+00,-9.356392860412597656e+00,-1.390814971923828125e+01,-1.648645782470703125e+01
-1.811880683898925781e+01,-5.657996177673339844e+00,-9.041463851928710938e+00,-1.505655479431152344e+01,-1.718578338623046875e+01
-1.752354049682617188e+01,-5.713616371154785156e+00,-8.424013137817382812e+00,-1.532513809204101562e+01,-1.718000030517578125e+01
-1.618642044067382812e+01,-5.714375495910644531e+00,-7.086059093475341797e+00,-1.449754714965820312e+01,-1.714060974121093750e+01
-1.514755535125732422e+01,-5.689472198486328125e+00,-8.731288909912109375e+00,-1.220906257629394531e+01,-1.659148979187011719e+01
-1.650803375244140625e+01,-5.521692276000976562e+00,-9.762470245361328125e+00,-1.216548442840576172e+01,-1.776369476318359375e+01
-1.753314781188964844e+01,-5.445099830627441406e+00,-8.961128234863281250e+00,-1.350878429412841797e+01,-1.772260284423828125e+01
-1.667461967468261719e+01,-5.470662117004394531e+00,-8.014687538146972656e+00,-1.256717967987060547e+01,-1.744514465332031250e+01
-1.765392303466796875e+01,-5.420290470123291016e+00,-7.919656753540039062e+00,-1.324869346618652344e+01,-1.785177612304687500e+01
-1.783219909667968750e+01,-5.377618312835693359e+00,-8.903234481811523438e+00,-1.364197158813476562e+01,-1.827419662475585938e+01
-1.738255310058593750e+01,-5.530746459960937500e+00,-8.781084060668945312e+00,-1.385057067871093750e+01,-1.815859222412109375e+01
-1.729791831970214844e+01,-5.600440979003906250e+00,-8.342892646789550781e+00,-1.380310535430908203e+01,-1.817409133911132812e+01
-1.909979057312011719e+01,-5.581547737121582031e+00,-9.368972778320312500e+00,-1.538934803009033203e+01,-1.887425994873046875e+01
-1.908455848693847656e+01,-5.586239814758300781e+00,-1.041501808166503906e+01,-1.540632247924804688e+01,-1.881852722167968750e+01
-1.890569114685058594e+01,-5.688239097595214844e+00,-9.521272659301757812e+00,-1.548879528045654297e+01,-1.860432243347167969e+01
-1.895087623596191406e+01,-5.694964408874511719e+00,-9.918368339538574219e+00,-1.504320621490478516e+01,-1.904082298278808594e+01
-1.919765281677246094e+01,-5.616576671600341797e+00,-1.066954040527343750e+01,-1.465073204040527344e+01,-1.946880149841308594e+01
-1.972559547424316406e+01,-5.563936233520507812e+00,-1.066997146606445312e+01,-1.505826663970947266e+01,-1.988835906982421875e+01
-2.006918144226074219e+01,-5.539308547973632812e+00,-1.049414253234863281e+01,-1.469309043884277344e+01,-2.013539123535156250e+01
-1.915514945983886719e+01,-5.451341629028320312e+00,-1.015677928924560547e+01,-1.350354480743408203e+01,-1.988542175292968750e+01
-1.778642272949218750e+01,-5.557801246643066406e+00,-9.979881286621093750e+00,-1.208516597747802734e+01,-1.898790740966796875e+01
-1.125513935089111328e+01,-6.572125434875488281e+00,-4.881633758544921875e+00,-1.227472686767578125e+01,-1.080019283294677734e+01
-9.655303955078125000e+00,-5.835097789764404297e+00,-5.929140090942382812e+00,-9.174736022949218750e+00,-1.003356361389160156e+01
-1.584326553344726562e+01,-5.649641990661621094e+00,-1.045385360717773438e+01,-1.492060184478759766e+01,-1.677434539794921875e+01
-1.702510643005371094e+01,-5.721446990966796875e+00,-1.019793415069580078e+01,-1.348827362060546875e+01,-1.879685211181640625e+01
-1.632790946960449219e+01,-5.749655723571777344e+00,-1.041323089599609375e+01,-1.483053398132324219e+01,-1.930878257751464844e+01
-1.730806541442871094e+01,-5.589276313781738281e+00,-1.128864860534667969e+01,-1.614176177978515625e+01,-1.915540122985839844e+01
-1.670225143432617188e+01,-5.561934471130371094e+00,-1.199892044067382812e+01,-1.583035564422607422e+01,-1.858893966674804688e+01
-1.674472808837890625e+01,-5.575658798217773438e+00,-1.278765487670898438e+01,-1.590173530578613281e+01,-1.914182662963867188e+01
-1.649939155578613281e+01,-5.642486572265625000e+00,-1.267294883728027344e+01,-1.578359222412109375e+01,-1.895112991333007812e+01
-1.671291732788085938e+01,-5.639741420745849609e+00,-1.229784584045410156e+01,-1.561284637451171875e+01,-1.933876037597656250e+01
-1.701535034179687500e+01,-5.643393516540527344e+00,-1.217266654968261719e+01,-1.546725463867187500e+01,-1.968587112426757812e+01
-1.726968383789062500e+01,-5.579919815063476562e+00,-1.182786750793457031e+01,-1.588383007049560547e+01,-1.979894256591796875e+01
-1.731422042846679688e+01,-5.565646648406982422e+00,-1.126071548461914062e+01,-1.597746467590332031e+01,-1.968201446533203125e+01
-1.722204208374023438e+01,-5.562198638916015625e+00,-1.104710769653320312e+01,-1.586272144317626953e+01,-1.943483924865722656e+01
-1.689358901977539062e+01,-5.570681095123291016e+00,-1.127711296081542969e+01,-1.559041881561279297e+01,-1.929704856872558594e+01
-1.666965484619140625e+01,-5.549085140228271484e+00,-1.096791076660156250e+01,-1.552998256683349609e+01,-1.895162200927734375e+01
-1.660850524902343750e+01,-5.566205024719238281e+00,-1.065709877014160156e+01,-1.544488334655761719e+01,-1.859078788757324219e+01
-1.693261528015136719e+01,-5.592883110046386719e+00,-1.146427154541015625e+01,-1.533788013458251953e+01,-1.894162368774414062e+01
-1.660906600952148438e+01,-5.555464744567871094e+00,-1.092763710021972656e+01,-1.525501251220703125e+01,-1.837499046325683594e+01
-1.605625343322753906e+01,-5.612069129943847656e+00,-1.042612266540527344e+01,-1.461452198028564453e+01,-1.781422615051269531e+01
-1.547873210906982422e+01,-5.610502243041992188e+00,-9.974304199218750000e+00,-1.436095046997070312e+01,-1.729551124572753906e+01
-1.579405403137207031e+01,-5.517268180847167969e+00,-8.245277404785156250e+00,-1.496669578552246094e+01,-1.726413345336914062e+01
-1.553225040435791016e+01,-5.697915077209472656e+00,-7.212162971496582031e+00,-1.354311847686767578e+01,-1.604716873168945312e+01
-1.467370510101318359e+01,-5.411067008972167969e+00,-8.917684555053710938e+00,-1.393781089782714844e+01,-1.167851829528808594e+01
-1.427378559112548828e+01,-5.338727951049804688e+00,-1.016788673400878906e+01,-1.381654739379882812e+01,-9.675138473510742188e+00
-1.391535949707031250e+01,-5.340359687805175781e+00,-9.892759323120117188e+00,-1.277090072631835938e+01,-8.888297080993652344e+00
-1.649663162231445312e+01,-5.302700042724609375e+00,-1.003170967102050781e+01,-1.253384113311767578e+01,-1.587051677703857422e+01
-1.765223312377929688e+01,-5.328755378723144531e+00,-1.002368354797363281e+01,-1.325305557250976562e+01,-1.767228317260742188e+01
-1.816397666931152344e+01,-5.261437416076660156e+00,-9.970186233520507812e+00,-1.372378921508789062e+01,-1.845303344726562500e+01
-1.818573570251464844e+01,-5.266728401184082031e+00,-1.074729919433593750e+01,-1.387396526336669922e+01,-1.914426422119140625e+01
-1.770599746704101562e+01,-5.354162216186523438e+00,-9.918880462646484375e+00,-1.464647388458251953e+01,-1.869861602783203125e+01
-1.745004081726074219e+01,-5.408405780792236328e+00,-9.096136093139648438e+00,-1.511020374298095703e+01,-1.853994750976562500e+01
-1.790648651123046875e+01,-5.402518272399902344e+00,-9.312437057495117188e+00,-1.528365039825439453e+01,-1.893053817749023438e+01
-1.768356323242187500e+01,-5.367561340332031250e+00,-9.531152725219726562e+00,-1.532205200195312500e+01,-1.886386299133300781e+01
-1.793152999877929688e+01,-5.377268791198730469e+00,-9.641111373901367188e+00,-1.465699195861816406e+01,-1.881211853027343750e+01
-1.781434822082519531e+01,-5.318656921386718750e+00,-9.501161575317382812e+00,-1.442518520355224609e+01,-1.884392929077148438e+01
-1.775324821472167969e+01,-5.354369163513183594e+00,-9.428308486938476562e+00,-1.431500625610351562e+01,-1.867943191528320312e+01
-1.743004989624023438e+01,-5.474090576171875000e+00,-8.045778274536132812e+00,-1.386761665344238281e+01,-1.823052597045898438e+01
-1.596022701263427734e+01,-5.738139152526855469e+00,-5.745761394500732422e+00,-1.486110591888427734e+01,-1.718138694763183594e+01
-1.557566547393798828e+01,-5.525036334991455078e+00,-6.402687072753906250e+00,-1.469421958923339844e+01,-1.656129455566406250e+01
-1.606853294372558594e+01,-5.836679458618164062e+00,-5.468502044677734375e+00,-1.377453041076660156e+01,-1.619669532775878906e+01
-1.593669605255126953e+01,-6.223911285400390625e+00,-5.085972785949707031e+00,-1.416544914245605469e+01,-1.629642486572265625e+01
-1.416244316101074219e+01,-6.580516815185546875e+00,-4.633213996887207031e+00,-1.317485904693603516e+01,-1.427628231048583984e+01
-1.652612304687500000e+01,-6.070981979370117188e+00,-5.666985511779785156e+00,-1.542288875579833984e+01,-1.653072357177734375e+01
-1.528582668304443359e+01,-6.386880397796630859e+00,-5.440137386322021484e+00,-1.418149185180664062e+01,-1.355875301361083984e+01
-1.509743213653564453e+01,-6.842241764068603516e+00,-5.183320522308349609e+00,-1.439654827117919922e+01,-1.236001491546630859e+01
-1.569573497772216797e+01,-7.517076492309570312e+00,-5.000033855438232422e+00,-1.401425361633300781e+01,-1.249970436096191406e+01
-1.518352031707763672e+01,-7.219069480895996094e+00,-4.961288928985595703e+00,-1.362976074218750000e+01,-1.224842929840087891e+01
-1.540487194061279297e+01,-7.481544494628906250e+00,-4.946986675262451172e+00,-1.408304405212402344e+01,-1.477789688110351562e+01
-9.795833587646484375e+00,-7.854060173034667969e+00,-4.437006473541259766e+00,-1.057213211059570312e+01,-7.234192848205566406e+00
-1.606383132934570312e+01,-7.647872447967529297e+00,-4.974723815917968750e+00,-1.507955074310302734e+01,-1.600665473937988281e+01
-1.700690269470214844e+01,-6.969999790191650391e+00,-5.243667602539062500e+00,-1.641409301757812500e+01,-1.738147354125976562e+01
-1.727484893798828125e+01,-6.278518676757812500e+00,-6.033021450042724609e+00,-1.625461196899414062e+01,-1.761903762817382812e+01
-1.712674331665039062e+01,-6.149638175964355469e+00,-6.134058952331542969e+00,-1.595147323608398438e+01,-1.731140708923339844e+01
-1.726168441772460938e+01,-5.934875011444091797e+00,-6.412369728088378906e+00,-1.595004081726074219e+01,-1.697803115844726562e+01
-1.674355506896972656e+01,-6.038359642028808594e+00,-6.417761802673339844e+00,-1.549652671813964844e+01,-1.624556732177734375e+01
-1.723865127563476562e+01,-6.117594718933105469e+00,-6.036750793457031250e+00,-1.536585426330566406e+01,-1.609376907348632812e+01
-1.739230537414550781e+01,-6.045945167541503906e+00,-6.191400527954101562e+00,-1.501759910583496094e+01,-1.627102088928222656e+01
-1.708958816528320312e+01,-6.540419578552246094e+00,-5.102747440338134766e+00,-1.561918640136718750e+01,-1.598445415496826172e+01
-1.588670158386230469e+01,-8.036835670471191406e+00,-4.930337429046630859e+00,-1.419661235809326172e+01,-1.491963768005371094e+01
-1.534364986419677734e+01,-9.087425231933593750e+00,-4.831351757049560547e+00,-1.329004096984863281e+01,-1.430286502838134766e+01
-1.632296562194824219e+01,-8.241845130920410156e+00,-4.737915515899658203e+00,-1.362010097503662109e+01,-1.581829357147216797e+01
-1.671237182617187500e+01,-7.979396820068359375e+00,-4.609882354736328125e+00,-1.355799102783203125e+01,-1.565647411346435547e+01
-1.691699028015136719e+01,-7.223158359527587891e+00,-4.812721729278564453e+00,-1.419611549377441406e+01,-1.631745910644531250e+01
-1.609076881408691406e+01,-7.600397109985351562e+00,-4.798432826995849609e+00,-1.430280876159667969e+01,-1.432667922973632812e+01
-1.469629192352294922e+01,-6.762517929077148438e+00,-5.100420475006103516e+00,-1.387794113159179688e+01,-1.097051620483398438e+01
-1.424201297760009766e+01,-7.224632263183593750e+00,-5.055108547210693359e+00,-1.368324184417724609e+01,-1.043077850341796875e+01
-1.490306758880615234e+01,-8.376926422119140625e+00,-4.991159915924072266e+00,-1.307277011871337891e+01,-1.304681587219238281e+01
-1.487262821197509766e+01,-8.116785049438476562e+00,-5.057935237884521484e+00,-1.419478034973144531e+01,-1.415759754180908203e+01
-1.155369472503662109e+01,-8.790493011474609375e+00,-4.503816127777099609e+00,-1.204756927490234375e+01,-1.001909828186035156e+01
-1.559907245635986328e+01,-7.585135459899902344e+00,-4.962104320526123047e+00,-1.437130928039550781e+01,-1.581905746459960938e+01
-1.663881111145019531e+01,-7.292497158050537109e+00,-5.090982913970947266e+00,-1.633689689636230469e+01,-1.738882255554199219e+01
-1.696881484985351562e+01,-6.714219093322753906e+00,-5.478519916534423828e+00,-1.630727958679199219e+01,-1.740573883056640625e+01
-1.636720466613769531e+01,-6.954484462738037109e+00,-5.262887001037597656e+00,-1.579848384857177734e+01,-1.660684204101562500e+01
-1.598682308197021484e+01,-6.719244956970214844e+00,-5.261411666870117188e+00,-1.510774135589599609e+01,-1.558537101745605469e+01
-1.630097007751464844e+01,-6.473966121673583984e+00,-5.410192012786865234e+00,-1.505035114288330078e+01,-1.568742942810058594e+01
-1.677288055419921875e+01,-6.222489833831787109e+00,-5.662367343902587891e+00,-1.508364391326904297e+01,-1.610264587402343750e+01
-1.691929244995117188e+01,-6.531017780303955078e+00,-5.315415859222412109e+00,-1.524201107025146484e+01,-1.617024230957031250e+01
-1.711898040771484375e+01,-6.209485054016113281e+00,-5.614855289459228516e+00,-1.513624954223632812e+01,-1.624672698974609375e+01
-1.695432662963867188e+01,-6.404227733612060547e+00,-5.094337463378906250e+00,-1.529406738281250000e+01,-1.632481575012207031e+01
-1.584405708312988281e+01,-8.060863494873046875e+00,-4.891952991485595703e+00,-1.375317955017089844e+01,-1.484009838104248047e+01
-1.377829933166503906e+01,-7.807327270507812500e+00,-4.648250579833984375e+00,-1.324825096130371094e+01,-1.305903434753417969e+01
-1.215174388885498047e+01,-7.392827987670898438e+00,-4.427354335784912109e+00,-1.244441032409667969e+01,-1.142371559143066406e+01
-1.545270156860351562e+01,-6.617625236511230469e+00,-4.919377803802490234e+00,-1.509711074829101562e+01,-1.388588237762451172e+01
-1.427539920806884766e+01,-7.487113952636718750e+00,-4.815078258514404297e+00,-1.293744850158691406e+01,-1.071134948730468750e+01
-1.380018520355224609e+01,-7.243702888488769531e+00,-4.933912754058837891e+00,-1.295127105712890625e+01,-9.322147369384765625e+00
-1.447296714782714844e+01,-8.051227569580078125e+00,-4.815945148468017578e+00,-1.307847690582275391e+01,-1.054362106323242188e+01
-1.408691883087158203e+01,-8.822061538696289062e+00,-4.784614086151123047e+00,-1.242657852172851562e+01,-9.667396545410156250e+00
-1.406337451934814453e+01,-9.223255157470703125e+00,-4.681395053863525391e+00,-1.124270725250244141e+01,-1.058948612213134766e+01
-1.437312316894531250e+01,-8.191794395446777344e+00,-4.776262283325195312e+00,-1.007058334350585938e+01,-1.177860641479492188e+01
-1.471807861328125000e+01,-8.040239334106445312e+00,-4.834871768951416016e+00,-1.072261142730712891e+01,-1.345170211791992188e+01
-1.052046394348144531e+01,-8.422431945800781250e+00,-4.345562458038330078e+00,-1.021512317657470703e+01,-8.746975898742675781e+00
-1.508744525909423828e+01,-8.118053436279296875e+00,-4.847132205963134766e+00,-1.437214660644531250e+01,-1.415802097320556641e+01
-1.482876491546630859e+01,-7.607587814331054688e+00,-4.913707256317138672e+00,-1.531036186218261719e+01,-1.399368858337402344e+01
-1.580143833160400391e+01,-7.358788490295410156e+00,-4.913737297058105469e+00,-1.450299739837646484e+01,-1.481797027587890625e+01
-1.602679824829101562e+01,-6.723225593566894531e+00,-5.270691871643066406e+00,-1.366403579711914062e+01,-1.561853694915771484e+01
-1.581891918182373047e+01,-7.237880706787109375e+00,-5.037628650665283203e+00,-1.443230438232421875e+01,-1.546582603454589844e+01
-1.588025569915771484e+01,-7.349961280822753906e+00,-5.077374935150146484e+00,-1.504745101928710938e+01,-1.604190063476562500e+01
-1.602106094360351562e+01,-7.100611686706542969e+00,-5.200805187225341797e+00,-1.507348251342773438e+01,-1.619355773925781250e+01
-1.677589797973632812e+01,-6.276095390319824219e+00,-5.701521396636962891e+00,-1.527660655975341797e+01,-1.680424499511718750e+01
-1.698682212829589844e+01,-5.927687644958496094e+00,-6.107247352600097656e+00,-1.516865348815917969e+01,-1.699797439575195312e+01
-1.641133499145507812e+01,-6.031938552856445312e+00,-5.144633293151855469e+00,-1.501646518707275391e+01,-1.595973396301269531e+01
-1.555873966217041016e+01,-7.415868282318115234e+00,-4.788103580474853516e+00,-1.305221366882324219e+01,-1.517970371246337891e+01
-9.789416313171386719e+00,-6.784351348876953125e+00,-4.574443340301513672e+00,-1.189425182342529297e+01,-7.734905242919921875e+00
-1.429704093933105469e+01,-6.330942630767822266e+00,-5.105680942535400391e+00,-1.354049110412597656e+01,-1.291531562805175781e+01
-1.287612438201904297e+01,-7.473859786987304688e+00,-4.735826969146728516e+00,-1.148913478851318359e+01,-9.396450042724609375e+00
-1.398430824279785156e+01,-7.999425888061523438e+00,-4.599570751190185547e+00,-1.065485477447509766e+01,-1.056493186950683594e+01
-1.295442867279052734e+01,-6.982707977294921875e+00,-5.387604236602783203e+00,-1.048157882690429688e+01,-8.255302429199218750e+00
-1.337322616577148438e+01,-7.375256061553955078e+00,-5.236090183258056641e+00,-1.050772666931152344e+01,-9.983436584472656250e+00
-1.357088470458984375e+01,-7.846959590911865234e+00,-4.916604518890380859e+00,-1.100401496887207031e+01,-1.133917713165283203e+01
-1.459746360778808594e+01,-8.034700393676757812e+00,-4.614195823669433594e+00,-1.169065093994140625e+01,-1.248466491699218750e+01
-1.419596862792968750e+01,-7.777587413787841797e+00,-4.703258037567138672e+00,-1.050489616394042969e+01,-1.225337886810302734e+01
-9.832228660583496094e+00,-6.715102195739746094e+00,-4.598956584930419922e+00,-1.056743717193603516e+01,-8.470062255859375000e+00
-1.450004863739013672e+01,-7.761763572692871094e+00,-4.915415287017822266e+00,-1.256966781616210938e+01,-1.456304550170898438e+01
-1.591264533996582031e+01,-8.130097389221191406e+00,-4.925548076629638672e+00,-1.513723564147949219e+01,-1.611134719848632812e+01
-1.632871246337890625e+01,-7.477418899536132812e+00,-5.184419155120849609e+00,-1.577349090576171875e+01,-1.685816955566406250e+01
-1.577786159515380859e+01,-8.004337310791015625e+00,-5.084885120391845703e+00,-1.510111427307128906e+01,-1.598083496093750000e+01
-1.574421215057373047e+01,-7.382583141326904297e+00,-5.297663211822509766e+00,-1.526064777374267578e+01,-1.613470268249511719e+01
-1.578398036956787109e+01,-7.173428058624267578e+00,-5.308901786804199219e+00,-1.495604228973388672e+01,-1.613056182861328125e+01
-1.608701515197753906e+01,-6.261528968811035156e+00,-5.897084236145019531e+00,-1.441446685791015625e+01,-1.634224319458007812e+01
-1.637511062622070312e+01,-6.257496833801269531e+00,-5.835157871246337891e+00,-1.497292900085449219e+01,-1.649798965454101562e+01
-1.646555328369140625e+01,-6.169696807861328125e+00,-5.727776050567626953e+00,-1.515236949920654297e+01,-1.638438415527343750e+01
-1.533629894256591797e+01,-6.601393222808837891e+00,-5.017637252807617188e+00,-1.494631290435791016e+01,-1.555596256256103516e+01
-1.549313545227050781e+01,-6.520802497863769531e+00,-5.011958122253417969e+00,-1.440263366699218750e+01,-1.546793651580810547e+01
-1.234557056427001953e+01,-6.914302349090576172e+00,-4.639361858367919922e+00,-1.360525894165039062e+01,-1.186176586151123047e+01
-1.579017543792724609e+01,-7.191166877746582031e+00,-4.734117507934570312e+00,-1.387524509429931641e+01,-1.493289852142333984e+01
-1.569159793853759766e+01,-7.439271926879882812e+00,-4.742482662200927734e+00,-1.323691177368164062e+01,-1.415164470672607422e+01
-1.533661556243896484e+01,-7.027488231658935547e+00,-5.075375080108642578e+00,-1.359367942810058594e+01,-1.494001483917236328e+01
-1.481142330169677734e+01,-8.243463516235351562e+00,-4.664942741394042969e+00,-1.299907112121582031e+01,-1.313661479949951172e+01
-1.412934684753417969e+01,-7.644192695617675781e+00,-4.912867069244384766e+00,-1.264921569824218750e+01,-1.076842689514160156e+01
-1.540381050109863281e+01,-7.947228431701660156e+00,-4.690754890441894531e+00,-1.216559982299804688e+01,-1.229111862182617188e+01
-1.471533298492431641e+01,-8.494501113891601562e+00,-4.663167476654052734e+00,-1.029951763153076172e+01,-1.112884330749511719e+01
-1.494871234893798828e+01,-9.012268066406250000e+00,-4.570603847503662109e+00,-8.689361572265625000e+00,-1.293411731719970703e+01
-1.530497264862060547e+01,-8.492795944213867188e+00,-4.503550052642822266e+00,-9.348947525024414062e+00,-1.403694820404052734e+01
-1.523458385467529297e+01,-8.193097114562988281e+00,-4.868206024169921875e+00,-1.171684360504150391e+01,-1.530987453460693359e+01
-1.546961879730224609e+01,-8.502059936523437500e+00,-4.831181526184082031e+00,-1.402620315551757812e+01,-1.546988391876220703e+01
-1.460189342498779297e+01,-8.684444427490234375e+00,-4.809034824371337891e+00,-1.227390480041503906e+01,-1.508425140380859375e+01
-1.483748531341552734e+01,-8.069443702697753906e+00,-4.844920635223388672e+00,-1.254216384887695312e+01,-1.513702297210693359e+01
-1.561933422088623047e+01,-7.729330062866210938e+00,-5.163496017456054688e+00,-1.314924812316894531e+01,-1.589444065093994141e+01
-1.573917770385742188e+01,-7.497480392456054688e+00,-5.286016941070556641e+00,-1.253329086303710938e+01,-1.623229980468750000e+01
-1.522917079925537109e+01,-7.744593620300292969e+00,-5.041828155517578125e+00,-1.218439388275146484e+01,-1.588761138916015625e+01
-1.571285629272460938e+01,-6.049249649047851562e+00,-5.707299709320068359e+00,-1.303101539611816406e+01,-1.695000267028808594e+01
-1.568733119964599609e+01,-5.785832405090332031e+00,-6.054114818572998047e+00,-1.081320762634277344e+01,-1.709872436523437500e+01
-1.487396621704101562e+01,-6.802173614501953125e+00,-5.002369403839111328e+00,-8.381431579589843750e+00,-1.614120101928710938e+01
-1.451672077178955078e+01,-7.418626785278320312e+00,-4.757686138153076172e+00,-6.952983856201171875e+00,-1.527684783935546875e+01
-1.425426006317138672e+01,-6.624113082885742188e+00,-5.387087345123291016e+00,-7.919273376464843750e+00,-1.583907604217529297e+01
-1.257300853729248047e+01,-8.356765747070312500e+00,-7.630897998809814453e+00,-4.802303314208984375e+00,-1.240619754791259766e+01
-1.279270553588867188e+01,-7.850924015045166016e+00,-7.572342395782470703e+00,-5.159044742584228516e+00,-1.268550872802734375e+01
-1.231912994384765625e+01,-6.661711692810058594e+00,-8.526084899902343750e+00,-6.057414054870605469e+00,-1.231288719177246094e+01
-1.069670772552490234e+01,-6.604453086853027344e+00,-1.069176864624023438e+01,-6.490163803100585938e+00,-1.121318054199218750e+01
-1.384902477264404297e+01,-6.033990859985351562e+00,-1.101411628723144531e+01,-7.881997108459472656e+00,-1.566312503814697266e+01
-1.543969726562500000e+01,-5.993804931640625000e+00,-1.074875640869140625e+01,-8.172809600830078125e+00,-1.695777511596679688e+01
-1.561010456085205078e+01,-6.212472915649414062e+00,-1.184926033020019531e+01,-7.139357089996337891e+00,-1.725484466552734375e+01
-1.508019161224365234e+01,-7.669003963470458984e+00,-1.243125534057617188e+01,-5.664734840393066406e+00,-1.764521980285644531e+01
-1.416694831848144531e+01,-8.142930984497070312e+00,-1.040726661682128906e+01,-5.453688621520996094e+00,-1.613523101806640625e+01
-1.442327404022216797e+01,-6.767856597900390625e+00,-1.031764411926269531e+01,-6.084442138671875000e+00,-1.523720550537109375e+01
-1.497075748443603516e+01,-5.981006622314453125e+00,-1.277427482604980469e+01,-7.108492374420166016e+00,-1.617737579345703125e+01
-1.522581195831298828e+01,-1.024721527099609375e+01,-1.703151321411132812e+01,-4.901785373687744141e+00,-1.654487609863281250e+01
-1.112793731689453125e+01,-7.170233726501464844e+00,-8.152571678161621094e+00,-5.650377750396728516e+00,-6.126943588256835938e+00
-1.613755226135253906e+01,-8.746932029724121094e+00,-1.638333320617675781e+01,-5.166404724121093750e+00,-1.562837314605712891e+01
-1.638076019287109375e+01,-8.611125946044921875e+00,-1.665181922912597656e+01,-5.152258396148681641e+00,-1.699610137939453125e+01
-1.569845581054687500e+01,-8.928518295288085938e+00,-1.447450256347656250e+01,-5.124315261840820312e+00,-1.420955181121826172e+01
-1.614999008178710938e+01,-1.013530349731445312e+01,-1.646034622192382812e+01,-4.901620388031005859e+00,-1.750906753540039062e+01
-1.637554550170898438e+01,-7.968139648437500000e+00,-1.540180778503417969e+01,-5.152655124664306641e+00,-1.662454986572265625e+01
-1.482516288757324219e+01,-6.686557769775390625e+00,-1.230764770507812500e+01,-6.292735099792480469e+00,-1.559576416015625000e+01
-1.560595798492431641e+01,-6.685330390930175781e+00,-1.268082237243652344e+01,-6.568082809448242188e+00,-1.646617126464843750e+01
-1.400153350830078125e+01,-1.117539787292480469e+01,-1.456180953979492188e+01,-4.892714023590087891e+00,-1.527666664123535156e+01
-1.414844608306884766e+01,-9.483217239379882812e+00,-1.373508834838867188e+01,-4.976249694824218750e+00,-1.349033069610595703e+01
-1.431175327301025391e+01,-1.009530925750732422e+01,-1.231768417358398438e+01,-5.031506538391113281e+00,-1.308442401885986328e+01
-1.354165744781494141e+01,-1.163874912261962891e+01,-1.140701484680175781e+01,-4.756968498229980469e+00,-1.365729045867919922e+01
-1.381319046020507812e+01,-1.060845088958740234e+01,-1.112282848358154297e+01,-4.843458175659179688e+00,-1.456241321563720703e+01
-1.464773845672607422e+01,-9.105106353759765625e+00,-1.074498748779296875e+01,-5.126896858215332031e+00,-1.537477397918701172e+01
-1.393396663665771484e+01,-9.678012847900390625e+00,-1.005584335327148438e+01,-4.973034381866455078e+00,-1.486112499237060547e+01
-1.401135444641113281e+01,-1.027867031097412109e+01,-8.060928344726562500e+00,-5.353862762451171875e+00,-1.465228366851806641e+01
-1.371883869171142578e+01,-9.298158645629882812e+00,-7.135580062866210938e+00,-5.757199287414550781e+00,-1.454327869415283203e+01
-1.321961593627929688e+01,-1.037977409362792969e+01,-6.746622562408447266e+00,-5.346353054046630859e+00,-1.460771274566650391e+01
-1.341850948333740234e+01,-9.209799766540527344e+00,-6.581376552581787109e+00,-5.324632644653320312e+00,-1.529324245452880859e+01
-1.337493705749511719e+01,-9.779384613037109375e+00,-7.472631931304931641e+00,-4.904792308807373047e+00,-1.474031162261962891e+01
-1.188554286956787109e+01,-1.174664115905761719e+01,-7.321924209594726562e+00,-4.749158859252929688e+00,-1.240080833435058594e+01
-1.235867977142333984e+01,-9.739255905151367188e+00,-7.560481071472167969e+00,-4.664800167083740234e+00,-1.250981521606445312e+01
-1.198550128936767578e+01,-1.128712081909179688e+01,-9.112132072448730469e+00,-4.522947311401367188e+00,-1.188492584228515625e+01
-1.107931232452392578e+01,-7.794313430786132812e+00,-9.921762466430664062e+00,-5.166414260864257812e+00,-1.094814586639404297e+01
-1.102085018157958984e+01,-1.114075469970703125e+01,-1.285061836242675781e+01,-4.948552131652832031e+00,-1.125312805175781250e+01
-1.420149421691894531e+01,-1.318899536132812500e+01,-1.633588981628417969e+01,-4.830085754394531250e+00,-1.488566112518310547e+01
-1.282810115814208984e+01,-1.356845092773437500e+01,-1.703473281860351562e+01,-4.740964889526367188e+00,-1.554908466339111328e+01
-1.300219821929931641e+01,-1.389346790313720703e+01,-1.681206893920898438e+01,-4.706320762634277344e+00,-1.620884323120117188e+01
-1.337276077270507812e+01,-1.369608020782470703e+01,-1.795901107788085938e+01,-4.819642066955566406e+00,-1.631437492370605469e+01
-1.330531978607177734e+01,-1.350424957275390625e+01,-1.838235282897949219e+01,-4.718494892120361328e+00,-1.700769424438476562e+01
-1.270239543914794922e+01,-1.334652709960937500e+01,-1.925088882446289062e+01,-4.697189331054687500e+00,-1.722346305847167969e+01
-1.307519435882568359e+01,-1.340486431121826172e+01,-1.767020606994628906e+01,-4.682688236236572266e+00,-1.706046295166015625e+01
-1.393621063232421875e+01,-1.294477272033691406e+01,-1.627151679992675781e+01,-4.830720424652099609e+00,-1.614397048950195312e+01
-1.430874633789062500e+01,-1.292067432403564453e+01,-1.658925437927246094e+01,-4.795288085937500000e+00,-1.690002822875976562e+01
-1.323525428771972656e+01,-1.339526653289794922e+01,-1.782657623291015625e+01,-4.740361690521240234e+00,-1.654867935180664062e+01
-1.320911502838134766e+01,-1.328733253479003906e+01,-1.890970611572265625e+01,-4.742446422576904297e+00,-1.661921310424804688e+01
-1.317310810089111328e+01,-1.308440971374511719e+01,-1.874954986572265625e+01,-4.777405738830566406e+00,-1.687513351440429688e+01
-1.389018344879150391e+01,-1.321007919311523438e+01,-1.805655479431152344e+01,-4.797424316406250000e+00,-1.686822509765625000e+01
-1.391545295715332031e+01,-1.305768489837646484e+01,-1.857048225402832031e+01,-4.812856197357177734e+00,-1.689952087402343750e+01
-1.379839801788330078e+01,-1.319983673095703125e+01,-1.760164070129394531e+01,-4.786111831665039062e+00,-1.635909652709960938e+01
-1.374058341979980469e+01,-1.300520706176757812e+01,-1.749170303344726562e+01,-4.789941310882568359e+00,-1.653174209594726562e+01
-1.376967906951904297e+01,-1.330958938598632812e+01,-1.779095077514648438e+01,-4.770391464233398438e+00,-1.663742828369140625e+01
-1.363811779022216797e+01,-1.329695606231689453e+01,-1.892360115051269531e+01,-4.768214225769042969e+00,-1.685451507568359375e+01
-1.273194217681884766e+01,-1.354291725158691406e+01,-1.865471649169921875e+01,-4.713716983795166016e+00,-1.575185394287109375e+01
-1.227201461791992188e+01,-1.397617530822753906e+01,-1.830673789978027344e+01,-4.707705497741699219e+00,-1.508318710327148438e+01
-1.160801410675048828e+01,-1.371850967407226562e+01,-1.835153579711914062e+01,-4.684798717498779297e+00,-1.436150074005126953e+01
-1.171131610870361328e+01,-1.400464820861816406e+01,-1.839926147460937500e+01,-4.705378055572509766e+00,-1.453550624847412109e+01
-1.163820362091064453e+01,-1.431186103820800781e+01,-1.813442230224609375e+01,-4.727065086364746094e+00,-1.449608421325683594e+01
-1.172581291198730469e+01,-1.431156158447265625e+01,-1.813018417358398438e+01,-4.683623313903808594e+00,-1.561778163909912109e+01
-1.218486309051513672e+01,-1.415574836730957031e+01,-1.891430473327636719e+01,-4.736352920532226562e+00,-1.611817932128906250e+01
-1.144247627258300781e+01,-1.361674404144287109e+01,-1.970565795898437500e+01,-4.708240985870361328e+00,-1.540830516815185547e+01
-1.125332832336425781e+01,-1.347964382171630859e+01,-2.017487144470214844e+01,-4.755999565124511719e+00,-1.574032115936279297e+01
-1.236951732635498047e+01,-1.376128005981445312e+01,-2.013210487365722656e+01,-4.762207984924316406e+00,-1.675243759155273438e+01
-1.246019458770751953e+01,-1.369390201568603516e+01,-1.865990447998046875e+01,-4.767399787902832031e+00,-1.636175537109375000e+01
-1.380110549926757812e+01,-1.355750083923339844e+01,-1.759207725524902344e+01,-4.852607727050781250e+00,-1.658153533935546875e+01
-1.359969234466552734e+01,-1.345545482635498047e+01,-1.755748939514160156e+01,-4.894960403442382812e+00,-1.583347034454345703e+01
-1.390796661376953125e+01,-1.325652790069580078e+01,-1.655329322814941406e+01,-4.843704223632812500e+00,-1.566876029968261719e+01
-1.475756454467773438e+01,-1.319526386260986328e+01,-1.693609809875488281e+01,-4.879138946533203125e+00,-1.579069900512695312e+01
-1.227857685089111328e+01,-1.308711910247802734e+01,-1.775351905822753906e+01,-4.784102916717529297e+00,-1.462693691253662109e+01
-1.172982215881347656e+01,-1.271784782409667969e+01,-1.600695800781250000e+01,-4.762134552001953125e+00,-1.288687324523925781e+01
-1.271017551422119141e+01,-1.274110984802246094e+01,-1.656341361999511719e+01,-4.993539810180664062e+00,-1.466250896453857422e+01
-1.238095951080322266e+01,-1.230053806304931641e+01,-1.531607246398925781e+01,-4.988163948059082031e+00,-1.418839740753173828e+01
-1.186503887176513672e+01,-1.150601863861083984e+01,-1.360891151428222656e+01,-5.010485649108886719e+00,-1.358039760589599609e+01
-1.165558719635009766e+01,-1.146096038818359375e+01,-1.019332218170166016e+01,-5.228169441223144531e+00,-1.293270206451416016e+01
-1.133896541595458984e+01,-1.185142707824707031e+01,-9.806877136230468750e+00,-5.383430480957031250e+00,-1.161569595336914062e+01
-1.237586498260498047e+01,-1.073559188842773438e+01,-9.099222183227539062e+00,-5.478937149047851562e+00,-1.307271862030029297e+01
-1.133631229400634766e+01,-1.168827533721923828e+01,-8.657697677612304688e+00,-5.396957397460937500e+00,-1.190549850463867188e+01
-1.165525722503662109e+01,-1.027851676940917969e+01,-8.288487434387207031e+00,-5.500010967254638672e+00,-1.225588035583496094e+01
-1.178140449523925781e+01,-1.152223300933837891e+01,-8.730590820312500000e+00,-5.318362236022949219e+00,-1.335712814331054688e+01
-1.160241699218750000e+01,-1.225326251983642578e+01,-8.856058120727539062e+00,-4.993039131164550781e+00,-1.286198616027832031e+01
-1.158745002746582031e+01,-1.294476604461669922e+01,-9.306754112243652344e+00,-4.918582916259765625e+00,-1.342600345611572266e+01
-1.127657604217529297e+01,-1.387924003601074219e+01,-8.610760688781738281e+00,-4.829983711242675781e+00,-1.283365726470947266e+01
-1.115596103668212891e+01,-1.355073356628417969e+01,-8.790760040283203125e+00,-4.781447410583496094e+00,-1.205009460449218750e+01
-1.236254978179931641e+01,-1.301813888549804688e+01,-9.729271888732910156e+00,-4.852712631225585938e+00,-1.241381931304931641e+01
-1.047123718261718750e+01,-1.191042232513427734e+01,-1.078166007995605469e+01,-4.561471939086914062e+00,-9.651552200317382812e+00
-1.204887676239013672e+01,-8.453334808349609375e+00,-1.192609214782714844e+01,-5.237586975097656250e+00,-1.272024822235107422e+01
-1.300488376617431641e+01,-9.926216125488281250e+00,-1.341597366333007812e+01,-5.013362884521484375e+00,-1.351407146453857422e+01
-1.401526927947998047e+01,-1.260332965850830078e+01,-1.530030632019042969e+01,-5.031078338623046875e+00,-1.331679821014404297e+01
-1.326863193511962891e+01,-1.240716648101806641e+01,-1.426854705810546875e+01,-4.918722152709960938e+00,-1.099156093597412109e+01
-1.436308956146240234e+01,-1.367823696136474609e+01,-1.704874992370605469e+01,-4.929278373718261719e+00,-1.583354854583740234e+01
-1.360075283050537109e+01,-1.311952686309814453e+01,-1.567980384826660156e+01,-5.013480186462402344e+00,-1.272297000885009766e+01
-1.355294322967529297e+01,-1.219547939300537109e+01,-1.682826805114746094e+01,-4.935929298400878906e+00,-1.284724426269531250e+01
-1.414970207214355469e+01,-1.236059093475341797e+01,-1.935773849487304688e+01,-4.791460990905761719e+00,-1.698525047302246094e+01
-1.324610042572021484e+01,-1.247075557708740234e+01,-1.894328880310058594e+01,-4.760944366455078125e+00,-1.655702972412109375e+01
-1.327561569213867188e+01,-1.295996475219726562e+01,-1.917943382263183594e+01,-4.774580955505371094e+00,-1.686005210876464844e+01
-1.306922054290771484e+01,-1.226791954040527344e+01,-1.814192199707031250e+01,-4.766769409179687500e+00,-1.651594924926757812e+01
-1.318370056152343750e+01,-1.168935394287109375e+01,-1.778152084350585938e+01,-4.740002632141113281e+00,-1.625743865966796875e+01
-1.295775127410888672e+01,-1.192556667327880859e+01,-1.844671821594238281e+01,-4.760976791381835938e+00,-1.625669097900390625e+01
-1.302091312408447266e+01,-1.216006755828857422e+01,-1.918690681457519531e+01,-4.804662704467773438e+00,-1.658218002319335938e+01
-1.300600433349609375e+01,-1.219409275054931641e+01,-1.909219169616699219e+01,-4.807696342468261719e+00,-1.657767868041992188e+01
-1.294657993316650391e+01,-1.217970752716064453e+01,-1.893971443176269531e+01,-4.793247222900390625e+00,-1.619254302978515625e+01
-1.322868347167968750e+01,-1.233961772918701172e+01,-1.900012016296386719e+01,-4.763178825378417969e+00,-1.605765151977539062e+01
-1.350073909759521484e+01,-1.245995712280273438e+01,-1.882978820800781250e+01,-4.778914928436279297e+00,-1.676610946655273438e+01
-1.357858848571777344e+01,-1.256819534301757812e+01,-1.819881248474121094e+01,-4.796364784240722656e+00,-1.638932037353515625e+01
-1.393341541290283203e+01,-1.312598323822021484e+01,-1.807108879089355469e+01,-4.826437473297119141e+00,-1.640554428100585938e+01
-1.476676177978515625e+01,-1.281865024566650391e+01,-1.661279296875000000e+01,-4.888386249542236328e+00,-1.606540298461914062e+01
-1.462331771850585938e+01,-1.219101142883300781e+01,-1.628106117248535156e+01,-4.888552665710449219e+00,-1.587347412109375000e+01
-1.416490459442138672e+01,-1.304045677185058594e+01,-1.654501152038574219e+01,-4.884238243103027344e+00,-1.567702960968017578e+01
-1.302031803131103516e+01,-1.390613651275634766e+01,-1.730094528198242188e+01,-4.819270133972167969e+00,-1.480062580108642578e+01
-1.244124126434326172e+01,-1.335428428649902344e+01,-1.592434883117675781e+01,-4.789187908172607422e+00,-1.359053134918212891e+01
-1.182792186737060547e+01,-1.254445457458496094e+01,-1.363205909729003906e+01,-4.887194633483886719e+00,-1.232437038421630859e+01
-1.199398708343505859e+01,-1.095600700378417969e+01,-1.216715812683105469e+01,-4.965617179870605469e+00,-1.250022602081298828e+01
-1.194030475616455078e+01,-1.052857685089111328e+01,-1.167470741271972656e+01,-5.017816543579101562e+00,-1.356290912628173828e+01
-1.159205627441406250e+01,-1.065866851806640625e+01,-1.080779647827148438e+01,-5.090178966522216797e+00,-1.235126304626464844e+01
-1.078923320770263672e+01,-1.119993209838867188e+01,-9.511659622192382812e+00,-5.138032436370849609e+00,-1.162708854675292969e+01
-1.096467304229736328e+01,-9.573139190673828125e+00,-9.907520294189453125e+00,-5.266811847686767578e+00,-1.060587596893310547e+01
-1.086091423034667969e+01,-9.849172592163085938e+00,-9.134159088134765625e+00,-5.332980632781982422e+00,-1.171696853637695312e+01
-1.084064674377441406e+01,-1.108558940887451172e+01,-7.267372131347656250e+00,-5.230968475341796875e+00,-1.029150009155273438e+01
-1.027337646484375000e+01,-1.036374664306640625e+01,-9.083698272705078125e+00,-5.357618331909179688e+00,-8.364751815795898438e+00
-9.584660530090332031e+00,-1.216792011260986328e+01,-8.052497863769531250e+00,-5.421670913696289062e+00,-6.686553955078125000e+00
-9.677430152893066406e+00,-1.293594551086425781e+01,-8.388742446899414062e+00,-5.207012653350830078e+00,-6.513723373413085938e+00
-1.010026168823242188e+01,-1.115265178680419922e+01,-6.944714069366455078e+00,-6.225914955139160156e+00,-5.861899375915527344e+00
-1.049792003631591797e+01,-1.167860031127929688e+01,-6.508921146392822266e+00,-5.974296569824218750e+00,-6.255592346191406250e+00
-9.682549476623535156e+00,-1.051266574859619141e+01,-8.666217803955078125e+00,-6.121154785156250000e+00,-5.461557865142822266e+00
-9.619554519653320312e+00,-1.095554351806640625e+01,-7.573462963104248047e+00,-7.505266666412353516e+00,-4.578680992126464844e+00
-9.486316680908203125e+00,-1.100038242340087891e+01,-7.648300170898437500e+00,-6.505485057830810547e+00,-5.424673080444335938e+00
-9.537058830261230469e+00,-1.156883239746093750e+01,-7.595755577087402344e+00,-6.374202728271484375e+00,-5.238100528717041016e+00
-1.001210498809814453e+01,-9.859800338745117188e+00,-7.538265228271484375e+00,-6.899843215942382812e+00,-5.573022365570068359e+00
-9.344633102416992188e+00,-1.005813407897949219e+01,-9.375328063964843750e+00,-6.679609775543212891e+00,-4.478168487548828125e+00
-9.826085090637207031e+00,-8.897010803222656250e+00,-9.380430221557617188e+00,-7.245806694030761719e+00,-4.523397445678710938e+00
-9.323645591735839844e+00,-9.952608108520507812e+00,-8.223948478698730469e+00,-7.007184982299804688e+00,-4.473003387451171875e+00
-9.221872329711914062e+00,-1.112336635589599609e+01,-8.153413772583007812e+00,-6.661903381347656250e+00,-4.691023826599121094e+00
-9.153170585632324219e+00,-1.245695972442626953e+01,-7.471788406372070312e+00,-6.453851699829101562e+00,-4.525725364685058594e+00
-9.027540206909179688e+00,-1.392180347442626953e+01,-7.778076171875000000e+00,-6.194546699523925781e+00,-4.407178878784179688e+00
-1.003291511535644531e+01,-1.169014930725097656e+01,-7.716629505157470703e+00,-6.749449253082275391e+00,-4.590315818786621094e+00
-1.076857757568359375e+01,-1.058934402465820312e+01,-5.980892181396484375e+00,-8.483364105224609375e+00,-5.019400119781494141e+00
-1.037380886077880859e+01,-1.201332664489746094e+01,-6.622318744659423828e+00,-7.352241992950439453e+00,-4.441993713378906250e+00
-1.205844974517822266e+01,-1.118522453308105469e+01,-4.939401626586914062e+00,-7.362634658813476562e+00,-7.182590961456298828e+00
-1.272268390655517578e+01,-9.894156455993652344e+00,-4.881373882293701172e+00,-7.065423965454101562e+00,-9.793443679809570312e+00
-1.320382881164550781e+01,-8.643417358398437500e+00,-4.992095470428466797e+00,-7.389236450195312500e+00,-1.147223854064941406e+01
-1.267465114593505859e+01,-8.861122131347656250e+00,-5.430866718292236328e+00,-7.159780502319335938e+00,-1.085470008850097656e+01
-1.335775852203369141e+01,-8.421609878540039062e+00,-5.135841369628906250e+00,-8.095787048339843750e+00,-1.127719688415527344e+01
-1.396882343292236328e+01,-6.802935600280761719e+00,-5.392039775848388672e+00,-9.729816436767578125e+00,-1.142259979248046875e+01
-1.192064285278320312e+01,-9.283717155456542969e+00,-7.389422416687011719e+00,-5.544370651245117188e+00,-9.919301986694335938e+00
-1.100492382049560547e+01,-1.235864448547363281e+01,-8.115646362304687500e+00,-5.134878635406494141e+00,-8.367240905761718750e+00
-9.589195251464843750e+00,-1.325454235076904297e+01,-1.009976768493652344e+01,-5.259794235229492188e+00,-4.870545387268066406e+00
-9.587179183959960938e+00,-1.391156578063964844e+01,-9.995339393615722656e+00,-5.248096942901611328e+00,-4.560788154602050781e+00
-1.082795810699462891e+01,-1.078012180328369141e+01,-9.252187728881835938e+00,-4.867491722106933594e+00,-7.491830825805664062e+00
-1.160863876342773438e+01,-1.080989933013916016e+01,-1.197031974792480469e+01,-4.869973659515380859e+00,-8.136258125305175781e+00
-1.068396186828613281e+01,-1.096245765686035156e+01,-1.307569503784179688e+01,-4.948032379150390625e+00,-8.233634948730468750e+00
-1.012835121154785156e+01,-1.105201530456542969e+01,-1.116499137878417969e+01,-5.424769401550292969e+00,-8.630889892578125000e+00
-1.002001857757568359e+01,-9.680301666259765625e+00,-1.130928897857666016e+01,-5.992575645446777344e+00,-5.853015899658203125e+00
-1.040652656555175781e+01,-7.460646152496337891e+00,-9.874681472778320312e+00,-6.401560783386230469e+00,-4.795735359191894531e+00
-1.043973922729492188e+01,-7.099315166473388672e+00,-8.953214645385742188e+00,-6.278499126434326172e+00,-5.068844795227050781e+00
-1.187558650970458984e+01,-7.343676567077636719e+00,-1.095128059387207031e+01,-5.974052429199218750e+00,-9.462555885314941406e+00
-1.076008510589599609e+01,-1.020289325714111328e+01,-1.259672737121582031e+01,-4.893029212951660156e+00,-1.029358673095703125e+01
-1.086763381958007812e+01,-1.225366973876953125e+01,-1.316448402404785156e+01,-4.796380043029785156e+00,-1.039541912078857422e+01
-1.175992488861083984e+01,-1.190570831298828125e+01,-9.422698974609375000e+00,-4.854819774627685547e+00,-1.172598361968994141e+01
-9.629542350769042969e+00,-1.214830398559570312e+01,-1.127396297454833984e+01,-4.974294185638427734e+00,-6.611489295959472656e+00
-9.256349563598632812e+00,-9.455431938171386719e+00,-1.230444908142089844e+01,-5.114637374877929688e+00,-4.946432113647460938e+00
-1.022809028625488281e+01,-8.454762458801269531e+00,-1.119499397277832031e+01,-5.897907733917236328e+00,-5.354199409484863281e+00
-9.743810653686523438e+00,-8.925003051757812500e+00,-1.017712020874023438e+01,-5.534167289733886719e+00,-6.236611843109130859e+00
-1.023627948760986328e+01,-8.347388267517089844e+00,-7.848664283752441406e+00,-6.471827983856201172e+00,-6.433670997619628906e+00
-1.037299060821533203e+01,-8.846894264221191406e+00,-7.071424484252929688e+00,-6.443535804748535156e+00,-6.612071037292480469e+00
-9.895780563354492188e+00,-8.083152770996093750e+00,-7.998866081237792969e+00,-6.607082366943359375e+00,-6.438951492309570312e+00
-1.099842166900634766e+01,-7.021766185760498047e+00,-6.665034294128417969e+00,-7.055789947509765625e+00,-7.890864372253417969e+00
-9.019721031188964844e+00,-7.833284378051757812e+00,-1.025925636291503906e+01,-5.552559852600097656e+00,-5.685617446899414062e+00
-8.463021278381347656e+00,-7.596092224121093750e+00,-9.884500503540039062e+00,-6.235387325286865234e+00,-4.560744285583496094e+00
-8.679792404174804688e+00,-1.070897960662841797e+01,-9.309644699096679688e+00,-5.999680042266845703e+00,-4.480875968933105469e+00
-8.827623367309570312e+00,-9.752571105957031250e+00,-1.105216026306152344e+01,-8.014709472656250000e+00,-4.233259201049804688e+00
-8.605560302734375000e+00,-7.976031780242919922e+00,-1.058885765075683594e+01,-7.269225120544433594e+00,-4.289237976074218750e+00
-7.356097221374511719e+00,-9.233150482177734375e+00,-1.155715370178222656e+01,-6.387446880340576172e+00,-4.010571956634521484e+00
-9.154709815979003906e+00,-1.010305690765380859e+01,-1.022366714477539062e+01,-8.276390075683593750e+00,-4.146603584289550781e+00
-9.789593696594238281e+00,-9.863176345825195312e+00,-9.219025611877441406e+00,-7.927470207214355469e+00,-4.234622001647949219e+00
-1.041177940368652344e+01,-1.066323471069335938e+01,-9.162977218627929688e+00,-9.624681472778320312e+00,-4.191470146179199219e+00
-1.087566280364990234e+01,-1.049771690368652344e+01,-8.301712989807128906e+00,-9.505446434020996094e+00,-4.277416229248046875e+00
-1.052294445037841797e+01,-9.871168136596679688e+00,-8.624130249023437500e+00,-9.952938079833984375e+00,-4.145039558410644531e+00
-1.094159126281738281e+01,-9.276707649230957031e+00,-9.464399337768554688e+00,-1.030476093292236328e+01,-4.249062061309814453e+00
-1.028010559082031250e+01,-9.972284317016601562e+00,-8.434097290039062500e+00,-9.176691055297851562e+00,-4.099440574645996094e+00
-1.067944622039794922e+01,-1.106288051605224609e+01,-7.814743041992187500e+00,-9.020917892456054688e+00,-4.249964714050292969e+00
-1.065243530273437500e+01,-1.196428966522216797e+01,-9.191700935363769531e+00,-9.077115058898925781e+00,-4.274393081665039062e+00
-1.104033946990966797e+01,-1.088896751403808594e+01,-8.629659652709960938e+00,-9.573820114135742188e+00,-4.480499267578125000e+00
-1.105994701385498047e+01,-9.571597099304199219e+00,-7.915013313293457031e+00,-1.045341968536376953e+01,-4.569376945495605469e+00
-1.115260982513427734e+01,-8.854299545288085938e+00,-7.108022689819335938e+00,-1.162487792968750000e+01,-4.820396900177001953e+00
-1.097419452667236328e+01,-8.581182479858398438e+00,-6.970043182373046875e+00,-1.123386764526367188e+01,-4.422869682312011719e+00
-1.105366706848144531e+01,-8.296227455139160156e+00,-7.179928779602050781e+00,-9.089147567749023438e+00,-4.955362796783447266e+00
-1.081757926940917969e+01,-9.403979301452636719e+00,-7.413199424743652344e+00,-9.112009048461914062e+00,-4.783418655395507812e+00
-1.129220867156982422e+01,-9.721560478210449219e+00,-6.607792377471923828e+00,-1.003961372375488281e+01,-4.987101078033447266e+00
-1.058967876434326172e+01,-1.060263824462890625e+01,-6.541135311126708984e+00,-8.228258132934570312e+00,-5.194196701049804688e+00
-1.113551330566406250e+01,-1.029630470275878906e+01,-6.718494892120361328e+00,-9.321049690246582031e+00,-4.997445583343505859e+00
-1.190233707427978516e+01,-8.446269035339355469e+00,-6.559082984924316406e+00,-1.138734340667724609e+01,-5.035192489624023438e+00
-1.326015377044677734e+01,-6.715827941894531250e+00,-5.570786476135253906e+00,-1.184379577636718750e+01,-7.709682941436767578e+00
-1.258467388153076172e+01,-7.083724498748779297e+00,-6.323630332946777344e+00,-1.101063060760498047e+01,-5.954853057861328125e+00
-1.036107254028320312e+01,-7.485406398773193359e+00,-7.325421333312988281e+00,-1.152785491943359375e+01,-4.392405509948730469e+00
-9.966771125793457031e+00,-9.080209732055664062e+00,-8.957584381103515625e+00,-9.742592811584472656e+00,-4.050507068634033203e+00
-9.748058319091796875e+00,-1.132838153839111328e+01,-9.319097518920898438e+00,-1.030107116699218750e+01,-4.067217826843261719e+00
-1.007120227813720703e+01,-1.066509246826171875e+01,-9.041073799133300781e+00,-1.137532329559326172e+01,-4.031281471252441406e+00
-1.062065505981445312e+01,-9.508225440979003906e+00,-8.801183700561523438e+00,-1.114096927642822266e+01,-4.186742782592773438e+00
-1.001808357238769531e+01,-9.970706939697265625e+00,-8.067726135253906250e+00,-1.014516258239746094e+01,-4.034600734710693359e+00
-9.924153327941894531e+00,-9.321178436279296875e+00,-8.897043228149414062e+00,-1.094416236877441406e+01,-4.215380668640136719e+00
-9.997932434082031250e+00,-9.441908836364746094e+00,-9.084241867065429688e+00,-1.102231788635253906e+01,-4.083209037780761719e+00
-1.024337863922119141e+01,-8.896872520446777344e+00,-8.869077682495117188e+00,-1.145174217224121094e+01,-3.927835941314697266e+00
-1.049798202514648438e+01,-9.662430763244628906e+00,-8.677410125732421875e+00,-1.143816184997558594e+01,-3.734034538269042969e+00
-1.046415615081787109e+01,-9.088256835937500000e+00,-8.248304367065429688e+00,-1.202531051635742188e+01,-3.898759841918945312e+00
-1.041092014312744141e+01,-9.345088958740234375e+00,-8.445261955261230469e+00,-1.247507476806640625e+01,-3.980212211608886719e+00
-1.017494869232177734e+01,-9.933900833129882812e+00,-7.880526542663574219e+00,-1.206789398193359375e+01,-3.995985984802246094e+00
-1.084859943389892578e+01,-1.039381599426269531e+01,-7.175714015960693359e+00,-1.258704185485839844e+01,-4.033536911010742188e+00
-1.097434902191162109e+01,-1.027785682678222656e+01,-6.643382072448730469e+00,-1.259542369842529297e+01,-4.213214397430419922e+00
-1.090757465362548828e+01,-1.108540534973144531e+01,-6.561942100524902344e+00,-1.216866207122802734e+01,-4.199912071228027344e+00
-1.178103351593017578e+01,-9.895335197448730469e+00,-5.666061878204345703e+00,-1.258791542053222656e+01,-5.256803512573242188e+00
-1.253610610961914062e+01,-8.004579544067382812e+00,-5.371220111846923828e+00,-1.279793453216552734e+01,-7.861176490783691406e+00
-1.238137912750244141e+01,-7.664288520812988281e+00,-5.443306446075439453e+00,-1.215369224548339844e+01,-7.447048187255859375e+00
-1.216679668426513672e+01,-7.981127738952636719e+00,-5.551530838012695312e+00,-1.318057441711425781e+01,-6.579026222229003906e+00
-1.283053398132324219e+01,-8.015481948852539062e+00,-5.145015239715576172e+00,-1.302898788452148438e+01,-8.113300323486328125e+00
-1.230267715454101562e+01,-9.692635536193847656e+00,-5.090533733367919922e+00,-1.258468532562255859e+01,-7.411157131195068359e+00
-1.201788330078125000e+01,-9.326328277587890625e+00,-5.084919452667236328e+00,-9.199304580688476562e+00,-7.248537063598632812e+00
-1.228099822998046875e+01,-8.770925521850585938e+00,-5.249755382537841797e+00,-1.177643013000488281e+01,-6.466613769531250000e+00
-1.337217140197753906e+01,-8.474856376647949219e+00,-5.087401866912841797e+00,-1.277038383483886719e+01,-9.030520439147949219e+00
-1.364125728607177734e+01,-8.205287933349609375e+00,-5.384698867797851562e+00,-1.371635627746582031e+01,-1.054812812805175781e+01
-1.194332027435302734e+01,-6.778086185455322266e+00,-5.983191490173339844e+00,-1.188716411590576172e+01,-8.964447021484375000e+00
-1.197397994995117188e+01,-7.509535789489746094e+00,-5.688215732574462891e+00,-9.518299102783203125e+00,-8.326805114746093750e+00
-1.168586444854736328e+01,-8.839956283569335938e+00,-5.896445274353027344e+00,-1.015329360961914062e+01,-7.218183040618896484e+00
-1.146504020690917969e+01,-8.316370010375976562e+00,-6.705428600311279297e+00,-1.173294162750244141e+01,-6.029238700866699219e+00
-1.141785144805908203e+01,-7.485606193542480469e+00,-6.958382606506347656e+00,-1.108876419067382812e+01,-6.805466175079345703e+00
-1.193549060821533203e+01,-7.353487491607666016e+00,-7.590441703796386719e+00,-1.160017967224121094e+01,-6.438576698303222656e+00
-1.153534507751464844e+01,-7.888469696044921875e+00,-8.187116622924804688e+00,-1.119277191162109375e+01,-5.588071823120117188e+00
-1.045206356048583984e+01,-7.623804092407226562e+00,-8.739398956298828125e+00,-1.018561172485351562e+01,-5.320829868316650391e+00
-1.080147838592529297e+01,-8.066567420959472656e+00,-8.791513442993164062e+00,-1.004366493225097656e+01,-5.609998703002929688e+00
-1.119834613800048828e+01,-7.701494693756103516e+00,-7.949085712432861328e+00,-1.087719535827636719e+01,-6.636227607727050781e+00
-1.157229709625244141e+01,-7.543009757995605469e+00,-7.378842353820800781e+00,-1.224680709838867188e+01,-6.612244129180908203e+00
-1.214075374603271484e+01,-7.075238227844238281e+00,-7.561406612396240234e+00,-1.233151817321777344e+01,-7.547156333923339844e+00
-1.217188167572021484e+01,-7.110747814178466797e+00,-7.315938949584960938e+00,-1.244145584106445312e+01,-6.888259887695312500e+00
-1.180874347686767578e+01,-7.530579566955566406e+00,-7.617383003234863281e+00,-1.147431278228759766e+01,-5.820225238800048828e+00
-1.160611438751220703e+01,-7.549151420593261719e+00,-7.077238082885742188e+00,-1.126741027832031250e+01,-6.449100494384765625e+00
-1.067488288879394531e+01,-8.398691177368164062e+00,-5.757225513458251953e+00,-1.006931304931640625e+01,-5.574765682220458984e+00
-1.047170448303222656e+01,-8.611896514892578125e+00,-5.860028743743896484e+00,-7.464077472686767578e+00,-6.406383514404296875e+00
-1.226182651519775391e+01,-7.986900329589843750e+00,-5.403682708740234375e+00,-7.438584327697753906e+00,-7.010636806488037109e+00
-1.011153602600097656e+01,-8.031688690185546875e+00,-6.287268638610839844e+00,-1.105697822570800781e+01,-5.330097198486328125e+00
-9.615166664123535156e+00,-8.086368560791015625e+00,-6.311690330505371094e+00,-1.062903213500976562e+01,-5.800502300262451172e+00
-1.120438861846923828e+01,-9.302280426025390625e+00,-5.399284839630126953e+00,-9.904554367065429688e+00,-7.345273971557617188e+00
-1.132369899749755859e+01,-9.459825515747070312e+00,-5.306332588195800781e+00,-1.107824325561523438e+01,-7.087727069854736328e+00
-1.117089080810546875e+01,-9.463033676147460938e+00,-5.783551692962646484e+00,-1.028922176361083984e+01,-6.902439117431640625e+00
-1.189191341400146484e+01,-9.297387123107910156e+00,-5.221895694732666016e+00,-1.049919319152832031e+01,-8.299596786499023438e+00
-1.068071651458740234e+01,-9.500235557556152344e+00,-5.888196945190429688e+00,-9.752288818359375000e+00,-5.882439613342285156e+00
-1.000664997100830078e+01,-8.881979942321777344e+00,-6.325585842132568359e+00,-9.526451110839843750e+00,-4.670332908630371094e+00
-8.883466720581054688e+00,-7.537624359130859375e+00,-7.365678310394287109e+00,-8.307985305786132812e+00,-4.258598327636718750e+00
-8.715816497802734375e+00,-7.958600997924804688e+00,-9.106620788574218750e+00,-7.013681411743164062e+00,-4.366861343383789062e+00
-8.011585235595703125e+00,-9.387307167053222656e+00,-1.035149955749511719e+01,-6.918290138244628906e+00,-4.063570022583007812e+00
-7.509715080261230469e+00,-1.106866359710693359e+01,-1.059470558166503906e+01,-6.537480354309082031e+00,-4.020347118377685547e+00
-7.401837348937988281e+00,-1.184658527374267578e+01,-9.337650299072265625e+00,-6.742323875427246094e+00,-3.888330936431884766e+00
-6.718901157379150391e+00,-1.245430850982666016e+01,-9.648307800292968750e+00,-6.856696128845214844e+00,-3.961229324340820312e+00
-2.484214305877685547e-02,-6.916986942291259766e+00,-1.043133068084716797e+01,-7.805205345153808594e+00,-6.459162712097167969e+00
