-1.341303062438964844e+01,-5.620446205139160156e+00,-1.231447029113769531e+01,-9.280677795410156250e+00,-1.586142349243164062e+01
-1.100603675842285156e+01,-6.104897975921630859e+00,-1.107958793640136719e+01,-7.492228031158447266e+00,-1.343189048767089844e+01
-1.168944644927978516e+01,-6.209051132202148438e+00,-1.090642070770263672e+01,-6.900116920471191406e+00,-1.399344158172607422e+01
-1.564570903778076172e+01,-5.360264778137207031e+00,-1.249439716339111328e+01,-1.077316093444824219e+01,-1.798822212219238281e+01
-1.754840660095214844e+01,-5.311132431030273438e+00,-1.606987953186035156e+01,-1.558889579772949219e+01,-1.962682723999023438e+01
-1.807768440246582031e+01,-5.300315856933593750e+00,-1.587155437469482422e+01,-1.583489131927490234e+01,-1.959428596496582031e+01
-1.796096611022949219e+01,-5.291754722595214844e+00,-1.573497104644775391e+01,-1.571213722229003906e+01,-1.950711631774902344e+01
-1.801816749572753906e+01,-5.345705032348632812e+00,-1.517673587799072266e+01,-1.538687896728515625e+01,-1.962667083740234375e+01
-1.848408317565917969e+01,-5.363222122192382812e+00,-1.483478450775146484e+01,-1.544024276733398438e+01,-1.993998527526855469e+01
-1.914218521118164062e+01,-5.416030883789062500e+00,-1.419039344787597656e+01,-1.514326477050781250e+01,-2.032399177551269531e+01
-1.801102638244628906e+01,-5.331014633178710938e+00,-1.508912563323974609e+01,-1.554937171936035156e+01,-1.985847663879394531e+01
-1.726831436157226562e+01,-5.352264404296875000e+00,-1.438694858551025391e+01,-1.522814369201660156e+01,-1.963677597045898438e+01
-1.800841140747070312e+01,-5.241061210632324219e+00,-1.027892589569091797e+01,-1.311838722229003906e+01,-1.865912055969238281e+01
-1.775969123840332031e+01,-5.295734405517578125e+00,-1.397006511688232422e+01,-1.500938892364501953e+01,-1.923370933532714844e+01
-1.855333709716796875e+01,-5.330237388610839844e+00,-1.466587734222412109e+01,-1.555148410797119141e+01,-2.007771873474121094e+01
-1.903825378417968750e+01,-5.347952842712402344e+00,-1.507512283325195312e+01,-1.569905662536621094e+01,-2.018139839172363281e+01
-7.327500343322753906e+00,-5.902746200561523438e+00,-6.191029548645019531e+00,-7.083743095397949219e+00,-5.112274169921875000e+00
-1.881870269775390625e+01,-5.353181362152099609e+00,-1.478299808502197266e+01,-1.549408817291259766e+01,-2.007259750366210938e+01
-7.328175067901611328e+00,-5.902331352233886719e+00,-6.191852569580078125e+00,-7.085097312927246094e+00,-5.111775398254394531e+00
-1.925768280029296875e+01,-5.413348197937011719e+00,-1.471734237670898438e+01,-1.564782524108886719e+01,-2.004880142211914062e+01
-1.902086448669433594e+01,-5.364788055419921875e+00,-1.491057491302490234e+01,-1.598114967346191406e+01,-2.000006294250488281e+01
-7.315513134002685547e+00,-5.906916618347167969e+00,-6.188107013702392578e+00,-7.086891651153564453e+00,-5.109986305236816406e+00
-2.050922203063964844e+01,-5.349071502685546875e+00,-1.441928672790527344e+01,-1.567245674133300781e+01,-2.040051841735839844e+01
-2.079979896545410156e+01,-5.374518394470214844e+00,-1.444638061523437500e+01,-1.590830230712890625e+01,-2.020328140258789062e+01
-2.098254966735839844e+01,-5.420180320739746094e+00,-1.436844062805175781e+01,-1.558104896545410156e+01,-1.967880821228027344e+01
-7.316654682159423828e+00,-5.906225681304931641e+00,-6.188511371612548828e+00,-7.087301731109619141e+00,-5.109967231750488281e+00
-2.106547355651855469e+01,-5.396885871887207031e+00,-1.556785011291503906e+01,-1.594740390777587891e+01,-1.974725151062011719e+01
-2.098322105407714844e+01,-5.434955596923828125e+00,-1.524561977386474609e+01,-1.596182250976562500e+01,-1.959984588623046875e+01
-2.125398635864257812e+01,-5.451165199279785156e+00,-1.481507015228271484e+01,-1.592914009094238281e+01,-1.952998352050781250e+01
-2.133712959289550781e+01,-5.465347290039062500e+00,-1.423157787322998047e+01,-1.603310966491699219e+01,-1.963506126403808594e+01
-2.131020927429199219e+01,-5.478775978088378906e+00,-1.449837970733642578e+01,-1.593304252624511719e+01,-1.948298835754394531e+01
-7.316133022308349609e+00,-5.906011581420898438e+00,-6.188578128814697266e+00,-7.087739467620849609e+00,-5.110309600830078125e+00
-2.149464797973632812e+01,-5.473469734191894531e+00,-1.469467067718505859e+01,-1.621245193481445312e+01,-1.985687446594238281e+01
-2.176559638977050781e+01,-5.510574340820312500e+00,-1.492677211761474609e+01,-1.642492294311523438e+01,-2.010674095153808594e+01
-2.119260025024414062e+01,-5.490776062011718750e+00,-1.536388397216796875e+01,-1.660367393493652344e+01,-1.989293289184570312e+01
-2.175967597961425781e+01,-5.505788803100585938e+00,-1.511690330505371094e+01,-1.640109634399414062e+01,-1.968563270568847656e+01
-2.153281593322753906e+01,-5.433849334716796875e+00,-1.466096305847167969e+01,-1.592061138153076172e+01,-1.966654396057128906e+01
-2.126252937316894531e+01,-5.461084365844726562e+00,-1.539657974243164062e+01,-1.621199417114257812e+01,-1.967242622375488281e+01
-2.139949226379394531e+01,-5.487836360931396484e+00,-1.555243015289306641e+01,-1.633903694152832031e+01,-1.943890571594238281e+01
-7.332175254821777344e+00,-5.895667076110839844e+00,-6.196199417114257812e+00,-7.094284534454345703e+00,-5.113210678100585938e+00
-2.169317054748535156e+01,-5.488759040832519531e+00,-1.454969406127929688e+01,-1.615279579162597656e+01,-1.995403480529785156e+01
-2.183108139038085938e+01,-5.455946922302246094e+00,-1.490084171295166016e+01,-1.628670120239257812e+01,-2.023993110656738281e+01
-2.174796485900878906e+01,-5.445116996765136719e+00,-1.520183181762695312e+01,-1.612775802612304688e+01,-1.984824752807617188e+01
-2.150092124938964844e+01,-5.484837532043457031e+00,-1.476941204071044922e+01,-1.628763008117675781e+01,-1.947627830505371094e+01
-2.120892906188964844e+01,-5.486217498779296875e+00,-1.448766899108886719e+01,-1.605656051635742188e+01,-1.873607635498046875e+01
-2.067265510559082031e+01,-5.429688453674316406e+00,-1.458068561553955078e+01,-1.535740947723388672e+01,-1.851857566833496094e+01
-2.080827522277832031e+01,-5.473781585693359375e+00,-1.408790493011474609e+01,-1.593799781799316406e+01,-1.876457595825195312e+01
-2.011416435241699219e+01,-5.472235202789306641e+00,-1.309237670898437500e+01,-1.580038261413574219e+01,-1.829905319213867188e+01
-2.079575157165527344e+01,-5.452893733978271484e+00,-1.126363849639892578e+01,-1.493220329284667969e+01,-1.802422904968261719e+01
-2.081310462951660156e+01,-5.421517372131347656e+00,-1.498640346527099609e+01,-1.616198158264160156e+01,-1.843518447875976562e+01
-2.036860656738281250e+01,-5.396932601928710938e+00,-1.502207183837890625e+01,-1.605919647216796875e+01,-1.823563766479492188e+01
-2.090024375915527344e+01,-5.401374340057373047e+00,-1.420579242706298828e+01,-1.551367187500000000e+01,-1.923318481445312500e+01
-2.123655509948730469e+01,-5.425331115722656250e+00,-1.458575534820556641e+01,-1.533479881286621094e+01,-1.944621849060058594e+01
-2.113693428039550781e+01,-5.396024703979492188e+00,-1.540546226501464844e+01,-1.613021469116210938e+01,-1.896647834777832031e+01
-2.176531028747558594e+01,-5.468855857849121094e+00,-1.474382019042968750e+01,-1.642210197448730469e+01,-1.953606986999511719e+01
-2.138888359069824219e+01,-5.452186584472656250e+00,-1.520125865936279297e+01,-1.624452400207519531e+01,-1.924934387207031250e+01
-2.073389625549316406e+01,-5.361268520355224609e+00,-1.565091991424560547e+01,-1.603962516784667969e+01,-1.888590431213378906e+01
-2.057663536071777344e+01,-5.375867843627929688e+00,-1.508452320098876953e+01,-1.568265342712402344e+01,-1.881905174255371094e+01
-2.055505371093750000e+01,-5.404633522033691406e+00,-1.446757507324218750e+01,-1.554722595214843750e+01,-1.889984321594238281e+01
-2.066003608703613281e+01,-5.384058952331542969e+00,-1.450650501251220703e+01,-1.567606544494628906e+01,-1.896055030822753906e+01
-2.108349800109863281e+01,-5.400110244750976562e+00,-1.514336681365966797e+01,-1.584204101562500000e+01,-1.930848121643066406e+01
-2.122230339050292969e+01,-5.434584617614746094e+00,-1.477347850799560547e+01,-1.566303348541259766e+01,-1.938389396667480469e+01
-2.011880683898925781e+01,-5.375969886779785156e+00,-1.456910037994384766e+01,-1.537794113159179688e+01,-1.862275123596191406e+01
-2.106447410583496094e+01,-5.436830043792724609e+00,-1.428786659240722656e+01,-1.546072864532470703e+01,-1.891706085205078125e+01
-2.105115318298339844e+01,-5.547111511230468750e+00,-1.318274402618408203e+01,-1.527362442016601562e+01,-1.890374183654785156e+01
-1.959990501403808594e+01,-5.478137969970703125e+00,-1.324884700775146484e+01,-1.594011688232421875e+01,-1.850509262084960938e+01
-1.846272659301757812e+01,-5.395616531372070312e+00,-1.220990276336669922e+01,-1.582620334625244141e+01,-1.668729782104492188e+01
-1.755363845825195312e+01,-5.422053813934326172e+00,-1.377829265594482422e+01,-1.576830291748046875e+01,-1.623394393920898438e+01
-1.885547828674316406e+01,-5.448738574981689453e+00,-1.289097690582275391e+01,-1.587226104736328125e+01,-1.787370491027832031e+01
-1.789183998107910156e+01,-5.261734962463378906e+00,-7.879096984863281250e+00,-1.232925128936767578e+01,-1.707889175415039062e+01
-1.738096809387207031e+01,-5.242197036743164062e+00,-7.051630020141601562e+00,-1.308381557464599609e+01,-1.675237655639648438e+01
-1.806914901733398438e+01,-5.361876010894775391e+00,-8.006179809570312500e+00,-1.497493648529052734e+01,-1.543749618530273438e+01
-1.860875320434570312e+01,-5.420650482177734375e+00,-8.720583915710449219e+00,-1.514596748352050781e+01,-1.659893989562988281e+01
-1.803308677673339844e+01,-5.512409210205078125e+00,-6.163990020751953125e+00,-1.435170364379882812e+01,-1.343593025207519531e+01
-1.552344894409179688e+01,-5.324145317077636719e+00,-8.532056808471679688e+00,-1.573453903198242188e+01,-1.154527664184570312e+01
-1.722042846679687500e+01,-5.496939659118652344e+00,-7.005405902862548828e+00,-1.473298931121826172e+01,-1.404350566864013672e+01
-1.738848876953125000e+01,-5.688327789306640625e+00,-5.677218914031982422e+00,-1.405218696594238281e+01,-1.159826278686523438e+01
-1.798740959167480469e+01,-6.415466308593750000e+00,-4.543428421020507812e+00,-1.293894386291503906e+01,-1.163802433013916016e+01
-1.748716926574707031e+01,-6.044378757476806641e+00,-5.254222869873046875e+00,-1.327371978759765625e+01,-1.085913372039794922e+01
-1.759493446350097656e+01,-6.161536216735839844e+00,-5.190311908721923828e+00,-1.222478389739990234e+01,-1.078605747222900391e+01
-1.734410285949707031e+01,-6.117209434509277344e+00,-5.346217155456542969e+00,-1.237406158447265625e+01,-9.273233413696289062e+00
-1.747610092163085938e+01,-5.988409996032714844e+00,-5.203097820281982422e+00,-1.238341140747070312e+01,-9.497269630432128906e+00
-1.723548507690429688e+01,-5.654419422149658203e+00,-5.386949539184570312e+00,-1.321741867065429688e+01,-9.343169212341308594e+00
-1.615194892883300781e+01,-5.847366333007812500e+00,-5.791063308715820312e+00,-1.382170200347900391e+01,-8.005454063415527344e+00
-1.686339569091796875e+01,-6.045077323913574219e+00,-5.547039508819580078e+00,-1.348931598663330078e+01,-9.493631362915039062e+00
-1.664310646057128906e+01,-5.678332328796386719e+00,-5.827427864074707031e+00,-1.396729278564453125e+01,-9.440741539001464844e+00
-1.806068038940429688e+01,-5.562523841857910156e+00,-5.525963783264160156e+00,-1.353852558135986328e+01,-1.188966369628906250e+01
-1.810315704345703125e+01,-5.256717681884765625e+00,-6.363898277282714844e+00,-1.305834197998046875e+01,-1.318281745910644531e+01
-1.788743400573730469e+01,-5.790663719177246094e+00,-4.953055381774902344e+00,-1.433458328247070312e+01,-1.317058181762695312e+01
-1.746273994445800781e+01,-6.580239295959472656e+00,-4.311694145202636719e+00,-1.351910686492919922e+01,-1.247784805297851562e+01
-1.703078079223632812e+01,-6.445161819458007812e+00,-4.851649284362792969e+00,-1.268238544464111328e+01,-9.176585197448730469e+00
-1.707417488098144531e+01,-5.630361557006835938e+00,-5.860410690307617188e+00,-1.313196182250976562e+01,-1.022409152984619141e+01
-1.748244476318359375e+01,-5.455410003662109375e+00,-6.124487876892089844e+00,-1.292968654632568359e+01,-1.210404777526855469e+01
-1.837068748474121094e+01,-5.529849052429199219e+00,-5.450074672698974609e+00,-1.433914756774902344e+01,-1.303197002410888672e+01
-1.728729820251464844e+01,-5.852295398712158203e+00,-4.781913757324218750e+00,-1.344840240478515625e+01,-1.236925029754638672e+01
-1.721581840515136719e+01,-6.360869407653808594e+00,-4.438048362731933594e+00,-1.326409149169921875e+01,-1.299662303924560547e+01
-1.692899513244628906e+01,-6.416067123413085938e+00,-4.657750129699707031e+00,-1.260799407958984375e+01,-1.198014450073242188e+01
-1.698054504394531250e+01,-6.141492843627929688e+00,-4.833708763122558594e+00,-1.326858901977539062e+01,-1.238381195068359375e+01
-1.742507362365722656e+01,-6.145756721496582031e+00,-4.719901084899902344e+00,-1.353176021575927734e+01,-1.271735668182373047e+01
-1.741337585449218750e+01,-6.331449508666992188e+00,-4.530592918395996094e+00,-1.243250942230224609e+01,-1.218621635437011719e+01
-1.775588035583496094e+01,-6.355887413024902344e+00,-4.508247375488281250e+00,-1.184145355224609375e+01,-1.322755813598632812e+01
-1.804943466186523438e+01,-6.805725097656250000e+00,-4.267921447753906250e+00,-1.300703620910644531e+01,-1.266505432128906250e+01
-1.768903350830078125e+01,-6.406826972961425781e+00,-4.873024940490722656e+00,-1.401530551910400391e+01,-1.201426315307617188e+01
-1.753790092468261719e+01,-6.329429626464843750e+00,-4.895030975341796875e+00,-1.302884387969970703e+01,-1.106907176971435547e+01
-1.678180885314941406e+01,-6.064693450927734375e+00,-5.352016448974609375e+00,-1.323456192016601562e+01,-1.015505409240722656e+01
-1.605779838562011719e+01,-6.147902488708496094e+00,-5.373472213745117188e+00,-1.290633869171142578e+01,-9.630349159240722656e+00
-1.598623371124267578e+01,-6.095537185668945312e+00,-5.665441513061523438e+00,-1.300131511688232422e+01,-9.594803810119628906e+00
-1.656266021728515625e+01,-6.380356788635253906e+00,-5.139263153076171875e+00,-1.306149291992187500e+01,-1.145267200469970703e+01
-1.668106460571289062e+01,-6.260572433471679688e+00,-5.140791893005371094e+00,-1.322900772094726562e+01,-1.149436283111572266e+01
-1.625235176086425781e+01,-6.210930824279785156e+00,-5.282775878906250000e+00,-1.312720108032226562e+01,-1.101911163330078125e+01
-1.680891227722167969e+01,-5.890563011169433594e+00,-5.597168922424316406e+00,-1.296571254730224609e+01,-1.253846549987792969e+01
-1.703922271728515625e+01,-6.504314422607421875e+00,-4.701911926269531250e+00,-1.142031669616699219e+01,-1.237076950073242188e+01
-1.689442443847656250e+01,-6.028659820556640625e+00,-4.997223854064941406e+00,-1.167321586608886719e+01,-1.175248718261718750e+01
-1.647959899902343750e+01,-5.938672065734863281e+00,-5.733110427856445312e+00,-1.128855514526367188e+01,-1.221405410766601562e+01
-1.595221710205078125e+01,-5.764626502990722656e+00,-7.037101745605468750e+00,-1.078213119506835938e+01,-1.310811996459960938e+01
-1.571725273132324219e+01,-5.556441307067871094e+00,-7.428069114685058594e+00,-1.151160717010498047e+01,-1.340582084655761719e+01
-1.642489051818847656e+01,-5.459853172302246094e+00,-7.316607475280761719e+00,-1.232846832275390625e+01,-1.286283302307128906e+01
-1.579550743103027344e+01,-5.537103652954101562e+00,-7.636171340942382812e+00,-1.171948051452636719e+01,-1.207723999023437500e+01
-1.457249259948730469e+01,-5.585264205932617188e+00,-8.367366790771484375e+00,-1.190538406372070312e+01,-9.137618064880371094e+00
-1.480820655822753906e+01,-5.536655426025390625e+00,-9.548367500305175781e+00,-1.250594425201416016e+01,-8.804599761962890625e+00
-1.483260059356689453e+01,-5.514207839965820312e+00,-9.615536689758300781e+00,-1.254341125488281250e+01,-9.359629631042480469e+00
-1.506912612915039062e+01,-5.637498855590820312e+00,-8.520602226257324219e+00,-1.246725559234619141e+01,-9.892205238342285156e+00
-1.515848827362060547e+01,-5.558268547058105469e+00,-9.778411865234375000e+00,-1.216666603088378906e+01,-1.119845008850097656e+01
-1.475583839416503906e+01,-5.558473587036132812e+00,-1.017962551116943359e+01,-1.194336795806884766e+01,-1.095020198822021484e+01
-1.452824592590332031e+01,-5.660152435302734375e+00,-9.108655929565429688e+00,-1.258365821838378906e+01,-9.480158805847167969e+00
-1.482441234588623047e+01,-5.622004508972167969e+00,-9.309426307678222656e+00,-1.236854553222656250e+01,-1.112594985961914062e+01
-1.487345314025878906e+01,-5.558413505554199219e+00,-1.069329929351806641e+01,-1.205534362792968750e+01,-1.165921783447265625e+01
-1.494271087646484375e+01,-5.533098220825195312e+00,-1.098273658752441406e+01,-1.119545555114746094e+01,-1.193282985687255859e+01
-1.491858291625976562e+01,-5.540284633636474609e+00,-1.118443298339843750e+01,-1.025231933593750000e+01,-1.109815216064453125e+01
-1.562503814697265625e+01,-5.458588600158691406e+00,-1.336112976074218750e+01,-1.124127769470214844e+01,-1.186662197113037109e+01
-1.541444683074951172e+01,-5.535547256469726562e+00,-1.139039802551269531e+01,-1.100167846679687500e+01,-1.055710029602050781e+01
-1.388605690002441406e+01,-5.602256774902343750e+00,-1.069932365417480469e+01,-1.019429302215576172e+01,-1.159754657745361328e+01
-1.316062927246093750e+01,-5.551616668701171875e+00,-1.200127983093261719e+01,-9.851014137268066406e+00,-1.166674041748046875e+01
-1.359772300720214844e+01,-5.496831893920898438e+00,-1.298172950744628906e+01,-1.061432743072509766e+01,-1.116817855834960938e+01
-1.309916877746582031e+01,-5.413155555725097656e+00,-1.286859226226806641e+01,-1.175748252868652344e+01,-1.017802429199218750e+01
-1.380761623382568359e+01,-5.565639495849609375e+00,-1.072142601013183594e+01,-1.096644783020019531e+01,-8.679034233093261719e+00
-1.252359294891357422e+01,-5.720187187194824219e+00,-9.403463363647460938e+00,-1.008378410339355469e+01,-8.790699958801269531e+00
-1.382977485656738281e+01,-5.688601493835449219e+00,-7.132540702819824219e+00,-1.041196632385253906e+01,-9.199939727783203125e+00
-1.628080940246582031e+01,-5.362346649169921875e+00,-9.942977905273437500e+00,-1.097861289978027344e+01,-1.176538848876953125e+01
-1.642027473449707031e+01,-5.396199226379394531e+00,-9.688913345336914062e+00,-1.259156227111816406e+01,-1.250625801086425781e+01
-1.637529563903808594e+01,-5.368671417236328125e+00,-9.265774726867675781e+00,-1.190497779846191406e+01,-1.110840892791748047e+01
-1.565767860412597656e+01,-5.640495300292968750e+00,-6.644096374511718750e+00,-1.234281730651855469e+01,-8.651229858398437500e+00
-1.749850654602050781e+01,-5.332432746887207031e+00,-7.569119453430175781e+00,-1.351521873474121094e+01,-1.267320442199707031e+01
-1.749813461303710938e+01,-5.327816009521484375e+00,-8.038760185241699219e+00,-1.325254535675048828e+01,-1.272219085693359375e+01
-1.613418769836425781e+01,-5.592515945434570312e+00,-6.760205268859863281e+00,-1.323034286499023438e+01,-9.721051216125488281e+00
-1.597537994384765625e+01,-5.565050125122070312e+00,-7.178690910339355469e+00,-1.310647201538085938e+01,-8.244770050048828125e+00
-1.620740318298339844e+01,-5.305975914001464844e+00,-8.783211708068847656e+00,-1.343536186218261719e+01,-9.053826332092285156e+00
-1.656812858581542969e+01,-5.330852508544921875e+00,-8.342928886413574219e+00,-1.355365753173828125e+01,-9.743975639343261719e+00
-1.621937370300292969e+01,-5.500734329223632812e+00,-7.681534290313720703e+00,-1.351203918457031250e+01,-9.105882644653320312e+00
-1.518699932098388672e+01,-5.402449607849121094e+00,-9.060334205627441406e+00,-1.340539741516113281e+01,-7.262672424316406250e+00
-1.511336135864257812e+01,-5.738006591796875000e+00,-7.116094589233398438e+00,-1.322708225250244141e+01,-6.876292705535888672e+00
-1.526431846618652344e+01,-5.427075386047363281e+00,-9.036552429199218750e+00,-1.365692901611328125e+01,-7.731313705444335938e+00
-1.501180267333984375e+01,-5.522466659545898438e+00,-8.788943290710449219e+00,-1.366658592224121094e+01,-6.882612228393554688e+00
-1.495619583129882812e+01,-5.989376068115234375e+00,-7.880625724792480469e+00,-1.304021644592285156e+01,-7.019577026367187500e+00
-1.522448921203613281e+01,-5.568094730377197266e+00,-8.512654304504394531e+00,-1.334897041320800781e+01,-7.682442665100097656e+00
-1.518317222595214844e+01,-5.620187759399414062e+00,-9.147410392761230469e+00,-1.266055679321289062e+01,-8.157051086425781250e+00
-1.580440044403076172e+01,-5.569256782531738281e+00,-8.716814041137695312e+00,-1.207858276367187500e+01,-9.280109405517578125e+00
-1.652620506286621094e+01,-5.615674018859863281e+00,-6.185054779052734375e+00,-1.193093109130859375e+01,-1.167718029022216797e+01
-1.731067657470703125e+01,-5.276479244232177734e+00,-8.522977828979492188e+00,-1.332733535766601562e+01,-1.459981918334960938e+01
-1.704873847961425781e+01,-5.243943214416503906e+00,-1.041145610809326172e+01,-1.257044601440429688e+01,-1.529562473297119141e+01
-1.514031124114990234e+01,-5.380581855773925781e+00,-1.153194522857666016e+01,-8.524597167968750000e+00,-1.398462486267089844e+01
-1.255946540832519531e+01,-6.297868251800537109e+00,-6.993050575256347656e+00,-6.472470283508300781e+00,-1.232631683349609375e+01
-1.230047607421875000e+01,-6.305176734924316406e+00,-6.032088756561279297e+00,-6.785688400268554688e+00,-1.291305923461914062e+01
-1.573535346984863281e+01,-5.287769794464111328e+00,-7.616394996643066406e+00,-1.218701267242431641e+01,-1.221267986297607422e+01
-1.612895393371582031e+01,-5.441522598266601562e+00,-8.365462303161621094e+00,-1.239588260650634766e+01,-9.892110824584960938e+00
-1.524771499633789062e+01,-6.096432685852050781e+00,-7.047598838806152344e+00,-1.105503273010253906e+01,-8.474439620971679688e+00
-1.443364620208740234e+01,-7.011392593383789062e+00,-6.145136833190917969e+00,-9.339160919189453125e+00,-7.653859138488769531e+00
-1.528546142578125000e+01,-5.805801868438720703e+00,-7.844706535339355469e+00,-1.089587783813476562e+01,-1.097105693817138672e+01
-1.401240825653076172e+01,-5.946089744567871094e+00,-7.679709911346435547e+00,-1.066909790039062500e+01,-9.154839515686035156e+00
-1.511288452148437500e+01,-5.620394706726074219e+00,-8.863050460815429688e+00,-1.054289436340332031e+01,-9.961411476135253906e+00
-1.528529167175292969e+01,-5.591705322265625000e+00,-9.530403137207031250e+00,-1.131863307952880859e+01,-1.025078964233398438e+01
-1.549022102355957031e+01,-5.564134597778320312e+00,-1.017268562316894531e+01,-1.124772357940673828e+01,-1.181977462768554688e+01
-1.517724132537841797e+01,-5.443896770477294922e+00,-1.177613162994384766e+01,-1.247947025299072266e+01,-1.237036418914794922e+01
-1.469156837463378906e+01,-5.264774799346923828e+00,-1.493759346008300781e+01,-1.396781253814697266e+01,-1.357974433898925781e+01
-1.445404720306396484e+01,-5.264618873596191406e+00,-1.418896198272705078e+01,-1.299727535247802734e+01,-1.264338970184326172e+01
-1.489114379882812500e+01,-5.292733192443847656e+00,-1.510146903991699219e+01,-1.362820816040039062e+01,-1.221492099761962891e+01
-1.443811130523681641e+01,-5.231478691101074219e+00,-1.436235618591308594e+01,-1.239022827148437500e+01,-1.259606170654296875e+01
-1.527969741821289062e+01,-5.232013702392578125e+00,-1.554830074310302734e+01,-1.349075508117675781e+01,-1.446509552001953125e+01
-1.479009819030761719e+01,-5.275935173034667969e+00,-1.526299667358398438e+01,-1.249205780029296875e+01,-1.194381904602050781e+01
-1.530334377288818359e+01,-5.349586963653564453e+00,-1.649311065673828125e+01,-1.341269493103027344e+01,-1.101543235778808594e+01
-1.523504257202148438e+01,-5.396157264709472656e+00,-1.702818870544433594e+01,-1.286125564575195312e+01,-1.031334877014160156e+01
-1.450558185577392578e+01,-5.330350875854492188e+00,-1.661612701416015625e+01,-1.222744560241699219e+01,-1.041855907440185547e+01
-1.501229953765869141e+01,-5.301487922668457031e+00,-1.569025993347167969e+01,-1.356885623931884766e+01,-1.265388679504394531e+01
-1.535284137725830078e+01,-5.305834293365478516e+00,-1.603844642639160156e+01,-1.383335971832275391e+01,-1.340327453613281250e+01
-1.587304115295410156e+01,-5.350879669189453125e+00,-1.657328796386718750e+01,-1.423324966430664062e+01,-1.377180862426757812e+01
-1.541902256011962891e+01,-5.379099845886230469e+00,-1.670588684082031250e+01,-1.424295616149902344e+01,-1.289484977722167969e+01
-1.575309562683105469e+01,-5.380870819091796875e+00,-1.661749076843261719e+01,-1.407430839538574219e+01,-1.347152900695800781e+01
-1.520164871215820312e+01,-5.398149490356445312e+00,-1.615771102905273438e+01,-1.395167350769042969e+01,-1.308003425598144531e+01
-1.623807907104492188e+01,-5.422166347503662109e+00,-1.639290809631347656e+01,-1.443153953552246094e+01,-1.291636085510253906e+01
-1.547588920593261719e+01,-5.428113937377929688e+00,-1.691418838500976562e+01,-1.475752449035644531e+01,-1.195695590972900391e+01
-1.422599220275878906e+01,-5.324670791625976562e+00,-1.586472892761230469e+01,-1.352506351470947266e+01,-1.059489345550537109e+01
-1.451320362091064453e+01,-5.258741855621337891e+00,-1.481619453430175781e+01,-1.351072311401367188e+01,-1.342105674743652344e+01
-1.597431564331054688e+01,-5.332802772521972656e+00,-1.507189655303955078e+01,-1.367142581939697266e+01,-1.481586933135986328e+01
-1.580071449279785156e+01,-5.311101913452148438e+00,-1.568108081817626953e+01,-1.377745056152343750e+01,-1.453630733489990234e+01
-1.609055328369140625e+01,-5.297351837158203125e+00,-1.303782558441162109e+01,-1.326560211181640625e+01,-1.290398788452148438e+01
-1.657292175292968750e+01,-5.304718971252441406e+00,-1.194237136840820312e+01,-1.329772377014160156e+01,-1.220817565917968750e+01
-1.667229843139648438e+01,-5.319893836975097656e+00,-1.197194290161132812e+01,-1.336488437652587891e+01,-1.269128417968750000e+01
-1.601674079895019531e+01,-5.280953407287597656e+00,-1.219239902496337891e+01,-1.391972923278808594e+01,-1.250061130523681641e+01
-1.620286750793457031e+01,-5.291430473327636719e+00,-1.234587574005126953e+01,-1.338192558288574219e+01,-1.149090480804443359e+01
-1.651677703857421875e+01,-5.364470481872558594e+00,-1.387596797943115234e+01,-1.336591720581054688e+01,-1.259309864044189453e+01
-1.715063095092773438e+01,-5.311918258666992188e+00,-1.295779800415039062e+01,-1.395772552490234375e+01,-1.162897014617919922e+01
-1.701801490783691406e+01,-5.371101379394531250e+00,-1.378973388671875000e+01,-1.377362060546875000e+01,-1.196298503875732422e+01
-1.625958824157714844e+01,-5.369852066040039062e+00,-1.369078350067138672e+01,-1.346988105773925781e+01,-1.048066329956054688e+01
-1.523927497863769531e+01,-5.383907318115234375e+00,-1.206334400177001953e+01,-1.214299869537353516e+01,-1.055532073974609375e+01
-1.572820663452148438e+01,-5.437828063964843750e+00,-9.509928703308105469e+00,-1.219417667388916016e+01,-1.031680965423583984e+01
-1.819101715087890625e+01,-5.306851387023925781e+00,-1.091251087188720703e+01,-1.333592796325683594e+01,-1.339292430877685547e+01
-1.741105270385742188e+01,-5.267477035522460938e+00,-1.088655185699462891e+01,-1.306155586242675781e+01,-1.168189239501953125e+01
-1.702983283996582031e+01,-5.350576400756835938e+00,-8.286138534545898438e+00,-1.319581985473632812e+01,-1.286507701873779297e+01
-1.741425132751464844e+01,-5.396715164184570312e+00,-8.161706924438476562e+00,-1.394223880767822266e+01,-1.296691608428955078e+01
-1.829356002807617188e+01,-5.327342987060546875e+00,-9.273556709289550781e+00,-1.422817420959472656e+01,-1.395195579528808594e+01
-1.787567329406738281e+01,-5.364903450012207031e+00,-9.043079376220703125e+00,-1.411462402343750000e+01,-1.380094909667968750e+01
-1.722433090209960938e+01,-5.349089622497558594e+00,-8.063458442687988281e+00,-1.448445129394531250e+01,-1.300998783111572266e+01
-1.692792701721191406e+01,-5.375812530517578125e+00,-7.667236328125000000e+00,-1.449274444580078125e+01,-1.266861724853515625e+01
-1.713761520385742188e+01,-5.386444568634033203e+00,-8.110366821289062500e+00,-1.452873802185058594e+01,-1.254518318176269531e+01
-1.665005493164062500e+01,-5.505925178527832031e+00,-6.893672943115234375e+00,-1.371711826324462891e+01,-1.163506984710693359e+01
-1.706975746154785156e+01,-5.387091636657714844e+00,-7.708871841430664062e+00,-1.351832199096679688e+01,-1.219251728057861328e+01
-1.701120948791503906e+01,-5.418457984924316406e+00,-7.297060489654541016e+00,-1.390064239501953125e+01,-1.299953842163085938e+01
-1.721796417236328125e+01,-5.457887649536132812e+00,-7.355565071105957031e+00,-1.431931877136230469e+01,-1.336696529388427734e+01
-1.733286285400390625e+01,-5.499913692474365234e+00,-6.833941459655761719e+00,-1.468166828155517578e+01,-1.370393562316894531e+01
-1.699972534179687500e+01,-5.610537528991699219e+00,-6.000385284423828125e+00,-1.402929592132568359e+01,-1.207689952850341797e+01
-1.731667137145996094e+01,-5.428285598754882812e+00,-7.516241073608398438e+00,-1.385475540161132812e+01,-1.233534622192382812e+01
-1.786116218566894531e+01,-5.296093940734863281e+00,-8.548946380615234375e+00,-1.417790794372558594e+01,-1.325995731353759766e+01
-1.679187202453613281e+01,-5.322963714599609375e+00,-8.939260482788085938e+00,-1.411093330383300781e+01,-1.163070774078369141e+01
-1.742478370666503906e+01,-5.347651481628417969e+00,-8.282496452331542969e+00,-1.433038043975830078e+01,-1.369195270538330078e+01
-1.641844367980957031e+01,-5.504344940185546875e+00,-7.174606323242187500e+00,-1.426148986816406250e+01,-1.166109275817871094e+01
-1.660239982604980469e+01,-5.714404106140136719e+00,-6.582970619201660156e+00,-1.384077262878417969e+01,-1.179799652099609375e+01
-1.700156402587890625e+01,-5.638935089111328125e+00,-6.505440235137939453e+00,-1.376208114624023438e+01,-1.268959045410156250e+01
-1.638013267517089844e+01,-5.666481971740722656e+00,-6.642174720764160156e+00,-1.428871917724609375e+01,-1.178432083129882812e+01
-1.635127067565917969e+01,-5.571865558624267578e+00,-6.270522117614746094e+00,-1.412753772735595703e+01,-1.212929630279541016e+01
-1.686668586730957031e+01,-5.627025604248046875e+00,-6.044347763061523438e+00,-1.341166019439697266e+01,-1.304443073272705078e+01
-1.747407341003417969e+01,-5.369085311889648438e+00,-7.453954696655273438e+00,-1.382007789611816406e+01,-1.423267841339111328e+01
-1.728620147705078125e+01,-5.492015838623046875e+00,-6.371710777282714844e+00,-1.331948184967041016e+01,-1.439278411865234375e+01
-1.647145271301269531e+01,-5.701980113983154297e+00,-5.718612670898437500e+00,-1.357077312469482422e+01,-1.219561862945556641e+01
-1.627653121948242188e+01,-5.932817459106445312e+00,-5.536828994750976562e+00,-1.305742549896240234e+01,-1.085517406463623047e+01
-1.653315353393554688e+01,-6.092746734619140625e+00,-5.228549003601074219e+00,-1.272282028198242188e+01,-1.188789367675781250e+01
-1.564238071441650391e+01,-6.690187931060791016e+00,-4.856655120849609375e+00,-1.304673767089843750e+01,-1.103414154052734375e+01
-1.708453369140625000e+01,-5.450322151184082031e+00,-6.206195354461669922e+00,-1.466683673858642578e+01,-1.377140808105468750e+01
-1.746211433410644531e+01,-5.739817619323730469e+00,-5.496807098388671875e+00,-1.336118888854980469e+01,-1.250882530212402344e+01
-1.711631965637207031e+01,-6.016059875488281250e+00,-5.401352882385253906e+00,-1.277984905242919922e+01,-1.203058815002441406e+01
-1.661440467834472656e+01,-6.278539657592773438e+00,-5.371260643005371094e+00,-1.228680229187011719e+01,-1.094082355499267578e+01
-1.677800941467285156e+01,-6.090637207031250000e+00,-4.938349723815917969e+00,-1.308732604980468750e+01,-1.197735118865966797e+01
-1.649890327453613281e+01,-5.865316390991210938e+00,-4.978909492492675781e+00,-1.358753204345703125e+01,-1.259614753723144531e+01
-1.607308006286621094e+01,-5.753180503845214844e+00,-4.865655899047851562e+00,-1.065034866333007812e+01,-1.423683738708496094e+01
-1.512953186035156250e+01,-7.392799377441406250e+00,-4.793955802917480469e+00,-1.221420478820800781e+01,-8.370142936706542969e+00
-1.555375099182128906e+01,-7.081077575683593750e+00,-5.008842468261718750e+00,-1.304415512084960938e+01,-8.877095222473144531e+00
-1.605699920654296875e+01,-7.497685909271240234e+00,-4.635293960571289062e+00,-1.258254146575927734e+01,-9.996907234191894531e+00
-1.693855857849121094e+01,-7.094156265258789062e+00,-4.506753921508789062e+00,-1.392998504638671875e+01,-1.148261833190917969e+01
-1.647735023498535156e+01,-8.096399307250976562e+00,-4.160619735717773438e+00,-1.378230285644531250e+01,-1.064908790588378906e+01
-1.622724342346191406e+01,-8.527747154235839844e+00,-4.036431312561035156e+00,-1.334539318084716797e+01,-1.053746604919433594e+01
-1.606911087036132812e+01,-9.369047164916992188e+00,-3.744444131851196289e+00,-1.344584655761718750e+01,-1.080023860931396484e+01
-1.630088043212890625e+01,-9.417026519775390625e+00,-3.778346300125122070e+00,-1.327738475799560547e+01,-1.098399925231933594e+01
-1.589577865600585938e+01,-8.835123062133789062e+00,-4.025274276733398438e+00,-1.335931682586669922e+01,-1.068449497222900391e+01
-1.558483314514160156e+01,-9.306153297424316406e+00,-4.034175872802734375e+00,-1.232460403442382812e+01,-1.031151771545410156e+01
-1.471711349487304688e+01,-9.990938186645507812e+00,-4.018495559692382812e+00,-1.158395195007324219e+01,-8.774886131286621094e+00
-1.483933544158935547e+01,-9.420944213867187500e+00,-4.064970970153808594e+00,-1.102818489074707031e+01,-9.448140144348144531e+00
-1.610652160644531250e+01,-1.081320190429687500e+01,-3.829402685165405273e+00,-9.722856521606445312e+00,-1.280862426757812500e+01
-1.434455299377441406e+01,-1.226931858062744141e+01,-4.085101127624511719e+00,-6.044254302978515625e+00,-1.196301269531250000e+01
-1.352173995971679688e+01,-1.296590805053710938e+01,-3.979861021041870117e+00,-6.144834041595458984e+00,-1.021917629241943359e+01
-1.330151939392089844e+01,-1.375951576232910156e+01,-4.185597419738769531e+00,-6.348709106445312500e+00,-7.980704307556152344e+00
-1.265506744384765625e+01,-1.366211318969726562e+01,-4.511070251464843750e+00,-6.188465118408203125e+00,-6.921618461608886719e+00
-1.253708171844482422e+01,-1.421477317810058594e+01,-4.438919067382812500e+00,-5.660449028015136719e+00,-7.414196014404296875e+00
-1.297823429107666016e+01,-1.397774314880371094e+01,-4.149784088134765625e+00,-5.802447795867919922e+00,-8.656526565551757812e+00
-1.338657569885253906e+01,-1.311856079101562500e+01,-4.172403335571289062e+00,-6.430697917938232422e+00,-8.453584671020507812e+00
-1.310968399047851562e+01,-1.279825687408447266e+01,-4.416881561279296875e+00,-5.850990295410156250e+00,-8.428936958312988281e+00
-1.334992885589599609e+01,-1.231851959228515625e+01,-4.047274589538574219e+00,-7.555861473083496094e+00,-8.533979415893554688e+00
-1.344930171966552734e+01,-1.179371356964111328e+01,-4.302470207214355469e+00,-7.932409286499023438e+00,-7.820512771606445312e+00
-1.394156169891357422e+01,-1.195929622650146484e+01,-4.303174018859863281e+00,-7.575062751770019531e+00,-8.121967315673828125e+00
-1.549977207183837891e+01,-1.041649818420410156e+01,-3.786251306533813477e+00,-9.102694511413574219e+00,-1.107620620727539062e+01
-1.557827758789062500e+01,-1.016550827026367188e+01,-3.709664106369018555e+00,-8.372320175170898438e+00,-1.079163837432861328e+01
-1.485377025604248047e+01,-9.335255622863769531e+00,-3.707892179489135742e+00,-7.619580745697021484e+00,-1.133695793151855469e+01
-1.538305568695068359e+01,-9.008153915405273438e+00,-3.708866834640502930e+00,-8.014995574951171875e+00,-1.077668380737304688e+01
-1.548373794555664062e+01,-8.717530250549316406e+00,-3.784662961959838867e+00,-7.646483898162841797e+00,-1.123185157775878906e+01
-1.545940017700195312e+01,-8.877584457397460938e+00,-3.818400621414184570e+00,-7.337629318237304688e+00,-1.130403041839599609e+01
-1.481749153137207031e+01,-8.474159240722656250e+00,-4.147291183471679688e+00,-7.318020820617675781e+00,-1.095530891418457031e+01
-1.368295574188232422e+01,-8.019760131835937500e+00,-4.541749000549316406e+00,-7.525319099426269531e+00,-9.134676933288574219e+00
-1.334123516082763672e+01,-8.311518669128417969e+00,-4.359529495239257812e+00,-6.729423522949218750e+00,-1.055265235900878906e+01
-1.261575508117675781e+01,-8.352421760559082031e+00,-4.130302429199218750e+00,-6.415508270263671875e+00,-1.178652477264404297e+01
-1.244598102569580078e+01,-9.045839309692382812e+00,-4.515220642089843750e+00,-5.911563873291015625e+00,-9.893286705017089844e+00
-1.386900711059570312e+01,-9.446049690246582031e+00,-4.710291862487792969e+00,-5.713761806488037109e+00,-1.146493339538574219e+01
-1.310900688171386719e+01,-9.418581008911132812e+00,-4.948638916015625000e+00,-5.992077827453613281e+00,-9.914254188537597656e+00
-1.351924324035644531e+01,-8.339708328247070312e+00,-5.434116363525390625e+00,-6.192076683044433594e+00,-1.201684761047363281e+01
-1.302885723114013672e+01,-9.672847747802734375e+00,-5.750590324401855469e+00,-5.214704513549804688e+00,-1.259043979644775391e+01
-1.254036808013916016e+01,-9.170093536376953125e+00,-5.935591697692871094e+00,-5.271322727203369141e+00,-1.238697433471679688e+01
-1.261735725402832031e+01,-9.877693176269531250e+00,-5.974310874938964844e+00,-5.181736946105957031e+00,-1.207482910156250000e+01
-7.548765659332275391e+00,-5.994381904602050781e+00,-5.962769985198974609e+00,-6.779413700103759766e+00,-4.995874404907226562e+00
-1.404722595214843750e+01,-8.637166976928710938e+00,-6.429095268249511719e+00,-5.551502704620361328e+00,-1.333806610107421875e+01
-1.370249271392822266e+01,-9.962558746337890625e+00,-6.474488258361816406e+00,-5.167803287506103516e+00,-1.328136825561523438e+01
-1.354236507415771484e+01,-9.845015525817871094e+00,-6.952120780944824219e+00,-4.902590751647949219e+00,-1.306550884246826172e+01
-1.369125938415527344e+01,-8.824117660522460938e+00,-8.549920082092285156e+00,-5.041951179504394531e+00,-1.272488307952880859e+01
-1.359121990203857422e+01,-8.462404251098632812e+00,-8.038096427917480469e+00,-5.448196411132812500e+00,-1.128711128234863281e+01
-1.444357490539550781e+01,-8.344642639160156250e+00,-7.509240150451660156e+00,-5.573745727539062500e+00,-1.271998596191406250e+01
-1.537559127807617188e+01,-7.544460773468017578e+00,-8.316831588745117188e+00,-6.111332416534423828e+00,-1.427500915527343750e+01
-1.549233436584472656e+01,-7.521374702453613281e+00,-8.924557685852050781e+00,-6.098629951477050781e+00,-1.392969989776611328e+01
-1.447676372528076172e+01,-9.139911651611328125e+00,-6.975041389465332031e+00,-5.594682216644287109e+00,-1.248230838775634766e+01
-1.523326015472412109e+01,-7.003214836120605469e+00,-8.609604835510253906e+00,-6.698372840881347656e+00,-1.483350563049316406e+01
-1.575579166412353516e+01,-6.815649032592773438e+00,-9.040658950805664062e+00,-6.691097259521484375e+00,-1.548886489868164062e+01
-1.610099220275878906e+01,-7.467619419097900391e+00,-8.838439941406250000e+00,-5.958731651306152344e+00,-1.532528495788574219e+01
-1.613815879821777344e+01,-7.133427143096923828e+00,-8.318576812744140625e+00,-5.782692909240722656e+00,-1.523411369323730469e+01
-1.350792598724365234e+01,-7.236825942993164062e+00,-6.803090095520019531e+00,-5.552366256713867188e+00,-1.091952228546142578e+01
-1.642586708068847656e+01,-7.695070266723632812e+00,-1.127879047393798828e+01,-5.137555122375488281e+00,-1.500229835510253906e+01
-1.605720901489257812e+01,-8.285623550415039062e+00,-8.257496833801269531e+00,-5.172713756561279297e+00,-1.438460636138916016e+01
-1.577919960021972656e+01,-9.392978668212890625e+00,-7.000613212585449219e+00,-4.989587783813476562e+00,-1.482879447937011719e+01
-1.537213897705078125e+01,-9.642538070678710938e+00,-5.519764900207519531e+00,-4.922305107116699219e+00,-1.466192817687988281e+01
-1.447546482086181641e+01,-9.502138137817382812e+00,-5.891534328460693359e+00,-4.774260044097900391e+00,-1.365257072448730469e+01
-1.293814182281494141e+01,-1.059347534179687500e+01,-7.285485267639160156e+00,-4.611897468566894531e+00,-1.153448486328125000e+01
-1.328445053100585938e+01,-1.128182888031005859e+01,-7.471554756164550781e+00,-4.553417205810546875e+00,-1.215001201629638672e+01
-1.310222530364990234e+01,-1.073594570159912109e+01,-1.234538936614990234e+01,-4.788971424102783203e+00,-1.314506340026855469e+01
-1.609120750427246094e+01,-1.024858665466308594e+01,-1.596900272369384766e+01,-4.610557556152343750e+00,-1.576407241821289062e+01
-1.551272964477539062e+01,-1.086448287963867188e+01,-1.773251724243164062e+01,-4.648494720458984375e+00,-1.614747428894042969e+01
-1.564390373229980469e+01,-1.132845115661621094e+01,-1.522695541381835938e+01,-4.813824653625488281e+00,-1.616913414001464844e+01
-1.234850883483886719e+01,-1.217610359191894531e+01,-1.438245868682861328e+01,-4.765260696411132812e+00,-1.347242927551269531e+01
-1.214434528350830078e+01,-1.270750904083251953e+01,-1.567955493927001953e+01,-4.727419853210449219e+00,-1.477209854125976562e+01
-1.436759185791015625e+01,-1.293413639068603516e+01,-1.587184333801269531e+01,-4.800646781921386719e+00,-1.693220329284667969e+01
-1.339716339111328125e+01,-1.198162460327148438e+01,-1.710477828979492188e+01,-4.908756256103515625e+00,-1.586641120910644531e+01
-1.498031997680664062e+01,-1.177066040039062500e+01,-1.835290718078613281e+01,-4.862801551818847656e+00,-1.727861595153808594e+01
-1.568549251556396484e+01,-1.211257553100585938e+01,-1.841061210632324219e+01,-4.833639144897460938e+00,-1.779454612731933594e+01
-1.592193412780761719e+01,-1.301522445678710938e+01,-1.785450935363769531e+01,-4.786497116088867188e+00,-1.752332305908203125e+01
-1.588574123382568359e+01,-1.294695949554443359e+01,-1.756444740295410156e+01,-4.781158447265625000e+00,-1.688772583007812500e+01
-1.581659698486328125e+01,-1.308867549896240234e+01,-1.836666297912597656e+01,-4.825721740722656250e+00,-1.698590087890625000e+01
-1.579897689819335938e+01,-1.310306262969970703e+01,-1.832825660705566406e+01,-4.852439880371093750e+00,-1.671526718139648438e+01
-1.563579177856445312e+01,-1.195954418182373047e+01,-1.874434089660644531e+01,-4.869362354278564453e+00,-1.658306694030761719e+01
-1.597863960266113281e+01,-1.177204704284667969e+01,-1.885508728027343750e+01,-4.883088111877441406e+00,-1.660329627990722656e+01
-1.634255790710449219e+01,-1.103573226928710938e+01,-1.915055274963378906e+01,-4.975325584411621094e+00,-1.757546424865722656e+01
-1.628288841247558594e+01,-1.120874404907226562e+01,-1.960802078247070312e+01,-4.912658214569091797e+00,-1.721734428405761719e+01
-1.638244438171386719e+01,-1.200495243072509766e+01,-1.878536987304687500e+01,-4.837206840515136719e+00,-1.640079498291015625e+01
-1.608634376525878906e+01,-1.268439960479736328e+01,-1.833843421936035156e+01,-4.822503566741943359e+00,-1.647568893432617188e+01
-1.603922462463378906e+01,-1.272632026672363281e+01,-1.822530746459960938e+01,-4.760886192321777344e+00,-1.677726364135742188e+01
-1.600322151184082031e+01,-1.260036087036132812e+01,-1.783732604980468750e+01,-4.809712409973144531e+00,-1.667488098144531250e+01
-1.608625602722167969e+01,-1.302358913421630859e+01,-1.807347679138183594e+01,-4.869259834289550781e+00,-1.684786415100097656e+01
-1.612540245056152344e+01,-1.284816265106201172e+01,-1.835720443725585938e+01,-4.886563301086425781e+00,-1.652190589904785156e+01
-1.620514488220214844e+01,-1.278486156463623047e+01,-1.748918724060058594e+01,-4.817493438720703125e+00,-1.598668670654296875e+01
-1.638046264648437500e+01,-1.283120727539062500e+01,-1.710406303405761719e+01,-4.830883026123046875e+00,-1.609527015686035156e+01
-1.633820915222167969e+01,-1.252160835266113281e+01,-1.841698265075683594e+01,-4.844585895538330078e+00,-1.651403617858886719e+01
-1.608197593688964844e+01,-1.245484447479248047e+01,-1.693947601318359375e+01,-4.808556079864501953e+00,-1.623175239562988281e+01
-1.582681655883789062e+01,-1.237266254425048828e+01,-1.777422904968261719e+01,-4.860863208770751953e+00,-1.637596702575683594e+01
-1.557707023620605469e+01,-1.285864925384521484e+01,-1.864146804809570312e+01,-4.852205276489257812e+00,-1.592045783996582031e+01
-1.528439140319824219e+01,-1.267558860778808594e+01,-1.832516479492187500e+01,-4.894124984741210938e+00,-1.548329544067382812e+01
-1.482718467712402344e+01,-1.272702598571777344e+01,-1.782732009887695312e+01,-5.069130420684814453e+00,-1.539988231658935547e+01
-1.457966613769531250e+01,-1.164041519165039062e+01,-1.834090232849121094e+01,-5.041378498077392578e+00,-1.552536010742187500e+01
-1.471657466888427734e+01,-1.077857971191406250e+01,-1.814568710327148438e+01,-5.056526184082031250e+00,-1.539793300628662109e+01
-1.399283409118652344e+01,-1.170330429077148438e+01,-1.871542167663574219e+01,-4.898774623870849609e+00,-1.418994712829589844e+01
-1.350160694122314453e+01,-1.261619281768798828e+01,-1.724268150329589844e+01,-4.783095359802246094e+00,-1.379596519470214844e+01
-1.310199260711669922e+01,-1.288040256500244141e+01,-1.548701763153076172e+01,-4.747802734375000000e+00,-1.258008193969726562e+01
-1.308320236206054688e+01,-1.280062580108642578e+01,-1.519048023223876953e+01,-4.780947685241699219e+00,-1.146763610839843750e+01
-1.291440963745117188e+01,-1.296228218078613281e+01,-1.305627346038818359e+01,-4.799091815948486328e+00,-1.050161552429199219e+01
-1.346488857269287109e+01,-1.301472282409667969e+01,-1.418626022338867188e+01,-4.912284374237060547e+00,-1.140378284454345703e+01
-1.349999046325683594e+01,-1.282219696044921875e+01,-1.210449123382568359e+01,-4.886961936950683594e+00,-1.127056694030761719e+01
-1.287649154663085938e+01,-1.386464500427246094e+01,-9.546567916870117188e+00,-4.858453750610351562e+00,-9.012563705444335938e+00
-1.262275409698486328e+01,-1.352070617675781250e+01,-1.062297630310058594e+01,-4.875149726867675781e+00,-8.733886718750000000e+00
-1.352314949035644531e+01,-1.386211204528808594e+01,-1.040011596679687500e+01,-4.972999095916748047e+00,-1.079006004333496094e+01
-1.167133808135986328e+01,-1.472282409667968750e+01,-8.308031082153320312e+00,-4.879418373107910156e+00,-6.142348289489746094e+00
-1.210466861724853516e+01,-1.373834609985351562e+01,-8.076956748962402344e+00,-4.881904602050781250e+00,-7.745821952819824219e+00
-1.152949047088623047e+01,-1.255067729949951172e+01,-1.011134147644042969e+01,-4.739977359771728516e+00,-8.175457954406738281e+00
-1.193846797943115234e+01,-1.313319873809814453e+01,-9.238750457763671875e+00,-4.751425743103027344e+00,-7.760003089904785156e+00
-1.146679782867431641e+01,-1.414496421813964844e+01,-8.577557563781738281e+00,-4.755552291870117188e+00,-7.156773567199707031e+00
-1.106938457489013672e+01,-1.405016326904296875e+01,-8.467513084411621094e+00,-4.780358314514160156e+00,-6.833799362182617188e+00
-1.124680042266845703e+01,-1.430712795257568359e+01,-8.426259040832519531e+00,-4.831517696380615234e+00,-6.581688880920410156e+00
-1.152836704254150391e+01,-1.423299884796142578e+01,-8.820847511291503906e+00,-4.844266891479492188e+00,-7.321887969970703125e+00
-1.292208480834960938e+01,-1.318817806243896484e+01,-1.128327465057373047e+01,-4.869236469268798828e+00,-1.008068180084228516e+01
-1.242584228515625000e+01,-1.340652656555175781e+01,-1.394295024871826172e+01,-4.949248313903808594e+00,-9.894057273864746094e+00
-1.227653026580810547e+01,-1.346798419952392578e+01,-1.370179939270019531e+01,-4.852523803710937500e+00,-8.522416114807128906e+00
-1.185553932189941406e+01,-1.343979167938232422e+01,-1.434122657775878906e+01,-4.786786079406738281e+00,-7.962915420532226562e+00
-1.211094093322753906e+01,-1.305113506317138672e+01,-1.484951019287109375e+01,-4.730146884918212891e+00,-8.266391754150390625e+00
-1.180203819274902344e+01,-1.353475189208984375e+01,-1.485396480560302734e+01,-4.694130897521972656e+00,-9.691390037536621094e+00
-1.224164295196533203e+01,-1.325150966644287109e+01,-1.552526855468750000e+01,-4.661595344543457031e+00,-1.016212272644042969e+01
-1.134720897674560547e+01,-1.296234703063964844e+01,-1.500056743621826172e+01,-4.625525951385498047e+00,-9.463673591613769531e+00
-1.117519950866699219e+01,-1.304576110839843750e+01,-1.416516590118408203e+01,-4.649511814117431641e+00,-8.921430587768554688e+00
-1.177711772918701172e+01,-1.348031711578369141e+01,-1.371967411041259766e+01,-4.676664829254150391e+00,-9.467366218566894531e+00
-1.265079498291015625e+01,-1.329758167266845703e+01,-1.495761489868164062e+01,-4.718361854553222656e+00,-1.165387821197509766e+01
-1.275091838836669922e+01,-1.358914375305175781e+01,-1.535754871368408203e+01,-4.742699623107910156e+00,-1.258208084106445312e+01
-1.263317203521728516e+01,-1.329398345947265625e+01,-1.414334583282470703e+01,-4.729306221008300781e+00,-1.082908439636230469e+01
-1.207814216613769531e+01,-1.312866497039794922e+01,-1.411060619354248047e+01,-4.713754653930664062e+00,-9.428494453430175781e+00
-1.250078964233398438e+01,-1.290348052978515625e+01,-1.436897373199462891e+01,-4.707317829132080078e+00,-1.022306537628173828e+01
-1.228453159332275391e+01,-1.328777790069580078e+01,-1.384453296661376953e+01,-4.678850650787353516e+00,-9.477196693420410156e+00
-1.182294273376464844e+01,-1.352900600433349609e+01,-1.328912067413330078e+01,-4.698728084564208984e+00,-8.730614662170410156e+00
-1.210651206970214844e+01,-1.327567100524902344e+01,-1.301701354980468750e+01,-4.739028453826904297e+00,-8.747686386108398438e+00
-1.171423053741455078e+01,-1.375389480590820312e+01,-1.202816963195800781e+01,-4.741016864776611328e+00,-8.542667388916015625e+00
-1.115226650238037109e+01,-1.330690765380859375e+01,-1.227503299713134766e+01,-4.750526905059814453e+00,-7.456742286682128906e+00
-1.120063972473144531e+01,-1.333804988861083984e+01,-1.252158451080322266e+01,-4.744195461273193359e+00,-7.002900123596191406e+00
-9.826383590698242188e+00,-1.359650039672851562e+01,-1.164567661285400391e+01,-4.747108459472656250e+00,-5.049353599548339844e+00
-9.807210922241210938e+00,-1.378333854675292969e+01,-1.111133766174316406e+01,-4.763597488403320312e+00,-5.147121429443359375e+00
-1.005361938476562500e+01,-1.340384006500244141e+01,-1.098121929168701172e+01,-4.881193637847900391e+00,-5.271390914916992188e+00
-1.032060146331787109e+01,-1.316198444366455078e+01,-1.110948085784912109e+01,-5.083180904388427734e+00,-4.831231117248535156e+00
-1.036697578430175781e+01,-1.247067165374755859e+01,-1.138954925537109375e+01,-4.998149394989013672e+00,-4.829671859741210938e+00
-1.008216381072998047e+01,-1.219207954406738281e+01,-1.208321094512939453e+01,-5.021026611328125000e+00,-4.638478279113769531e+00
-1.008828067779541016e+01,-1.268466567993164062e+01,-1.139008426666259766e+01,-5.339536190032958984e+00,-4.231450080871582031e+00
-9.795422554016113281e+00,-1.256628417968750000e+01,-1.125681877136230469e+01,-5.196237564086914062e+00,-4.131953239440917969e+00
-9.759918212890625000e+00,-1.298007965087890625e+01,-1.167654418945312500e+01,-5.077766895294189453e+00,-4.329982757568359375e+00
-1.016854476928710938e+01,-1.230068111419677734e+01,-1.121195030212402344e+01,-5.135742664337158203e+00,-4.592569351196289062e+00
-9.088594436645507812e+00,-1.331843757629394531e+01,-1.223649501800537109e+01,-5.057486534118652344e+00,-4.247475624084472656e+00
-9.128166198730468750e+00,-1.349231433868408203e+01,-1.240612125396728516e+01,-5.132760047912597656e+00,-4.102648735046386719e+00
-8.928760528564453125e+00,-1.335464000701904297e+01,-1.249794006347656250e+01,-4.884683132171630859e+00,-4.263940811157226562e+00
-8.983018875122070312e+00,-1.332635879516601562e+01,-1.215965747833251953e+01,-4.899194717407226562e+00,-4.271174430847167969e+00
-9.243124008178710938e+00,-1.311545372009277344e+01,-1.210562992095947266e+01,-5.067754268646240234e+00,-3.992896318435668945e+00
-9.948390960693359375e+00,-1.107865715026855469e+01,-1.147046756744384766e+01,-5.695305824279785156e+00,-3.586539030075073242e+00
-9.926763534545898438e+00,-1.126944541931152344e+01,-1.050441169738769531e+01,-5.484996795654296875e+00,-3.951336145401000977e+00
-9.904388427734375000e+00,-1.202318477630615234e+01,-9.604729652404785156e+00,-5.473721027374267578e+00,-4.233249664306640625e+00
-9.762651443481445312e+00,-1.143700885772705078e+01,-1.008086204528808594e+01,-5.675600051879882812e+00,-3.966301679611206055e+00
-1.001371002197265625e+01,-1.083335304260253906e+01,-1.049678802490234375e+01,-5.245914936065673828e+00,-4.300034523010253906e+00
-9.621591567993164062e+00,-1.149140739440917969e+01,-1.044143009185791016e+01,-5.291994094848632812e+00,-4.015586853027343750e+00
-9.651144981384277344e+00,-1.043582916259765625e+01,-1.061288928985595703e+01,-5.818972587585449219e+00,-3.729083299636840820e+00
-9.355437278747558594e+00,-1.136831474304199219e+01,-1.042731475830078125e+01,-5.533148288726806641e+00,-3.711655855178833008e+00
-9.063721656799316406e+00,-1.170369815826416016e+01,-1.066608810424804688e+01,-5.322340965270996094e+00,-3.745048284530639648e+00
-9.360704421997070312e+00,-1.060422706604003906e+01,-9.588465690612792969e+00,-5.425520896911621094e+00,-4.239379882812500000e+00
-9.570243835449218750e+00,-1.088187599182128906e+01,-1.061411762237548828e+01,-5.177040100097656250e+00,-4.036143302917480469e+00
-9.674361228942871094e+00,-9.937177658081054688e+00,-1.122874736785888672e+01,-5.217184543609619141e+00,-4.026931762695312500e+00
-9.763111114501953125e+00,-1.070183181762695312e+01,-1.070700168609619141e+01,-5.371455669403076172e+00,-3.787670850753784180e+00
-9.304845809936523438e+00,-1.121142005920410156e+01,-1.109729003906250000e+01,-5.203469753265380859e+00,-3.850417852401733398e+00
-9.586002349853515625e+00,-1.049473285675048828e+01,-1.013724899291992188e+01,-5.277405261993408203e+00,-4.265601158142089844e+00
-9.133830070495605469e+00,-1.056809425354003906e+01,-1.103912162780761719e+01,-5.136699199676513672e+00,-4.320681571960449219e+00
-7.348994255065917969e+00,-5.922033309936523438e+00,-6.219463348388671875e+00,-7.028893470764160156e+00,-5.066484451293945312e+00
-9.345991134643554688e+00,-9.573308944702148438e+00,-1.045151424407958984e+01,-5.843785285949707031e+00,-4.011611938476562500e+00
-7.326999664306640625e+00,-5.913508415222167969e+00,-6.202087402343750000e+00,-7.065685749053955078e+00,-5.088486671447753906e+00
-9.384816169738769531e+00,-1.040733528137207031e+01,-1.111866283416748047e+01,-5.920657634735107422e+00,-3.551659345626831055e+00
-9.313100814819335938e+00,-1.116422367095947266e+01,-1.135699558258056641e+01,-5.353803157806396484e+00,-3.608124017715454102e+00
-9.500959396362304688e+00,-1.088241481781005859e+01,-1.123975944519042969e+01,-5.099027156829833984e+00,-3.699607610702514648e+00
-9.497255325317382812e+00,-1.067972946166992188e+01,-1.177689075469970703e+01,-5.185154438018798828e+00,-3.711065053939819336e+00
-9.839084625244140625e+00,-1.104399204254150391e+01,-1.113840484619140625e+01,-5.298586368560791016e+00,-3.492181539535522461e+00
-1.086141014099121094e+01,-9.452784538269042969e+00,-1.135462951660156250e+01,-6.147012233734130859e+00,-3.606224775314331055e+00
-1.156743144989013672e+01,-8.163414001464843750e+00,-1.166559886932373047e+01,-6.355885505676269531e+00,-4.067007064819335938e+00
-1.166123294830322266e+01,-8.081140518188476562e+00,-1.024948406219482422e+01,-6.649323463439941406e+00,-3.962563276290893555e+00
-1.201292228698730469e+01,-7.440990447998046875e+00,-8.881024360656738281e+00,-7.498315334320068359e+00,-4.172225952148437500e+00
-1.180126953125000000e+01,-7.992215633392333984e+00,-9.899588584899902344e+00,-6.685791492462158203e+00,-4.000154495239257812e+00
-1.228966045379638672e+01,-7.865466594696044922e+00,-9.288397789001464844e+00,-6.491263389587402344e+00,-4.453278541564941406e+00
-1.170868301391601562e+01,-7.826583862304687500e+00,-9.960324287414550781e+00,-6.670528411865234375e+00,-4.017599105834960938e+00
-1.105717086791992188e+01,-8.472934722900390625e+00,-9.225287437438964844e+00,-7.308475494384765625e+00,-3.514861345291137695e+00
-1.132114982604980469e+01,-8.977426528930664062e+00,-9.102402687072753906e+00,-6.367388725280761719e+00,-3.664600133895874023e+00
-1.196797084808349609e+01,-7.625074386596679688e+00,-9.753384590148925781e+00,-6.585541725158691406e+00,-4.172188758850097656e+00
-1.222966670989990234e+01,-7.091973304748535156e+00,-9.367688179016113281e+00,-7.855087757110595703e+00,-3.919543981552124023e+00
-1.212332439422607422e+01,-7.526025772094726562e+00,-9.691658020019531250e+00,-6.886057853698730469e+00,-4.335385322570800781e+00
-1.207331848144531250e+01,-7.831590175628662109e+00,-9.850698471069335938e+00,-7.032380104064941406e+00,-4.131588935852050781e+00
-1.209106636047363281e+01,-7.251985549926757812e+00,-1.012748241424560547e+01,-6.733671188354492188e+00,-4.470048904418945312e+00
-1.333154678344726562e+01,-6.709408760070800781e+00,-8.791685104370117188e+00,-6.862844944000244141e+00,-6.324291229248046875e+00
-7.317748069763183594e+00,-5.907988071441650391e+00,-6.189867973327636719e+00,-7.083053588867187500e+00,-5.106061935424804688e+00
-1.252620601654052734e+01,-6.810814380645751953e+00,-9.157659530639648438e+00,-6.537333488464355469e+00,-5.558963775634765625e+00
-1.294211769104003906e+01,-6.669050216674804688e+00,-7.990103721618652344e+00,-6.983741760253906250e+00,-6.628472328186035156e+00
-1.316582107543945312e+01,-6.152413368225097656e+00,-9.482954978942871094e+00,-7.058494567871093750e+00,-8.960105895996093750e+00
-7.315189838409423828e+00,-5.907598495483398438e+00,-6.188694000244140625e+00,-7.085557460784912109e+00,-5.108831405639648438e+00
-1.214328384399414062e+01,-6.087057113647460938e+00,-1.217732620239257812e+01,-7.091210365295410156e+00,-8.149077415466308594e+00
-1.266009998321533203e+01,-6.274578094482421875e+00,-1.155656814575195312e+01,-6.773237228393554688e+00,-8.905422210693359375e+00
-7.371110439300537109e+00,-5.918289184570312500e+00,-6.191554069519042969e+00,-7.001086711883544922e+00,-5.077218055725097656e+00
-1.296438217163085938e+01,-5.678106307983398438e+00,-1.482700729370117188e+01,-8.069160461425781250e+00,-1.006064605712890625e+01
-1.203026008605957031e+01,-5.635958194732666016e+00,-1.447675228118896484e+01,-8.030752182006835938e+00,-9.179941177368164062e+00
-1.096120104193687439e-02,-8.685861587524414062e+00,-1.145539569854736328e+01,-6.560192108154296875e+00,-6.023241043090820312e+00
