-1.373813629150390625e+01,-5.611182212829589844e+00,-1.529240036010742188e+01,-1.690403175354003906e+01,-1.732299232482910156e+01
-1.423133659362792969e+01,-5.733800411224365234e+00,-1.517642211914062500e+01,-1.700389862060546875e+01,-1.757506942749023438e+01
-1.187704372406005859e+01,-5.671524047851562500e+00,-1.261890792846679688e+01,-1.318718910217285156e+01,-1.186883926391601562e+01
-1.221258735656738281e+01,-5.702349662780761719e+00,-1.260839653015136719e+01,-1.391693019866943359e+01,-1.329367160797119141e+01
-1.336844921112060547e+01,-5.756307125091552734e+00,-1.553240013122558594e+01,-1.711839675903320312e+01,-1.625008583068847656e+01
-1.330894565582275391e+01,-5.671623229980468750e+00,-1.513589859008789062e+01,-1.687358856201171875e+01,-1.728124809265136719e+01
-1.425275039672851562e+01,-5.664656639099121094e+00,-1.572406959533691406e+01,-1.597707939147949219e+01,-1.812294197082519531e+01
-1.555781173706054688e+01,-5.772478580474853516e+00,-1.597053527832031250e+01,-1.689028358459472656e+01,-1.758875465393066406e+01
-1.473230648040771484e+01,-5.726104259490966797e+00,-1.628827667236328125e+01,-1.651253128051757812e+01,-1.669734191894531250e+01
-1.506096744537353516e+01,-5.706764221191406250e+00,-1.663826370239257812e+01,-1.642415237426757812e+01,-1.675385665893554688e+01
-1.580600357055664062e+01,-5.730884552001953125e+00,-1.636038970947265625e+01,-1.621474456787109375e+01,-1.609189796447753906e+01
-1.498488903045654297e+01,-5.701179504394531250e+00,-1.597730064392089844e+01,-1.571932792663574219e+01,-1.539794635772705078e+01
-1.290488338470458984e+01,-5.662940025329589844e+00,-1.507739830017089844e+01,-1.493398284912109375e+01,-1.469940853118896484e+01
-1.294660568237304688e+01,-5.638131618499755859e+00,-1.493283843994140625e+01,-1.514720726013183594e+01,-1.572029209136962891e+01
-1.467915534973144531e+01,-5.717405796051025391e+00,-1.630340385437011719e+01,-1.560745048522949219e+01,-1.779693222045898438e+01
-1.583635044097900391e+01,-5.794441223144531250e+00,-1.670760917663574219e+01,-1.650895690917968750e+01,-1.866821670532226562e+01
-1.517941474914550781e+01,-5.818124771118164062e+00,-1.714547920227050781e+01,-1.637513351440429688e+01,-1.807762908935546875e+01
-1.499069023132324219e+01,-5.853172779083251953e+00,-1.747974777221679688e+01,-1.655001449584960938e+01,-1.775496482849121094e+01
-1.641930580139160156e+01,-5.820806503295898438e+00,-1.826375770568847656e+01,-1.667863845825195312e+01,-1.976842689514160156e+01
-1.506035423278808594e+01,-5.798514366149902344e+00,-1.769286155700683594e+01,-1.674895286560058594e+01,-1.785714530944824219e+01
-1.508104896545410156e+01,-5.845230102539062500e+00,-1.708580398559570312e+01,-1.689584159851074219e+01,-1.693243026733398438e+01
-7.276757717132568359e+00,-5.913528442382812500e+00,-7.599753379821777344e+00,-7.998026847839355469e+00,-5.930709838867187500e+00
-1.440881538391113281e+01,-5.908988475799560547e+00,-1.662057685852050781e+01,-1.629853820800781250e+01,-1.688450813293457031e+01
-1.329970645904541016e+01,-5.789193153381347656e+00,-1.692017745971679688e+01,-1.658602714538574219e+01,-1.468603038787841797e+01
-1.614749717712402344e+01,-5.721728801727294922e+00,-1.585559654235839844e+01,-1.691699981689453125e+01,-1.620301437377929688e+01
-1.598131084442138672e+01,-5.726555347442626953e+00,-1.658250617980957031e+01,-1.643767929077148438e+01,-1.617565917968750000e+01
-1.506217861175537109e+01,-5.829529285430908203e+00,-1.840653800964355469e+01,-1.665533065795898438e+01,-1.644157409667968750e+01
-7.278012275695800781e+00,-5.912869453430175781e+00,-7.603520393371582031e+00,-7.994821548461914062e+00,-5.930588722229003906e+00
-1.499808597564697266e+01,-5.909755706787109375e+00,-1.674598121643066406e+01,-1.623897552490234375e+01,-1.772802352905273438e+01
-1.002346229553222656e+01,-5.904477119445800781e+00,-1.139069652557373047e+01,-1.092127990722656250e+01,-9.651471138000488281e+00
-9.347552299499511719e+00,-5.971385955810546875e+00,-1.088227844238281250e+01,-1.045871353149414062e+01,-9.989989280700683594e+00
-1.493625640869140625e+01,-5.845094680786132812e+00,-1.843645858764648438e+01,-1.701264190673828125e+01,-1.750437545776367188e+01
-1.401670837402343750e+01,-5.774590969085693359e+00,-1.807719421386718750e+01,-1.715639877319335938e+01,-1.543061542510986328e+01
-1.275592803955078125e+01,-5.807808876037597656e+00,-1.803493309020996094e+01,-1.715135383605957031e+01,-1.381984615325927734e+01
-1.338536548614501953e+01,-5.815606594085693359e+00,-1.860859298706054688e+01,-1.654539108276367188e+01,-1.648883628845214844e+01
-1.463107872009277344e+01,-5.850166320800781250e+00,-1.795245552062988281e+01,-1.672040557861328125e+01,-1.920498085021972656e+01
-1.413317584991455078e+01,-5.821114063262939453e+00,-1.580133247375488281e+01,-1.431592273712158203e+01,-1.591945934295654297e+01
-1.532421302795410156e+01,-5.857289314270019531e+00,-1.803512001037597656e+01,-1.700699615478515625e+01,-1.868189430236816406e+01
-1.505579566955566406e+01,-5.850748538970947266e+00,-1.724034500122070312e+01,-1.665059089660644531e+01,-1.795448684692382812e+01
-7.280039787292480469e+00,-5.912806510925292969e+00,-7.603734016418457031e+00,-7.991742610931396484e+00,-5.931087493896484375e+00
-1.417243003845214844e+01,-5.823101997375488281e+00,-1.798308372497558594e+01,-1.548594474792480469e+01,-1.639611244201660156e+01
-1.472592639923095703e+01,-5.882010459899902344e+00,-1.910762023925781250e+01,-1.614666748046875000e+01,-1.904037475585937500e+01
-7.311977863311767578e+00,-5.895052433013916016e+00,-7.702383995056152344e+00,-7.930254936218261719e+00,-5.951195716857910156e+00
-1.408328342437744141e+01,-5.843654155731201172e+00,-1.885301971435546875e+01,-1.584502792358398438e+01,-1.936580848693847656e+01
-7.278981685638427734e+00,-5.913259029388427734e+00,-7.601327896118164062e+00,-7.994192123413085938e+00,-5.931740760803222656e+00
-1.269830608367919922e+01,-5.798310279846191406e+00,-1.746026802062988281e+01,-1.501016044616699219e+01,-1.927417755126953125e+01
-7.298471927642822266e+00,-5.902009963989257812e+00,-7.675530433654785156e+00,-7.954601287841796875e+00,-5.943221092224121094e+00
-1.356906700134277344e+01,-5.842889308929443359e+00,-1.787144088745117188e+01,-1.521356773376464844e+01,-1.833990478515625000e+01
-1.275443935394287109e+01,-5.841817855834960938e+00,-1.538687992095947266e+01,-1.508034896850585938e+01,-1.830270957946777344e+01
-7.281056404113769531e+00,-5.913454532623291016e+00,-7.602285385131835938e+00,-7.988894939422607422e+00,-5.932094573974609375e+00
-1.184463214874267578e+01,-5.813264846801757812e+00,-1.384921455383300781e+01,-1.332500076293945312e+01,-1.402393245697021484e+01
-1.379309844970703125e+01,-5.776687145233154297e+00,-1.759299278259277344e+01,-1.588470268249511719e+01,-2.035462570190429688e+01
-7.279467582702636719e+00,-5.913698673248291016e+00,-7.598985671997070312e+00,-7.993708610534667969e+00,-5.931847572326660156e+00
-1.216369247436523438e+01,-5.777783870697021484e+00,-1.822091865539550781e+01,-1.628102493286132812e+01,-1.977268218994140625e+01
-1.300316143035888672e+01,-5.819284439086914062e+00,-1.734112167358398438e+01,-1.666519927978515625e+01,-1.659117126464843750e+01
-1.005194282531738281e+01,-5.738591194152832031e+00,-1.251018810272216797e+01,-1.345955848693847656e+01,-1.330618572235107422e+01
-9.174455642700195312e+00,-5.942636013031005859e+00,-1.099653244018554688e+01,-1.001813697814941406e+01,-1.007584953308105469e+01
-1.297767448425292969e+01,-5.912652969360351562e+00,-1.849112701416015625e+01,-1.634740638732910156e+01,-1.759386634826660156e+01
-1.307658767700195312e+01,-5.835248947143554688e+00,-1.758325576782226562e+01,-1.533411026000976562e+01,-1.606725120544433594e+01
-1.281773567199707031e+01,-5.797649860382080078e+00,-1.767811965942382812e+01,-1.582330036163330078e+01,-1.538877391815185547e+01
-7.279404163360595703e+00,-5.913990974426269531e+00,-7.597969055175781250e+00,-7.992964267730712891e+00,-5.931699752807617188e+00
-7.313482761383056641e+00,-5.900166511535644531e+00,-7.694909095764160156e+00,-7.930629253387451172e+00,-5.957952499389648438e+00
-1.378459548950195312e+01,-5.867133140563964844e+00,-1.730575370788574219e+01,-1.598346519470214844e+01,-1.841517639160156250e+01
-7.440943717956542969e+00,-5.688819885253906250e+00,-8.508611679077148438e+00,-8.330394744873046875e+00,-6.539336204528808594e+00
-1.463390731811523438e+01,-5.749953269958496094e+00,-1.674605941772460938e+01,-1.633244514465332031e+01,-1.880666160583496094e+01
-1.275481605529785156e+01,-5.769452095031738281e+00,-1.658761596679687500e+01,-1.610432052612304688e+01,-1.884598731994628906e+01
-1.142370891571044922e+01,-5.824072360992431641e+00,-1.164897155761718750e+01,-1.292069816589355469e+01,-1.437412548065185547e+01
-1.170062255859375000e+01,-5.846587181091308594e+00,-1.204940986633300781e+01,-1.309791183471679688e+01,-1.422305202484130859e+01
-1.559222888946533203e+01,-5.844242095947265625e+00,-1.619421386718750000e+01,-1.595650196075439453e+01,-1.918827438354492188e+01
-1.561169815063476562e+01,-5.766174316406250000e+00,-1.714970397949218750e+01,-1.548427581787109375e+01,-1.921767425537109375e+01
-1.828473472595214844e+01,-5.710896492004394531e+00,-1.676578521728515625e+01,-1.449286079406738281e+01,-1.996419334411621094e+01
-1.861499214172363281e+01,-5.722984313964843750e+00,-1.676200103759765625e+01,-1.470726585388183594e+01,-1.899078369140625000e+01
-1.839779663085937500e+01,-5.660099983215332031e+00,-1.649578475952148438e+01,-1.525551414489746094e+01,-1.928319549560546875e+01
-1.844703865051269531e+01,-5.667576789855957031e+00,-1.602037811279296875e+01,-1.553720855712890625e+01,-1.891121482849121094e+01
-1.935935211181640625e+01,-5.605996608734130859e+00,-1.651360130310058594e+01,-1.606665229797363281e+01,-2.008115768432617188e+01
-1.922852516174316406e+01,-5.579407691955566406e+00,-1.630386161804199219e+01,-1.625151824951171875e+01,-1.982732200622558594e+01
-1.900872611999511719e+01,-5.560119628906250000e+00,-1.759577178955078125e+01,-1.635825347900390625e+01,-1.931883621215820312e+01
-1.890308189392089844e+01,-5.578503608703613281e+00,-1.687168121337890625e+01,-1.602199172973632812e+01,-1.950338554382324219e+01
-1.896844291687011719e+01,-5.549518108367919922e+00,-1.685644531250000000e+01,-1.619528388977050781e+01,-1.942279624938964844e+01
-1.852755737304687500e+01,-5.525129318237304688e+00,-1.669339179992675781e+01,-1.592701244354248047e+01,-1.936049652099609375e+01
-1.916027259826660156e+01,-5.526727676391601562e+00,-1.708466720581054688e+01,-1.592095184326171875e+01,-1.981476020812988281e+01
-1.966791725158691406e+01,-5.552356719970703125e+00,-1.739202880859375000e+01,-1.613028907775878906e+01,-2.062934303283691406e+01
-1.909520149230957031e+01,-5.557774066925048828e+00,-1.578788948059082031e+01,-1.602305793762207031e+01,-1.939238357543945312e+01
-1.946628761291503906e+01,-5.548829555511474609e+00,-1.654109382629394531e+01,-1.640378952026367188e+01,-2.012681007385253906e+01
-1.972056007385253906e+01,-5.543030738830566406e+00,-1.685090255737304688e+01,-1.626550102233886719e+01,-2.063399124145507812e+01
-1.929054641723632812e+01,-5.540203571319580078e+00,-1.663713836669921875e+01,-1.617326354980468750e+01,-2.019954109191894531e+01
-1.888751792907714844e+01,-5.507203102111816406e+00,-1.595042324066162109e+01,-1.617079544067382812e+01,-1.986877822875976562e+01
-1.898344230651855469e+01,-5.497961521148681641e+00,-1.561845779418945312e+01,-1.617732620239257812e+01,-2.006236267089843750e+01
-1.902971839904785156e+01,-5.475101947784423828e+00,-1.593336105346679688e+01,-1.612236022949218750e+01,-2.005537223815917969e+01
-1.936839103698730469e+01,-5.504981517791748047e+00,-1.605134201049804688e+01,-1.618554687500000000e+01,-2.018795585632324219e+01
-1.944938468933105469e+01,-5.495760440826416016e+00,-1.628270149230957031e+01,-1.617831230163574219e+01,-2.044026184082031250e+01
-1.942086791992187500e+01,-5.487781524658203125e+00,-1.634296035766601562e+01,-1.611219215393066406e+01,-2.064132499694824219e+01
-1.944478416442871094e+01,-5.497930526733398438e+00,-1.598122215270996094e+01,-1.604608154296875000e+01,-2.051878356933593750e+01
-1.929495429992675781e+01,-5.485638141632080078e+00,-1.537415504455566406e+01,-1.588638114929199219e+01,-2.050161933898925781e+01
-1.904088401794433594e+01,-5.474666595458984375e+00,-1.510628318786621094e+01,-1.577806091308593750e+01,-2.063189506530761719e+01
-1.934379005432128906e+01,-5.468606948852539062e+00,-1.538000679016113281e+01,-1.597753906250000000e+01,-2.056863784790039062e+01
-1.931223106384277344e+01,-5.506131172180175781e+00,-1.516271018981933594e+01,-1.594290351867675781e+01,-2.045028495788574219e+01
-1.905924415588378906e+01,-5.502299308776855469e+00,-1.578970527648925781e+01,-1.605461692810058594e+01,-2.040707969665527344e+01
-1.881463241577148438e+01,-5.476126670837402344e+00,-1.529133415222167969e+01,-1.567012500762939453e+01,-2.029019165039062500e+01
-1.948381614685058594e+01,-5.510939598083496094e+00,-1.522839546203613281e+01,-1.599590873718261719e+01,-2.074428176879882812e+01
-1.956940650939941406e+01,-5.492026329040527344e+00,-1.545005035400390625e+01,-1.592309761047363281e+01,-2.069565200805664062e+01
-1.910640907287597656e+01,-5.501678466796875000e+00,-1.578615379333496094e+01,-1.574930572509765625e+01,-2.009638214111328125e+01
-1.941670608520507812e+01,-5.503492355346679688e+00,-1.540192127227783203e+01,-1.580300712585449219e+01,-2.051740074157714844e+01
-1.902182006835937500e+01,-5.477359771728515625e+00,-1.539283180236816406e+01,-1.566158676147460938e+01,-2.042164611816406250e+01
-1.884887695312500000e+01,-5.508081436157226562e+00,-1.574434471130371094e+01,-1.528285980224609375e+01,-2.021511268615722656e+01
-1.876627922058105469e+01,-5.524004936218261719e+00,-1.596622276306152344e+01,-1.531610393524169922e+01,-1.996503257751464844e+01
-1.938346290588378906e+01,-5.553999900817871094e+00,-1.556569862365722656e+01,-1.562335586547851562e+01,-1.998677062988281250e+01
-1.953137397766113281e+01,-5.538110733032226562e+00,-1.551747798919677734e+01,-1.562149333953857422e+01,-2.031822967529296875e+01
-1.944617652893066406e+01,-5.542569637298583984e+00,-1.491995239257812500e+01,-1.552975082397460938e+01,-2.025143241882324219e+01
-1.937269020080566406e+01,-5.498508930206298828e+00,-1.483184528350830078e+01,-1.567657279968261719e+01,-2.055339431762695312e+01
-1.965195465087890625e+01,-5.553651809692382812e+00,-1.453308868408203125e+01,-1.556702613830566406e+01,-2.041511535644531250e+01
-1.968083763122558594e+01,-5.519987106323242188e+00,-1.479285430908203125e+01,-1.557192039489746094e+01,-2.052627372741699219e+01
-1.950584983825683594e+01,-5.528695106506347656e+00,-1.501733016967773438e+01,-1.542061328887939453e+01,-2.027172088623046875e+01
-1.942697715759277344e+01,-5.496799468994140625e+00,-1.482582283020019531e+01,-1.543246650695800781e+01,-2.080380630493164062e+01
-1.981315803527832031e+01,-5.585169792175292969e+00,-1.406506347656250000e+01,-1.517759132385253906e+01,-2.038369369506835938e+01
-1.870394325256347656e+01,-5.595767021179199219e+00,-1.352333068847656250e+01,-1.481410884857177734e+01,-1.999729919433593750e+01
-1.944850730895996094e+01,-5.678945541381835938e+00,-1.431462097167968750e+01,-1.485052680969238281e+01,-2.048061561584472656e+01
-1.970889472961425781e+01,-5.650138378143310547e+00,-1.262270355224609375e+01,-1.560225677490234375e+01,-1.966628074645996094e+01
-1.973886489868164062e+01,-5.665414810180664062e+00,-1.180447673797607422e+01,-1.564759063720703125e+01,-1.945727157592773438e+01
-2.000324630737304688e+01,-5.714968681335449219e+00,-1.254478454589843750e+01,-1.589786338806152344e+01,-2.016659545898437500e+01
-1.960986137390136719e+01,-5.717365264892578125e+00,-1.204424476623535156e+01,-1.612596893310546875e+01,-1.969167900085449219e+01
-1.997802543640136719e+01,-5.654247283935546875e+00,-1.481633377075195312e+01,-1.637685203552246094e+01,-2.005747222900390625e+01
-1.949938011169433594e+01,-5.670659065246582031e+00,-1.606393051147460938e+01,-1.638342285156250000e+01,-1.845569992065429688e+01
-1.994552993774414062e+01,-5.660510540008544922e+00,-1.534069061279296875e+01,-1.629061508178710938e+01,-1.802293395996093750e+01
-1.994109916687011719e+01,-5.707331657409667969e+00,-1.444083213806152344e+01,-1.564691543579101562e+01,-1.797721481323242188e+01
-1.949203681945800781e+01,-5.663968086242675781e+00,-1.436429405212402344e+01,-1.600154685974121094e+01,-1.723270034790039062e+01
-1.941283988952636719e+01,-5.683526039123535156e+00,-1.414073181152343750e+01,-1.610399627685546875e+01,-1.733336067199707031e+01
-1.971708106994628906e+01,-5.685776233673095703e+00,-1.458753013610839844e+01,-1.651369094848632812e+01,-1.773918342590332031e+01
-1.935469818115234375e+01,-5.701088428497314453e+00,-1.388908576965332031e+01,-1.649607276916503906e+01,-1.673080825805664062e+01
-1.952231979370117188e+01,-5.733929157257080078e+00,-1.334241580963134766e+01,-1.640002632141113281e+01,-1.712027359008789062e+01
-1.962875175476074219e+01,-5.738398551940917969e+00,-1.353696823120117188e+01,-1.640722656250000000e+01,-1.718452453613281250e+01
-1.976028060913085938e+01,-5.734605312347412109e+00,-1.388233375549316406e+01,-1.681901359558105469e+01,-1.756778907775878906e+01
-2.035383415222167969e+01,-5.715242385864257812e+00,-1.386285972595214844e+01,-1.639945220947265625e+01,-1.800437164306640625e+01
-1.940122795104980469e+01,-5.730489253997802734e+00,-1.310916709899902344e+01,-1.634993362426757812e+01,-1.695824432373046875e+01
-2.005413246154785156e+01,-5.742736816406250000e+00,-1.375822257995605469e+01,-1.661854171752929688e+01,-1.788262748718261719e+01
-2.089143943786621094e+01,-5.757858753204345703e+00,-1.414788436889648438e+01,-1.657136917114257812e+01,-1.875067329406738281e+01
-2.016410827636718750e+01,-5.781621932983398438e+00,-1.356478500366210938e+01,-1.543769931793212891e+01,-1.817866897583007812e+01
-2.013887023925781250e+01,-5.770245552062988281e+00,-1.298761749267578125e+01,-1.496916961669921875e+01,-1.839599990844726562e+01
-1.876551055908203125e+01,-5.881290435791015625e+00,-1.159505271911621094e+01,-1.202092838287353516e+01,-1.730477142333984375e+01
-1.849394416809082031e+01,-5.839297771453857422e+00,-1.166118907928466797e+01,-1.173127651214599609e+01,-1.734590339660644531e+01
-1.796821212768554688e+01,-5.648689270019531250e+00,-1.096962165832519531e+01,-1.276738166809082031e+01,-1.700313377380371094e+01
-1.935584068298339844e+01,-5.665231704711914062e+00,-1.224489879608154297e+01,-1.407596302032470703e+01,-1.967321395874023438e+01
-1.978001785278320312e+01,-5.693642139434814453e+00,-1.119037342071533203e+01,-1.328098773956298828e+01,-1.988336753845214844e+01
-1.156580162048339844e+01,-5.874122619628906250e+00,-9.292238235473632812e+00,-8.225278854370117188e+00,-1.166225147247314453e+01
-1.941655158996582031e+01,-5.939626216888427734e+00,-1.210823631286621094e+01,-9.964797019958496094e+00,-1.953210830688476562e+01
-1.938277435302734375e+01,-5.893143653869628906e+00,-1.098444271087646484e+01,-1.065186882019042969e+01,-1.872638511657714844e+01
-1.888887214660644531e+01,-5.826576232910156250e+00,-1.055694961547851562e+01,-1.206916713714599609e+01,-1.860904693603515625e+01
-2.003782081604003906e+01,-5.808120727539062500e+00,-1.206809139251708984e+01,-1.438144874572753906e+01,-1.990209197998046875e+01
-2.020640563964843750e+01,-5.820372104644775391e+00,-1.222781181335449219e+01,-1.472025680541992188e+01,-1.977256202697753906e+01
-2.025308799743652344e+01,-5.845755577087402344e+00,-1.219952106475830078e+01,-1.461302947998046875e+01,-1.940472602844238281e+01
-2.080067253112792969e+01,-5.870420455932617188e+00,-1.244509696960449219e+01,-1.328485488891601562e+01,-1.933205795288085938e+01
-2.119642829895019531e+01,-5.880615234375000000e+00,-1.287699890136718750e+01,-1.430365943908691406e+01,-1.951419258117675781e+01
-2.125777626037597656e+01,-5.827929496765136719e+00,-1.342234039306640625e+01,-1.325979709625244141e+01,-1.956628417968750000e+01
-2.133335304260253906e+01,-5.821449756622314453e+00,-1.340706825256347656e+01,-1.347234535217285156e+01,-1.970653152465820312e+01
-2.103571510314941406e+01,-5.771910667419433594e+00,-1.425564384460449219e+01,-1.262790870666503906e+01,-1.967090034484863281e+01
-2.125043296813964844e+01,-5.792985916137695312e+00,-1.459930801391601562e+01,-1.381106853485107422e+01,-1.981709480285644531e+01
-2.141556739807128906e+01,-5.769511222839355469e+00,-1.526210784912109375e+01,-1.384355545043945312e+01,-1.998514556884765625e+01
-2.135558891296386719e+01,-5.717012405395507812e+00,-1.474881362915039062e+01,-1.361494064331054688e+01,-2.003129386901855469e+01
-2.128709983825683594e+01,-5.748092651367187500e+00,-1.472854995727539062e+01,-1.450760078430175781e+01,-1.981392669677734375e+01
-2.166030311584472656e+01,-5.760929107666015625e+00,-1.498452186584472656e+01,-1.449650096893310547e+01,-2.005585289001464844e+01
-2.170934104919433594e+01,-5.768040657043457031e+00,-1.527264022827148438e+01,-1.484835815429687500e+01,-2.010407447814941406e+01
-2.152768898010253906e+01,-5.757837295532226562e+00,-1.506783390045166016e+01,-1.486383533477783203e+01,-2.010105514526367188e+01
-2.157146263122558594e+01,-5.760933876037597656e+00,-1.530300331115722656e+01,-1.498872852325439453e+01,-1.993013191223144531e+01
-2.149472999572753906e+01,-5.770931720733642578e+00,-1.496836853027343750e+01,-1.480817794799804688e+01,-2.007448768615722656e+01
-2.126980018615722656e+01,-5.764327049255371094e+00,-1.542211151123046875e+01,-1.469804668426513672e+01,-1.990154266357421875e+01
-2.132988548278808594e+01,-5.835436344146728516e+00,-1.491933917999267578e+01,-1.503923892974853516e+01,-1.969209861755371094e+01
-2.135051918029785156e+01,-5.797952651977539062e+00,-1.549390792846679688e+01,-1.490865516662597656e+01,-1.993755149841308594e+01
-2.096521377563476562e+01,-5.792759895324707031e+00,-1.553086757659912109e+01,-1.458225250244140625e+01,-1.973241043090820312e+01
-2.096848869323730469e+01,-5.760204315185546875e+00,-1.498012924194335938e+01,-1.461037158966064453e+01,-2.006044387817382812e+01
-2.104922676086425781e+01,-5.753404140472412109e+00,-1.498763847351074219e+01,-1.473727989196777344e+01,-1.998578643798828125e+01
-2.103965187072753906e+01,-5.773135185241699219e+00,-1.458421897888183594e+01,-1.470917129516601562e+01,-1.999045944213867188e+01
-2.103373527526855469e+01,-5.777017593383789062e+00,-1.531236267089843750e+01,-1.471625614166259766e+01,-2.007699584960937500e+01
-2.107766914367675781e+01,-5.757230758666992188e+00,-1.587411117553710938e+01,-1.500072479248046875e+01,-2.022952461242675781e+01
-2.073118209838867188e+01,-5.763033390045166016e+00,-1.532195854187011719e+01,-1.458418083190917969e+01,-2.000914382934570312e+01
-2.049441337585449219e+01,-5.701758861541748047e+00,-1.555416870117187500e+01,-1.474039554595947266e+01,-2.012644386291503906e+01
-2.036403846740722656e+01,-5.705123901367187500e+00,-1.647307968139648438e+01,-1.504940509796142578e+01,-1.981504631042480469e+01
-2.107914924621582031e+01,-5.733797073364257812e+00,-1.612350463867187500e+01,-1.524095439910888672e+01,-2.027452278137207031e+01
-2.116139602661132812e+01,-5.762000083923339844e+00,-1.607009124755859375e+01,-1.524119949340820312e+01,-2.034784889221191406e+01
-2.067544364929199219e+01,-5.733121871948242188e+00,-1.621562767028808594e+01,-1.514450740814208984e+01,-2.006198883056640625e+01
-2.059353446960449219e+01,-5.723103523254394531e+00,-1.569160842895507812e+01,-1.475489234924316406e+01,-2.011829185485839844e+01
-1.989628410339355469e+01,-5.690751075744628906e+00,-1.543593025207519531e+01,-1.473401546478271484e+01,-2.010085487365722656e+01
-1.913694190979003906e+01,-5.730502128601074219e+00,-1.416511154174804688e+01,-1.394991683959960938e+01,-1.964699554443359375e+01
-1.916169548034667969e+01,-5.753905296325683594e+00,-1.433532524108886719e+01,-1.323989200592041016e+01,-1.978013229370117188e+01
-1.957383728027343750e+01,-5.691340446472167969e+00,-1.457548332214355469e+01,-1.459183120727539062e+01,-2.029261207580566406e+01
-1.855586051940917969e+01,-5.625951290130615234e+00,-1.459246253967285156e+01,-1.227357578277587891e+01,-2.052277183532714844e+01
-1.869656181335449219e+01,-5.651242256164550781e+00,-1.484414482116699219e+01,-1.288655853271484375e+01,-2.016691780090332031e+01
-1.999894905090332031e+01,-5.636085987091064453e+00,-1.473348999023437500e+01,-1.466099548339843750e+01,-2.018288230895996094e+01
-2.039599037170410156e+01,-5.686314105987548828e+00,-1.483341789245605469e+01,-1.518465232849121094e+01,-2.044358062744140625e+01
-1.994456100463867188e+01,-5.675550460815429688e+00,-1.359618091583251953e+01,-1.503192424774169922e+01,-2.015014266967773438e+01
-1.948415946960449219e+01,-5.650958061218261719e+00,-1.390357971191406250e+01,-1.468408584594726562e+01,-1.964953041076660156e+01
-1.989472389221191406e+01,-5.695798397064208984e+00,-1.389249897003173828e+01,-1.478957939147949219e+01,-1.832628631591796875e+01
-1.978074836730957031e+01,-5.709719181060791016e+00,-1.428674316406250000e+01,-1.484332084655761719e+01,-1.743583869934082031e+01
-2.060102462768554688e+01,-5.751259326934814453e+00,-1.412131404876708984e+01,-1.563852405548095703e+01,-1.848279190063476562e+01
-2.057655143737792969e+01,-5.750821113586425781e+00,-1.399647045135498047e+01,-1.543865776062011719e+01,-1.810186576843261719e+01
-2.031140136718750000e+01,-5.744630813598632812e+00,-1.338672828674316406e+01,-1.554412174224853516e+01,-1.804492378234863281e+01
-1.986975288391113281e+01,-5.713846206665039062e+00,-1.296371555328369141e+01,-1.512361145019531250e+01,-1.775391006469726562e+01
-2.036788558959960938e+01,-5.780106544494628906e+00,-1.397159004211425781e+01,-1.570527267456054688e+01,-1.749665641784667969e+01
-2.050394248962402344e+01,-5.773690223693847656e+00,-1.366192626953125000e+01,-1.572405624389648438e+01,-1.777496528625488281e+01
-2.014627647399902344e+01,-5.775365829467773438e+00,-1.253957843780517578e+01,-1.534904384613037109e+01,-1.748590660095214844e+01
-1.940473175048828125e+01,-5.781137466430664062e+00,-1.160791587829589844e+01,-1.517060852050781250e+01,-1.698679733276367188e+01
-1.910922050476074219e+01,-5.800104141235351562e+00,-1.292546081542968750e+01,-1.497542953491210938e+01,-1.644476699829101562e+01
-2.017291069030761719e+01,-5.784449577331542969e+00,-1.341145229339599609e+01,-1.560534095764160156e+01,-1.772099876403808594e+01
-1.970644187927246094e+01,-5.771728992462158203e+00,-1.291919517517089844e+01,-1.574127578735351562e+01,-1.753922843933105469e+01
-1.994819068908691406e+01,-5.796487808227539062e+00,-1.290003776550292969e+01,-1.598494720458984375e+01,-1.789427566528320312e+01
-2.048060798645019531e+01,-5.783938407897949219e+00,-1.327870559692382812e+01,-1.590075778961181641e+01,-1.836172676086425781e+01
-2.061665344238281250e+01,-5.808095932006835938e+00,-1.299512100219726562e+01,-1.563372039794921875e+01,-1.885334587097167969e+01
-2.015887260437011719e+01,-5.789965152740478516e+00,-1.419760513305664062e+01,-1.556650161743164062e+01,-1.894378471374511719e+01
-2.015396881103515625e+01,-5.798096656799316406e+00,-1.427222633361816406e+01,-1.544960403442382812e+01,-1.854293823242187500e+01
-2.025134468078613281e+01,-5.864157676696777344e+00,-1.355282974243164062e+01,-1.450123977661132812e+01,-1.945707893371582031e+01
-2.015958213806152344e+01,-5.871751785278320312e+00,-1.276613616943359375e+01,-1.472036457061767578e+01,-1.871553802490234375e+01
-1.954879760742187500e+01,-5.807435035705566406e+00,-1.413387298583984375e+01,-1.409713745117187500e+01,-1.891857910156250000e+01
-1.791122055053710938e+01,-5.846665859222412109e+00,-1.362971115112304688e+01,-1.254435920715332031e+01,-1.881274986267089844e+01
-1.946418571472167969e+01,-5.788260459899902344e+00,-1.506797218322753906e+01,-1.270406627655029297e+01,-1.945108222961425781e+01
-1.999399566650390625e+01,-5.873429298400878906e+00,-1.271111488342285156e+01,-1.223218154907226562e+01,-1.938003158569335938e+01
-2.047510337829589844e+01,-5.909497261047363281e+00,-1.107025337219238281e+01,-1.338639736175537109e+01,-1.903628158569335938e+01
-2.036391258239746094e+01,-5.934288978576660156e+00,-1.067179298400878906e+01,-1.254610443115234375e+01,-1.879373550415039062e+01
-2.025554847717285156e+01,-5.941818237304687500e+00,-1.137699604034423828e+01,-1.277618122100830078e+01,-1.906613922119140625e+01
-2.000241279602050781e+01,-5.918341159820556641e+00,-9.824393272399902344e+00,-1.307903861999511719e+01,-1.895247840881347656e+01
-1.860145378112792969e+01,-5.873054981231689453e+00,-9.019746780395507812e+00,-1.351465797424316406e+01,-1.829483032226562500e+01
-1.967016792297363281e+01,-5.888516426086425781e+00,-1.142786121368408203e+01,-1.355686759948730469e+01,-1.965517997741699219e+01
-2.047127723693847656e+01,-5.932742595672607422e+00,-1.232395648956298828e+01,-1.303433132171630859e+01,-1.969143295288085938e+01
-2.010193824768066406e+01,-6.037023544311523438e+00,-1.125711154937744141e+01,-1.182581520080566406e+01,-1.921970748901367188e+01
-1.955507278442382812e+01,-6.180597782135009766e+00,-1.164543533325195312e+01,-8.772216796875000000e+00,-1.828350448608398438e+01
-2.036223030090332031e+01,-5.857134342193603516e+00,-1.298834609985351562e+01,-1.251513195037841797e+01,-1.859210586547851562e+01
-2.024652290344238281e+01,-5.884220600128173828e+00,-1.297903919219970703e+01,-1.228223705291748047e+01,-1.835343742370605469e+01
-2.064937210083007812e+01,-5.888577461242675781e+00,-1.372612762451171875e+01,-1.126256179809570312e+01,-1.887984848022460938e+01
-2.091849327087402344e+01,-5.895707607269287109e+00,-1.422597312927246094e+01,-1.222890853881835938e+01,-1.930264472961425781e+01
-2.007689476013183594e+01,-5.826570510864257812e+00,-1.464721679687500000e+01,-1.255270957946777344e+01,-1.866279602050781250e+01
-2.014852333068847656e+01,-5.871685981750488281e+00,-1.438744735717773438e+01,-1.215273666381835938e+01,-1.870404243469238281e+01
-2.005990028381347656e+01,-5.871120929718017578e+00,-1.486257362365722656e+01,-1.147283458709716797e+01,-1.947613525390625000e+01
-2.045184326171875000e+01,-5.837612152099609375e+00,-1.480034065246582031e+01,-1.195704460144042969e+01,-1.969299888610839844e+01
-2.040881919860839844e+01,-5.830107212066650391e+00,-1.440009880065917969e+01,-1.221882247924804688e+01,-1.973805618286132812e+01
-2.015500450134277344e+01,-5.846759319305419922e+00,-1.357583236694335938e+01,-1.172468471527099609e+01,-1.911976814270019531e+01
-2.052012443542480469e+01,-5.833757400512695312e+00,-1.434905529022216797e+01,-1.151258563995361328e+01,-1.916322708129882812e+01
-2.102262687683105469e+01,-5.752420425415039062e+00,-1.449542236328125000e+01,-1.300822639465332031e+01,-1.962108039855957031e+01
-2.053598403930664062e+01,-5.785940170288085938e+00,-1.337353897094726562e+01,-1.208463287353515625e+01,-1.919982147216796875e+01
-1.996176719665527344e+01,-5.834438800811767578e+00,-1.315003395080566406e+01,-1.145832443237304688e+01,-1.902033615112304688e+01
-1.968738746643066406e+01,-5.758030891418457031e+00,-1.388586807250976562e+01,-1.286086082458496094e+01,-1.894433212280273438e+01
-1.928030776977539062e+01,-5.786559104919433594e+00,-1.450682640075683594e+01,-1.305373954772949219e+01,-1.739854240417480469e+01
-1.944994926452636719e+01,-5.766642570495605469e+00,-1.632592582702636719e+01,-9.708795547485351562e+00,-1.824728393554687500e+01
-1.943322753906250000e+01,-5.786638736724853516e+00,-1.642450523376464844e+01,-9.978270530700683594e+00,-1.794388198852539062e+01
-1.936654853820800781e+01,-5.874471664428710938e+00,-1.577166557312011719e+01,-1.030901908874511719e+01,-1.802680397033691406e+01
-1.932435607910156250e+01,-5.874238491058349609e+00,-1.579136848449707031e+01,-1.042247390747070312e+01,-1.813852500915527344e+01
-1.890724563598632812e+01,-6.008009433746337891e+00,-1.559573841094970703e+01,-9.171676635742187500e+00,-1.775361824035644531e+01
-1.877795028686523438e+01,-6.047351360321044922e+00,-1.512176704406738281e+01,-9.017488479614257812e+00,-1.803217315673828125e+01
-1.998834037780761719e+01,-5.845525741577148438e+00,-1.433368587493896484e+01,-1.005876159667968750e+01,-1.885382843017578125e+01
-1.902098655700683594e+01,-6.066784858703613281e+00,-1.464822387695312500e+01,-8.573969841003417969e+00,-1.806013107299804688e+01
-1.694218635559082031e+01,-9.074705123901367188e+00,-1.375471115112304688e+01,-5.363489627838134766e+00,-1.665398406982421875e+01
-1.429415798187255859e+01,-8.544627189636230469e+00,-1.129796123504638672e+01,-5.214937210083007812e+00,-1.407838821411132812e+01
-1.701681900024414062e+01,-6.776071071624755859e+00,-1.643771171569824219e+01,-6.774979114532470703e+00,-1.718632125854492188e+01
-1.702376174926757812e+01,-6.994174003601074219e+00,-1.349945259094238281e+01,-6.506820201873779297e+00,-1.666931533813476562e+01
-1.626179695129394531e+01,-6.353120326995849609e+00,-9.247554779052734375e+00,-7.122494697570800781e+00,-1.513299274444580078e+01
-1.652461051940917969e+01,-6.396899700164794922e+00,-1.071450710296630859e+01,-7.265329360961914062e+00,-1.542374038696289062e+01
-1.520888900756835938e+01,-7.183778762817382812e+00,-9.084074020385742188e+00,-6.581452846527099609e+00,-1.483810520172119141e+01
-1.543697261810302734e+01,-7.511653900146484375e+00,-7.414060592651367188e+00,-6.015083312988281250e+00,-1.444496631622314453e+01
-1.594128704071044922e+01,-6.630361080169677734e+00,-9.050518035888671875e+00,-6.665897846221923828e+00,-1.583685207366943359e+01
-1.555538368225097656e+01,-7.217492103576660156e+00,-7.168489456176757812e+00,-6.101257801055908203e+00,-1.510604572296142578e+01
-1.471589946746826172e+01,-7.810978412628173828e+00,-6.691753387451171875e+00,-5.524090766906738281e+00,-1.325693607330322266e+01
-1.454700469970703125e+01,-7.405728340148925781e+00,-9.070850372314453125e+00,-5.568099021911621094e+00,-1.281810474395751953e+01
-1.392031574249267578e+01,-7.631348133087158203e+00,-8.442201614379882812e+00,-5.623080253601074219e+00,-1.139987659454345703e+01
-1.395815944671630859e+01,-7.932381629943847656e+00,-8.301355361938476562e+00,-5.223432064056396484e+00,-1.137648868560791016e+01
-1.390658378601074219e+01,-7.019690036773681641e+00,-7.276067733764648438e+00,-5.898643493652343750e+00,-1.200332260131835938e+01
-1.425651836395263672e+01,-7.137614250183105469e+00,-8.918324470520019531e+00,-6.427482604980468750e+00,-1.045002937316894531e+01
-1.440188217163085938e+01,-6.835556030273437500e+00,-9.247771263122558594e+00,-6.985741615295410156e+00,-1.187854480743408203e+01
-1.445767688751220703e+01,-6.957462310791015625e+00,-9.118213653564453125e+00,-6.507146835327148438e+00,-1.274347972869873047e+01
-1.501050662994384766e+01,-6.673302650451660156e+00,-7.544189453125000000e+00,-7.945285797119140625e+00,-1.277566528320312500e+01
-1.561306285858154297e+01,-6.416910648345947266e+00,-8.367731094360351562e+00,-8.444314956665039062e+00,-1.361802387237548828e+01
-1.648044013977050781e+01,-6.065968036651611328e+00,-1.066456317901611328e+01,-1.050303268432617188e+01,-1.322104072570800781e+01
-1.754703712463378906e+01,-6.045834064483642578e+00,-1.175477600097656250e+01,-1.099733066558837891e+01,-1.473152828216552734e+01
-1.658991622924804688e+01,-6.268189907073974609e+00,-8.895099639892578125e+00,-1.072003555297851562e+01,-1.211399459838867188e+01
-1.659608459472656250e+01,-6.528966903686523438e+00,-8.626808166503906250e+00,-9.617811203002929688e+00,-1.267800617218017578e+01
-1.683413505554199219e+01,-6.411865234375000000e+00,-9.500417709350585938e+00,-1.024497795104980469e+01,-1.253398799896240234e+01
-1.789506340026855469e+01,-6.139019966125488281e+00,-1.102331352233886719e+01,-1.063673782348632812e+01,-1.415862464904785156e+01
-1.795996284484863281e+01,-6.041841506958007812e+00,-1.041903018951416016e+01,-1.131740951538085938e+01,-1.506847476959228516e+01
-1.852961158752441406e+01,-5.969513893127441406e+00,-1.076756763458251953e+01,-1.240771484375000000e+01,-1.556146907806396484e+01
-1.909306144714355469e+01,-5.842152118682861328e+00,-1.198670196533203125e+01,-1.312210941314697266e+01,-1.694631576538085938e+01
-1.838828086853027344e+01,-5.861438274383544922e+00,-1.296183776855468750e+01,-1.232892894744873047e+01,-1.705426216125488281e+01
-1.794429588317871094e+01,-5.876054763793945312e+00,-1.298070621490478516e+01,-1.113131237030029297e+01,-1.577794170379638672e+01
-1.677530097961425781e+01,-6.089524269104003906e+00,-1.232378101348876953e+01,-9.635161399841308594e+00,-1.388126087188720703e+01
-1.888107681274414062e+01,-5.938580513000488281e+00,-1.295198822021484375e+01,-1.208848762512207031e+01,-1.714802551269531250e+01
-1.968547248840332031e+01,-5.858926296234130859e+00,-1.158978176116943359e+01,-1.126198768615722656e+01,-1.878434753417968750e+01
-1.934987068176269531e+01,-5.894355773925781250e+00,-9.364664077758789062e+00,-1.054613876342773438e+01,-1.767938232421875000e+01
-1.864282798767089844e+01,-5.934929847717285156e+00,-9.742173194885253906e+00,-9.992027282714843750e+00,-1.657702827453613281e+01
-1.780378532409667969e+01,-5.989987373352050781e+00,-9.402682304382324219e+00,-9.126596450805664062e+00,-1.519227695465087891e+01
-1.852009201049804688e+01,-6.004781246185302734e+00,-8.771149635314941406e+00,-1.029475021362304688e+01,-1.631872749328613281e+01
-1.717671012878417969e+01,-6.387425899505615234e+00,-6.388823509216308594e+00,-9.794819831848144531e+00,-1.518306732177734375e+01
-1.609840011596679688e+01,-6.260972499847412109e+00,-6.485266208648681641e+00,-9.077106475830078125e+00,-1.414468765258789062e+01
-1.636073112487792969e+01,-5.999630451202392578e+00,-8.277619361877441406e+00,-8.873609542846679688e+00,-1.505476284027099609e+01
-1.734340858459472656e+01,-6.011876583099365234e+00,-8.553849220275878906e+00,-9.008162498474121094e+00,-1.603897094726562500e+01
-1.671528625488281250e+01,-6.547878265380859375e+00,-8.329174995422363281e+00,-6.919517517089843750e+00,-1.516702938079833984e+01
-1.686102867126464844e+01,-7.091741561889648438e+00,-7.897971153259277344e+00,-6.121743202209472656e+00,-1.553661632537841797e+01
-1.773616981506347656e+01,-6.212432861328125000e+00,-7.950892448425292969e+00,-8.105566024780273438e+00,-1.588406658172607422e+01
-1.873599815368652344e+01,-5.907444000244140625e+00,-9.890774726867675781e+00,-9.124827384948730469e+00,-1.733546829223632812e+01
-1.723200798034667969e+01,-6.036026954650878906e+00,-9.739679336547851562e+00,-8.042615890502929688e+00,-1.474558162689208984e+01
-1.658276557922363281e+01,-6.608028411865234375e+00,-1.022046184539794922e+01,-6.580799579620361328e+00,-1.430560493469238281e+01
-1.758848190307617188e+01,-5.894256591796875000e+00,-1.259100341796875000e+01,-9.914196014404296875e+00,-1.514946651458740234e+01
-1.835360145568847656e+01,-5.905485630035400391e+00,-1.167450523376464844e+01,-1.003178691864013672e+01,-1.608483314514160156e+01
-1.866965866088867188e+01,-5.957878112792968750e+00,-1.362182807922363281e+01,-9.019914627075195312e+00,-1.755805778503417969e+01
-1.840979957580566406e+01,-6.025488376617431641e+00,-1.209365367889404297e+01,-8.127777099609375000e+00,-1.605648994445800781e+01
-1.794281578063964844e+01,-6.037188053131103516e+00,-1.031481361389160156e+01,-8.147833824157714844e+00,-1.509377002716064453e+01
-1.778042030334472656e+01,-5.908913135528564453e+00,-1.332978820800781250e+01,-9.548314094543457031e+00,-1.571131420135498047e+01
-1.870439529418945312e+01,-5.940596580505371094e+00,-1.487306785583496094e+01,-9.771745681762695312e+00,-1.737755775451660156e+01
-1.836413955688476562e+01,-5.968103408813476562e+00,-1.251285171508789062e+01,-9.131872177124023438e+00,-1.606586837768554688e+01
-1.737254142761230469e+01,-6.215460777282714844e+00,-1.267081546783447266e+01,-7.531449317932128906e+00,-1.592368984222412109e+01
-1.646135902404785156e+01,-6.857905387878417969e+00,-1.178824806213378906e+01,-6.017747879028320312e+00,-1.504337787628173828e+01
-1.742012023925781250e+01,-6.059998035430908203e+00,-1.054466342926025391e+01,-8.839637756347656250e+00,-1.539027690887451172e+01
-1.645705795288085938e+01,-6.722091674804687500e+00,-1.179175949096679688e+01,-6.647891998291015625e+00,-1.445503902435302734e+01
-1.759899330139160156e+01,-6.009975910186767578e+00,-1.320841217041015625e+01,-8.444339752197265625e+00,-1.488947391510009766e+01
-1.905311012268066406e+01,-5.915248394012451172e+00,-1.296206092834472656e+01,-9.630004882812500000e+00,-1.664638710021972656e+01
-1.847456741333007812e+01,-6.120937347412109375e+00,-1.302428245544433594e+01,-8.255274772644042969e+00,-1.552014446258544922e+01
-1.809852790832519531e+01,-6.039057254791259766e+00,-1.346719074249267578e+01,-8.055973052978515625e+00,-1.540803623199462891e+01
-1.803832244873046875e+01,-6.173582077026367188e+00,-1.040786647796630859e+01,-7.647630214691162109e+00,-1.466762828826904297e+01
-1.814952468872070312e+01,-6.073842048645019531e+00,-1.187003135681152344e+01,-7.944463729858398438e+00,-1.475914859771728516e+01
-1.823241996765136719e+01,-5.926299571990966797e+00,-1.363215255737304688e+01,-8.648097991943359375e+00,-1.498649883270263672e+01
-1.652259254455566406e+01,-6.412648200988769531e+00,-9.797175407409667969e+00,-7.067244052886962891e+00,-1.340922164916992188e+01
-1.550908279418945312e+01,-6.622678279876708984e+00,-8.775076866149902344e+00,-7.085234642028808594e+00,-1.172326183319091797e+01
-1.583005332946777344e+01,-6.783935070037841797e+00,-7.869926452636718750e+00,-6.360676765441894531e+00,-1.276469612121582031e+01
-1.499637317657470703e+01,-6.563967704772949219e+00,-9.263632774353027344e+00,-6.471281051635742188e+00,-1.030775165557861328e+01
-1.481613254547119141e+01,-7.008923530578613281e+00,-8.117291450500488281e+00,-6.319631576538085938e+00,-9.628769874572753906e+00
-1.432279872894287109e+01,-6.496257305145263672e+00,-7.685744285583496094e+00,-6.843062400817871094e+00,-1.039800262451171875e+01
-1.444786262512207031e+01,-6.722234725952148438e+00,-6.660276412963867188e+00,-6.581035137176513672e+00,-1.206513977050781250e+01
-1.362582683563232422e+01,-7.546446800231933594e+00,-6.480101585388183594e+00,-5.519623756408691406e+00,-1.183384799957275391e+01
-1.315246582031250000e+01,-7.517156124114990234e+00,-7.576479434967041016e+00,-5.611910343170166016e+00,-9.237902641296386719e+00
-1.394400691986083984e+01,-7.152995586395263672e+00,-7.440788269042968750e+00,-5.982005119323730469e+00,-1.055575561523437500e+01
-1.456866741180419922e+01,-6.765759468078613281e+00,-7.919129371643066406e+00,-6.442999362945556641e+00,-1.203308391571044922e+01
-1.406772994995117188e+01,-6.871274948120117188e+00,-8.100727081298828125e+00,-6.019130229949951172e+00,-1.256252574920654297e+01
-1.301011466979980469e+01,-7.255735397338867188e+00,-7.637198448181152344e+00,-5.851586341857910156e+00,-1.060188102722167969e+01
-1.366091156005859375e+01,-7.153252601623535156e+00,-7.439506530761718750e+00,-7.254295349121093750e+00,-8.500550270080566406e+00
-1.456973361968994141e+01,-7.033852100372314453e+00,-7.075932502746582031e+00,-8.057058334350585938e+00,-9.838459014892578125e+00
-1.378793716430664062e+01,-7.824868679046630859e+00,-6.826091766357421875e+00,-7.525630950927734375e+00,-8.508822441101074219e+00
-1.449499607086181641e+01,-6.818144798278808594e+00,-6.625771522521972656e+00,-8.923043251037597656e+00,-1.103513813018798828e+01
-1.445163345336914062e+01,-6.491802215576171875e+00,-8.494612693786621094e+00,-9.280984878540039062e+00,-9.432920455932617188e+00
-1.396956443786621094e+01,-6.535045623779296875e+00,-8.900384902954101562e+00,-1.034099197387695312e+01,-7.908901214599609375e+00
-1.436646461486816406e+01,-6.376893043518066406e+00,-8.732722282409667969e+00,-1.133306312561035156e+01,-8.213121414184570312e+00
-1.477021026611328125e+01,-6.546563148498535156e+00,-8.838849067687988281e+00,-1.155742454528808594e+01,-8.164478302001953125e+00
-1.453175354003906250e+01,-6.915763854980468750e+00,-8.534061431884765625e+00,-1.076035976409912109e+01,-6.580300331115722656e+00
-1.439553070068359375e+01,-7.156914234161376953e+00,-7.342816352844238281e+00,-1.003307723999023438e+01,-6.663343429565429688e+00
-1.469022941589355469e+01,-7.448148250579833984e+00,-6.021171569824218750e+00,-1.118638420104980469e+01,-7.651610374450683594e+00
-1.475433349609375000e+01,-6.661571025848388672e+00,-6.897789001464843750e+00,-1.174206352233886719e+01,-6.167514801025390625e+00
-1.354226684570312500e+01,-7.535233497619628906e+00,-6.954453468322753906e+00,-1.077835273742675781e+01,-6.703848361968994141e+00
-1.459080410003662109e+01,-6.737198352813720703e+00,-6.376026153564453125e+00,-1.252430343627929688e+01,-8.015769958496093750e+00
-1.514565753936767578e+01,-7.470526695251464844e+00,-4.863875389099121094e+00,-1.263898563385009766e+01,-8.840593338012695312e+00
-1.483111095428466797e+01,-8.832438468933105469e+00,-4.202330589294433594e+00,-1.164396572113037109e+01,-8.200113296508789062e+00
-1.469577980041503906e+01,-8.820261001586914062e+00,-4.307171821594238281e+00,-1.126629829406738281e+01,-8.004146575927734375e+00
-1.527139472961425781e+01,-8.772834777832031250e+00,-4.142579078674316406e+00,-1.144300270080566406e+01,-9.208115577697753906e+00
-1.502121162414550781e+01,-9.232014656066894531e+00,-3.996366262435913086e+00,-1.127637672424316406e+01,-9.012903213500976562e+00
-1.464657974243164062e+01,-9.014767646789550781e+00,-4.034963607788085938e+00,-1.145533943176269531e+01,-8.393605232238769531e+00
-1.377084922790527344e+01,-8.107425689697265625e+00,-3.927869081497192383e+00,-1.165465831756591797e+01,-8.307229042053222656e+00
-1.355627059936523438e+01,-8.249079704284667969e+00,-4.337020874023437500e+00,-1.134692382812500000e+01,-7.251821041107177734e+00
-1.360001277923583984e+01,-9.440610885620117188e+00,-4.316566467285156250e+00,-1.175125980377197266e+01,-6.523549079895019531e+00
-1.338059425354003906e+01,-9.037199974060058594e+00,-4.773228168487548828e+00,-1.245180511474609375e+01,-5.499206542968750000e+00
-1.370691680908203125e+01,-9.154241561889648438e+00,-5.211874961853027344e+00,-1.193000984191894531e+01,-5.218328475952148438e+00
-1.302380943298339844e+01,-8.791154861450195312e+00,-6.384005546569824219e+00,-1.128243827819824219e+01,-4.916522979736328125e+00
-1.327503585815429688e+01,-7.515530109405517578e+00,-7.835688591003417969e+00,-1.243624210357666016e+01,-4.677981376647949219e+00
-1.306601333618164062e+01,-8.364519119262695312e+00,-7.366195678710937500e+00,-1.306597232818603516e+01,-4.303454399108886719e+00
-1.427264881134033203e+01,-7.244932651519775391e+00,-5.952083587646484375e+00,-1.361132431030273438e+01,-7.664767265319824219e+00
-1.456193637847900391e+01,-7.137985706329345703e+00,-5.747915267944335938e+00,-1.279024410247802734e+01,-8.725702285766601562e+00
-1.431969451904296875e+01,-7.386827468872070312e+00,-6.068787574768066406e+00,-1.301544761657714844e+01,-6.891242027282714844e+00
-1.390835571289062500e+01,-7.746580600738525391e+00,-6.264199733734130859e+00,-1.301105499267578125e+01,-5.694526672363281250e+00
-1.464634513854980469e+01,-7.575069427490234375e+00,-5.873596191406250000e+00,-1.318197822570800781e+01,-7.269182205200195312e+00
-1.460279083251953125e+01,-7.864041328430175781e+00,-5.408301353454589844e+00,-1.314372253417968750e+01,-7.516418457031250000e+00
-1.457057857513427734e+01,-7.638964653015136719e+00,-5.025756835937500000e+00,-1.285583114624023438e+01,-8.119194030761718750e+00
-1.524444198608398438e+01,-7.798596858978271484e+00,-4.706232070922851562e+00,-1.142206478118896484e+01,-1.012135314941406250e+01
-1.405353450775146484e+01,-8.790561676025390625e+00,-4.103130340576171875e+00,-1.208014106750488281e+01,-7.627686500549316406e+00
-1.379965305328369141e+01,-9.548151016235351562e+00,-4.984961509704589844e+00,-1.073753452301025391e+01,-7.107215881347656250e+00
-1.368900108337402344e+01,-8.673481941223144531e+00,-4.271553993225097656e+00,-9.749151229858398438e+00,-1.054430961608886719e+01
-1.342594814300537109e+01,-8.477851867675781250e+00,-4.065030097961425781e+00,-9.320608139038085938e+00,-1.065368652343750000e+01
-1.438344192504882812e+01,-8.046916961669921875e+00,-4.216012001037597656e+00,-1.105628204345703125e+01,-1.036102485656738281e+01
-1.348661422729492188e+01,-9.923739433288574219e+00,-4.210804939270019531e+00,-9.538883209228515625e+00,-8.467891693115234375e+00
-1.350598144531250000e+01,-9.298306465148925781e+00,-4.379331588745117188e+00,-1.146306991577148438e+01,-7.525458335876464844e+00
-1.378911685943603516e+01,-1.012325859069824219e+01,-4.155661582946777344e+00,-1.120545387268066406e+01,-8.303236961364746094e+00
-1.446265411376953125e+01,-9.957208633422851562e+00,-4.120399475097656250e+00,-1.031217288970947266e+01,-9.675923347473144531e+00
-1.491349220275878906e+01,-8.342550277709960938e+00,-4.288495063781738281e+00,-9.750524520874023438e+00,-1.143136215209960938e+01
-1.458264350891113281e+01,-8.484912872314453125e+00,-4.433955192565917969e+00,-8.254408836364746094e+00,-1.211885166168212891e+01
-1.421683120727539062e+01,-7.853255271911621094e+00,-4.588476181030273438e+00,-8.145951271057128906e+00,-1.170774936676025391e+01
-1.250163745880126953e+01,-8.724946975708007812e+00,-4.181056976318359375e+00,-7.252529144287109375e+00,-9.360569000244140625e+00
-1.414861869812011719e+01,-6.767375946044921875e+00,-7.332616806030273438e+00,-6.680686473846435547e+00,-1.032851505279541016e+01
-1.373157691955566406e+01,-8.268310546875000000e+00,-4.656080245971679688e+00,-8.342776298522949219e+00,-1.005758094787597656e+01
-1.226404380798339844e+01,-1.096293830871582031e+01,-3.996829748153686523e+00,-7.949960708618164062e+00,-7.006755828857421875e+00
-1.339043140411376953e+01,-1.044390201568603516e+01,-4.087761878967285156e+00,-7.277308940887451172e+00,-8.581498146057128906e+00
-1.476385116577148438e+01,-8.996685981750488281e+00,-3.921201467514038086e+00,-7.520945549011230469e+00,-1.062753582000732422e+01
-1.480720901489257812e+01,-9.246334075927734375e+00,-3.768119096755981445e+00,-7.472376823425292969e+00,-1.093796920776367188e+01
-1.491649532318115234e+01,-1.034324455261230469e+01,-3.698142766952514648e+00,-7.081425666809082031e+00,-1.100752735137939453e+01
-1.558316898345947266e+01,-9.647207260131835938e+00,-3.794765233993530273e+00,-6.863158702850341797e+00,-1.226143932342529297e+01
-1.531377601623535156e+01,-9.653678894042968750e+00,-3.861191987991333008e+00,-6.882209300994873047e+00,-1.205934524536132812e+01
-1.468120002746582031e+01,-1.131353950500488281e+01,-3.609512567520141602e+00,-6.621509552001953125e+00,-1.140990161895751953e+01
-1.512613105773925781e+01,-1.157763385772705078e+01,-3.955725431442260742e+00,-5.902561664581298828e+00,-1.313130664825439453e+01
-1.312581634521484375e+01,-1.219052124023437500e+01,-4.952071189880371094e+00,-5.451596260070800781e+00,-1.117133903503417969e+01
-1.329276466369628906e+01,-1.186175155639648438e+01,-4.256322860717773438e+00,-5.682979106903076172e+00,-1.104903697967529297e+01
-1.395785236358642578e+01,-9.031510353088378906e+00,-3.936440229415893555e+00,-6.040780544281005859e+00,-1.261374378204345703e+01
-1.359142589569091797e+01,-8.201896667480468750e+00,-4.690161705017089844e+00,-5.891342163085937500e+00,-1.321236133575439453e+01
-1.363182449340820312e+01,-1.000223731994628906e+01,-5.177034378051757812e+00,-5.326242923736572266e+00,-1.428339004516601562e+01
-1.354593563079833984e+01,-1.203611469268798828e+01,-5.874142646789550781e+00,-5.270773410797119141e+00,-1.448878669738769531e+01
-1.428115463256835938e+01,-1.216104602813720703e+01,-9.186601638793945312e+00,-4.923645496368408203e+00,-1.523539352416992188e+01
-1.533052253723144531e+01,-1.290288925170898438e+01,-1.277764034271240234e+01,-4.701624870300292969e+00,-1.671840858459472656e+01
-1.453977298736572266e+01,-1.301659107208251953e+01,-1.176881504058837891e+01,-4.601368904113769531e+00,-1.682344055175781250e+01
-1.442825984954833984e+01,-1.307242202758789062e+01,-1.223224735260009766e+01,-4.609554290771484375e+00,-1.703982734680175781e+01
-1.446720314025878906e+01,-1.282562637329101562e+01,-1.261413383483886719e+01,-4.640785217285156250e+00,-1.688930511474609375e+01
-1.487908172607421875e+01,-1.250910186767578125e+01,-1.307684707641601562e+01,-4.610769271850585938e+00,-1.717385673522949219e+01
-1.396726131439208984e+01,-1.290935802459716797e+01,-1.591158103942871094e+01,-4.627890586853027344e+00,-1.741571426391601562e+01
-1.467764186859130859e+01,-1.270490837097167969e+01,-1.790161514282226562e+01,-4.538528442382812500e+00,-1.895063781738281250e+01
-1.533078956604003906e+01,-1.213225746154785156e+01,-1.768368530273437500e+01,-4.612625122070312500e+00,-1.903415298461914062e+01
-1.516065979003906250e+01,-1.253237342834472656e+01,-1.759678459167480469e+01,-4.629665374755859375e+00,-1.874076080322265625e+01
-1.463837242126464844e+01,-1.257787799835205078e+01,-1.886459541320800781e+01,-4.704238414764404297e+00,-1.849449157714843750e+01
-1.449290847778320312e+01,-1.267519187927246094e+01,-1.866389846801757812e+01,-4.771982669830322266e+00,-1.807154464721679688e+01
-1.385675239562988281e+01,-1.331597137451171875e+01,-1.822515487670898438e+01,-4.686304092407226562e+00,-1.809562110900878906e+01
-1.316435623168945312e+01,-1.336962318420410156e+01,-1.870875740051269531e+01,-4.594854831695556641e+00,-1.777970123291015625e+01
-1.328586769104003906e+01,-1.370815849304199219e+01,-1.838480377197265625e+01,-4.663858413696289062e+00,-1.772159194946289062e+01
-1.331325149536132812e+01,-1.358201217651367188e+01,-1.853668975830078125e+01,-4.643325805664062500e+00,-1.801169776916503906e+01
-1.348255348205566406e+01,-1.322152423858642578e+01,-1.889350128173828125e+01,-4.581057071685791016e+00,-1.799931907653808594e+01
-1.364211368560791016e+01,-1.339855384826660156e+01,-1.917943000793457031e+01,-4.641986846923828125e+00,-1.817760658264160156e+01
-1.372828006744384766e+01,-1.424905395507812500e+01,-1.849140357971191406e+01,-4.660637855529785156e+00,-1.787334632873535156e+01
-1.386051082611083984e+01,-1.412649154663085938e+01,-1.789697647094726562e+01,-4.607486248016357422e+00,-1.724525260925292969e+01
-1.347912788391113281e+01,-1.372890377044677734e+01,-1.798622322082519531e+01,-4.596487045288085938e+00,-1.704682731628417969e+01
-1.384380245208740234e+01,-1.423475265502929688e+01,-1.743461990356445312e+01,-4.605178833007812500e+00,-1.714906120300292969e+01
-1.349417591094970703e+01,-1.398186492919921875e+01,-1.814339256286621094e+01,-4.646645545959472656e+00,-1.712143516540527344e+01
-1.358910942077636719e+01,-1.391755867004394531e+01,-1.809078407287597656e+01,-4.636280536651611328e+00,-1.651921081542968750e+01
-1.400176143646240234e+01,-1.396284675598144531e+01,-1.769759178161621094e+01,-4.632354736328125000e+00,-1.681491470336914062e+01
-1.346299362182617188e+01,-1.367069053649902344e+01,-1.755553245544433594e+01,-4.684105873107910156e+00,-1.626120185852050781e+01
-1.332046031951904297e+01,-1.402003669738769531e+01,-1.749757194519042969e+01,-4.634136199951171875e+00,-1.590571117401123047e+01
-1.406316661834716797e+01,-1.362773704528808594e+01,-1.820112991333007812e+01,-4.656084060668945312e+00,-1.669965171813964844e+01
-1.409593677520751953e+01,-1.403024291992187500e+01,-1.790108871459960938e+01,-4.643760681152343750e+00,-1.664039039611816406e+01
-1.408884239196777344e+01,-1.396419143676757812e+01,-1.768931770324707031e+01,-4.671422004699707031e+00,-1.628826332092285156e+01
-1.368052959442138672e+01,-1.370294952392578125e+01,-1.757871246337890625e+01,-4.658613204956054688e+00,-1.616610336303710938e+01
-1.386281967163085938e+01,-1.345859527587890625e+01,-1.792024612426757812e+01,-4.697428226470947266e+00,-1.629994964599609375e+01
-1.397361564636230469e+01,-1.357523345947265625e+01,-1.783537864685058594e+01,-4.664366245269775391e+00,-1.686780357360839844e+01
-1.386556434631347656e+01,-1.362009429931640625e+01,-1.793601036071777344e+01,-4.663266181945800781e+00,-1.662978363037109375e+01
-1.417758178710937500e+01,-1.362201309204101562e+01,-1.812892913818359375e+01,-4.637533187866210938e+00,-1.681164169311523438e+01
-1.457605171203613281e+01,-1.378592681884765625e+01,-1.809851074218750000e+01,-4.651449203491210938e+00,-1.678605079650878906e+01
-1.408903121948242188e+01,-1.405335807800292969e+01,-1.794354820251464844e+01,-4.654309272766113281e+00,-1.641471290588378906e+01
-1.428923606872558594e+01,-1.433222579956054688e+01,-1.808832359313964844e+01,-4.639176845550537109e+00,-1.618801307678222656e+01
-1.465239906311035156e+01,-1.387360286712646484e+01,-1.826319694519042969e+01,-4.664953231811523438e+00,-1.638352966308593750e+01
-1.510603046417236328e+01,-1.422105407714843750e+01,-1.750857353210449219e+01,-4.646302223205566406e+00,-1.666571044921875000e+01
-1.469822692871093750e+01,-1.426393127441406250e+01,-1.804226684570312500e+01,-4.641595840454101562e+00,-1.675674629211425781e+01
-1.471458244323730469e+01,-1.428297233581542969e+01,-1.823604202270507812e+01,-4.662196636199951172e+00,-1.677058982849121094e+01
-1.521743869781494141e+01,-1.441850662231445312e+01,-1.794639587402343750e+01,-4.692201614379882812e+00,-1.686698341369628906e+01
-1.482652854919433594e+01,-1.415853118896484375e+01,-1.810339736938476562e+01,-4.635772705078125000e+00,-1.660386466979980469e+01
-1.408591938018798828e+01,-1.395940208435058594e+01,-1.830498695373535156e+01,-4.625030040740966797e+00,-1.620914077758789062e+01
-1.501393604278564453e+01,-1.447112464904785156e+01,-1.803347206115722656e+01,-4.645413875579833984e+00,-1.669572257995605469e+01
-1.483691787719726562e+01,-1.430578422546386719e+01,-1.794493484497070312e+01,-4.636235713958740234e+00,-1.689667320251464844e+01
-1.398798179626464844e+01,-1.356043434143066406e+01,-1.812858200073242188e+01,-4.641279220581054688e+00,-1.638582038879394531e+01
-1.449379158020019531e+01,-1.423658370971679688e+01,-1.821161651611328125e+01,-4.627772331237792969e+00,-1.650471496582031250e+01
-1.451190280914306641e+01,-1.415894889831542969e+01,-1.796413803100585938e+01,-4.621255397796630859e+00,-1.654520606994628906e+01
-1.422419548034667969e+01,-1.408644866943359375e+01,-1.759524917602539062e+01,-4.664316177368164062e+00,-1.615764427185058594e+01
-1.389597225189208984e+01,-1.378369235992431641e+01,-1.785149574279785156e+01,-4.669369697570800781e+00,-1.626566505432128906e+01
-1.420636653900146484e+01,-1.395812129974365234e+01,-1.828990936279296875e+01,-4.663247585296630859e+00,-1.628691482543945312e+01
-1.373311805725097656e+01,-1.387457847595214844e+01,-1.822271919250488281e+01,-4.655218124389648438e+00,-1.589010238647460938e+01
-1.413790035247802734e+01,-1.404715919494628906e+01,-1.809229660034179688e+01,-4.635671615600585938e+00,-1.634123420715332031e+01
-1.402845001220703125e+01,-1.386439704895019531e+01,-1.868744659423828125e+01,-4.603969573974609375e+00,-1.704454803466796875e+01
-1.375508308410644531e+01,-1.385021400451660156e+01,-1.858093452453613281e+01,-4.604497909545898438e+00,-1.677007675170898438e+01
-1.353822135925292969e+01,-1.365773868560791016e+01,-1.863329505920410156e+01,-4.606939315795898438e+00,-1.627788925170898438e+01
-1.320284271240234375e+01,-1.379426383972167969e+01,-1.823915863037109375e+01,-4.621272087097167969e+00,-1.608008766174316406e+01
-1.421110534667968750e+01,-1.403509140014648438e+01,-1.871483802795410156e+01,-4.610203742980957031e+00,-1.684635925292968750e+01
-1.466247177124023438e+01,-1.343189239501953125e+01,-1.902128791809082031e+01,-4.604958534240722656e+00,-1.713212013244628906e+01
-1.479605102539062500e+01,-1.391362571716308594e+01,-1.868461418151855469e+01,-4.654594421386718750e+00,-1.689219856262207031e+01
-1.426735496520996094e+01,-1.398002052307128906e+01,-1.917373657226562500e+01,-4.632743835449218750e+00,-1.738500976562500000e+01
-1.333373546600341797e+01,-1.306156063079833984e+01,-1.880752754211425781e+01,-4.579881191253662109e+00,-1.677562904357910156e+01
-1.338613510131835938e+01,-1.338102912902832031e+01,-1.865222930908203125e+01,-4.590708732604980469e+00,-1.698144912719726562e+01
-1.385364341735839844e+01,-1.355215835571289062e+01,-1.902863311767578125e+01,-4.579859733581542969e+00,-1.728025054931640625e+01
-1.397831630706787109e+01,-1.390378952026367188e+01,-1.946708869934082031e+01,-4.618821144104003906e+00,-1.761812782287597656e+01
-1.349724578857421875e+01,-1.382511901855468750e+01,-1.774325180053710938e+01,-4.709836483001708984e+00,-1.660604286193847656e+01
-1.409098434448242188e+01,-1.367155265808105469e+01,-1.794469833374023438e+01,-4.697643280029296875e+00,-1.760689353942871094e+01
-1.287501907348632812e+01,-1.347935104370117188e+01,-1.754406738281250000e+01,-4.858263969421386719e+00,-1.503859996795654297e+01
-1.270810413360595703e+01,-1.435630798339843750e+01,-1.832196426391601562e+01,-4.756994724273681641e+00,-1.503682136535644531e+01
-1.359123516082763672e+01,-1.432008457183837891e+01,-1.498731803894042969e+01,-4.589292526245117188e+00,-1.579286098480224609e+01
-1.367703533172607422e+01,-1.372821426391601562e+01,-1.345727348327636719e+01,-4.639085769653320312e+00,-1.513086605072021484e+01
-1.407764434814453125e+01,-1.409667968750000000e+01,-1.418956947326660156e+01,-4.647687911987304688e+00,-1.515639972686767578e+01
-1.451868152618408203e+01,-1.382143020629882812e+01,-1.430655860900878906e+01,-4.718793869018554688e+00,-1.508284091949462891e+01
-1.512415885925292969e+01,-1.246454238891601562e+01,-1.369892787933349609e+01,-4.763473510742187500e+00,-1.538267993927001953e+01
-1.525026416778564453e+01,-1.223659229278564453e+01,-1.418018722534179688e+01,-4.704318046569824219e+00,-1.594308567047119141e+01
-1.433337402343750000e+01,-1.382416343688964844e+01,-1.722375869750976562e+01,-4.647920131683349609e+00,-1.679785728454589844e+01
-1.453726959228515625e+01,-1.320227909088134766e+01,-1.659939956665039062e+01,-4.665204048156738281e+00,-1.696820831298828125e+01
-1.430598640441894531e+01,-1.262858676910400391e+01,-1.775133132934570312e+01,-4.682034015655517578e+00,-1.658467292785644531e+01
-1.404957103729248047e+01,-1.218348693847656250e+01,-1.715478706359863281e+01,-4.744518280029296875e+00,-1.560550403594970703e+01
-1.293128013610839844e+01,-1.285799598693847656e+01,-1.548470497131347656e+01,-4.686805725097656250e+00,-1.389453506469726562e+01
-1.335998821258544922e+01,-1.138139152526855469e+01,-1.378693580627441406e+01,-4.590705871582031250e+00,-1.272028446197509766e+01
-1.295590400695800781e+01,-1.163319587707519531e+01,-1.358980560302734375e+01,-4.758814811706542969e+00,-1.246147537231445312e+01
-1.160342216491699219e+01,-1.121222305297851562e+01,-1.225740242004394531e+01,-4.751801490783691406e+00,-9.844128608703613281e+00
-1.131846237182617188e+01,-1.044128036499023438e+01,-1.071222686767578125e+01,-4.939783096313476562e+00,-7.724584579467773438e+00
-1.178763008117675781e+01,-9.469272613525390625e+00,-1.124857425689697266e+01,-5.244296073913574219e+00,-7.419637680053710938e+00
-1.074579334259033203e+01,-9.821501731872558594e+00,-9.157461166381835938e+00,-5.512541770935058594e+00,-6.343664169311523438e+00
-9.972611427307128906e+00,-1.227709388732910156e+01,-8.095262527465820312e+00,-5.020461082458496094e+00,-6.577245712280273438e+00
-1.203039550781250000e+01,-1.055956077575683594e+01,-7.248174667358398438e+00,-4.900403976440429688e+00,-9.567934036254882812e+00
-1.247520446777343750e+01,-9.418887138366699219e+00,-5.303305149078369141e+00,-5.662113189697265625e+00,-1.028519630432128906e+01
-1.178669261932373047e+01,-1.007964897155761719e+01,-6.111151695251464844e+00,-5.607288837432861328e+00,-8.202196121215820312e+00
-1.220068359375000000e+01,-1.112550163269042969e+01,-5.948925018310546875e+00,-5.203530311584472656e+00,-9.713006019592285156e+00
-1.159189605712890625e+01,-1.165068435668945312e+01,-6.818946838378906250e+00,-5.104287624359130859e+00,-8.669630050659179688e+00
-1.144878768920898438e+01,-9.969490051269531250e+00,-6.165323257446289062e+00,-5.675999641418457031e+00,-6.508659362792968750e+00
-1.121914482116699219e+01,-9.708666801452636719e+00,-6.751678466796875000e+00,-5.666499137878417969e+00,-5.869244575500488281e+00
-1.084603404998779297e+01,-7.668055534362792969e+00,-7.567314147949218750e+00,-6.488789558410644531e+00,-6.206501960754394531e+00
-9.722976684570312500e+00,-8.290618896484375000e+00,-8.134845733642578125e+00,-7.316203117370605469e+00,-4.378255844116210938e+00
-1.077492523193359375e+01,-7.199373722076416016e+00,-7.968379020690917969e+00,-8.001779556274414062e+00,-5.460638999938964844e+00
-1.106916809082031250e+01,-7.345470428466796875e+00,-7.408154487609863281e+00,-8.120693206787109375e+00,-5.452282905578613281e+00
-1.133288860321044922e+01,-6.993242263793945312e+00,-7.209253311157226562e+00,-8.424542427062988281e+00,-6.287867546081542969e+00
-1.092249011993408203e+01,-7.342168807983398438e+00,-6.914546012878417969e+00,-9.831694602966308594e+00,-4.803059577941894531e+00
-1.078744125366210938e+01,-7.912353992462158203e+00,-7.130808830261230469e+00,-9.674806594848632812e+00,-4.110802650451660156e+00
-1.125634479522705078e+01,-7.593358993530273438e+00,-7.047280311584472656e+00,-1.141026687622070312e+01,-4.412389755249023438e+00
-1.199682903289794922e+01,-7.753371715545654297e+00,-6.249199390411376953e+00,-1.235741043090820312e+01,-4.766537666320800781e+00
-1.217706775665283203e+01,-6.969873428344726562e+00,-7.964187622070312500e+00,-1.279652690887451172e+01,-4.258215904235839844e+00
-1.303564453125000000e+01,-6.322436809539794922e+00,-7.894187927246093750e+00,-1.378928756713867188e+01,-4.769368171691894531e+00
-1.212739753723144531e+01,-7.124233245849609375e+00,-8.031048774719238281e+00,-1.224252891540527344e+01,-3.868878126144409180e+00
-1.190101242065429688e+01,-7.324827194213867188e+00,-8.350755691528320312e+00,-1.241259765625000000e+01,-3.725225687026977539e+00
-1.213325881958007812e+01,-6.899634361267089844e+00,-7.721622467041015625e+00,-1.278465652465820312e+01,-4.236897468566894531e+00
-1.236081790924072266e+01,-6.582010746002197266e+00,-7.105980873107910156e+00,-1.340141296386718750e+01,-5.050176620483398438e+00
-1.347164249420166016e+01,-6.620384216308593750e+00,-5.832670211791992188e+00,-1.416747474670410156e+01,-6.908242225646972656e+00
-1.396120452880859375e+01,-6.723559856414794922e+00,-5.891942501068115234e+00,-1.442665290832519531e+01,-6.996155738830566406e+00
-1.340404319763183594e+01,-6.734369277954101562e+00,-6.265094757080078125e+00,-1.472474670410156250e+01,-5.726041793823242188e+00
-1.457088470458984375e+01,-5.987283229827880859e+00,-7.176967620849609375e+00,-1.524561214447021484e+01,-8.553139686584472656e+00
-1.349827289581298828e+01,-6.125155448913574219e+00,-7.285205841064453125e+00,-1.500732040405273438e+01,-6.727881431579589844e+00
-1.369282341003417969e+01,-6.216098308563232422e+00,-7.108440399169921875e+00,-1.488151264190673828e+01,-6.889011859893798828e+00
-1.310965156555175781e+01,-8.096257209777832031e+00,-5.322489738464355469e+00,-1.274242210388183594e+01,-6.113487243652343750e+00
-1.326875495910644531e+01,-7.921013832092285156e+00,-4.750454902648925781e+00,-1.319442176818847656e+01,-7.741932868957519531e+00
-1.261436367034912109e+01,-6.853637218475341797e+00,-6.428815841674804688e+00,-1.354980564117431641e+01,-7.915012359619140625e+00
-1.373467350006103516e+01,-1.061933708190917969e+01,-4.215612411499023438e+00,-1.169313049316406250e+01,-7.088085174560546875e+00
-1.194975662231445312e+01,-1.177219390869140625e+01,-4.161956787109375000e+00,-1.063792991638183594e+01,-5.620774269104003906e+00
-1.242264747619628906e+01,-1.101360225677490234e+01,-3.875283956527709961e+00,-1.066308498382568359e+01,-7.083002090454101562e+00
-1.354263401031494141e+01,-1.170972633361816406e+01,-3.746796846389770508e+00,-1.028374862670898438e+01,-9.202784538269042969e+00
-1.283407211303710938e+01,-1.238809680938720703e+01,-3.878456830978393555e+00,-1.115002155303955078e+01,-7.139142990112304688e+00
-1.167596912384033203e+01,-1.255337142944335938e+01,-4.079222679138183594e+00,-1.090470886230468750e+01,-5.387256622314453125e+00
-1.094876384735107422e+01,-1.034692192077636719e+01,-4.220729827880859375e+00,-1.012019538879394531e+01,-6.043798446655273438e+00
-1.142409324645996094e+01,-9.500735282897949219e+00,-4.384388923645019531e+00,-1.266591167449951172e+01,-5.360988616943359375e+00
-1.179047203063964844e+01,-9.348510742187500000e+00,-4.618651390075683594e+00,-1.286968231201171875e+01,-6.134127616882324219e+00
-1.224585533142089844e+01,-1.027150154113769531e+01,-4.648641586303710938e+00,-1.176580238342285156e+01,-6.609500885009765625e+00
-1.321889877319335938e+01,-7.134431838989257812e+00,-5.176333427429199219e+00,-1.142695999145507812e+01,-7.923122406005859375e+00
-1.071177673339843750e+01,-7.006864070892333984e+00,-5.549125671386718750e+00,-1.224132061004638672e+01,-8.830677986145019531e+00
-1.295370483398437500e+01,-8.611261367797851562e+00,-5.607755661010742188e+00,-1.226468563079833984e+01,-7.506798744201660156e+00
-1.236276149749755859e+01,-8.785926818847656250e+00,-6.177050590515136719e+00,-1.224411392211914062e+01,-4.899257659912109375e+00
-1.158379459381103516e+01,-9.305030822753906250e+00,-7.341826915740966797e+00,-1.339033985137939453e+01,-3.723463296890258789e+00
-1.053753471374511719e+01,-8.563288688659667969e+00,-8.252972602844238281e+00,-1.278950119018554688e+01,-3.614895105361938477e+00
-1.074463939666748047e+01,-7.431449413299560547e+00,-5.053606510162353516e+00,-1.203890895843505859e+01,-4.887807846069335938e+00
-1.227308940887451172e+01,-7.427960395812988281e+00,-5.434928894042968750e+00,-1.134275341033935547e+01,-5.259095191955566406e+00
-1.190118980407714844e+01,-9.109446525573730469e+00,-7.015195846557617188e+00,-1.110912609100341797e+01,-4.038559913635253906e+00
-1.243180084228515625e+01,-1.024173450469970703e+01,-4.943501472473144531e+00,-1.147562408447265625e+01,-4.983327865600585938e+00
-1.176828765869140625e+01,-1.045660877227783203e+01,-4.906731605529785156e+00,-1.164985084533691406e+01,-4.410516738891601562e+00
-1.207241535186767578e+01,-1.147582626342773438e+01,-4.448478698730468750e+00,-1.210124874114990234e+01,-5.164016723632812500e+00
-1.216797924041748047e+01,-1.005642127990722656e+01,-6.279283523559570312e+00,-1.254327011108398438e+01,-4.147261619567871094e+00
-1.084804344177246094e+01,-1.149594688415527344e+01,-5.856088638305664062e+00,-1.115438461303710938e+01,-3.969961404800415039e+00
-1.077104377746582031e+01,-1.017424392700195312e+01,-6.517154693603515625e+00,-1.164588451385498047e+01,-3.877853155136108398e+00
-1.023349571228027344e+01,-6.038706779479980469e+00,-6.931059837341308594e+00,-1.154058074951171875e+01,-7.756647109985351562e+00
-1.054670810699462891e+01,-1.001010417938232422e+01,-8.051707267761230469e+00,-1.086618804931640625e+01,-3.650646448135375977e+00
-1.223086166381835938e+01,-9.844039916992187500e+00,-5.448747634887695312e+00,-1.254309177398681641e+01,-4.753446578979492188e+00
-1.027232360839843750e+01,-1.117631530761718750e+01,-4.711214065551757812e+00,-1.036319446563720703e+01,-4.429590225219726562e+00
-9.937374114990234375e+00,-1.114046669006347656e+01,-4.521943092346191406e+00,-1.026704120635986328e+01,-4.172278404235839844e+00
-9.994894981384277344e+00,-1.105303955078125000e+01,-4.202836990356445312e+00,-1.067692375183105469e+01,-4.678130149841308594e+00
-1.005805206298828125e+01,-1.135766983032226562e+01,-4.484951019287109375e+00,-1.050005435943603516e+01,-4.594117164611816406e+00
-1.030748367309570312e+01,-1.151382732391357422e+01,-5.880930900573730469e+00,-1.082368278503417969e+01,-3.882802248001098633e+00
-9.463761329650878906e+00,-1.175620460510253906e+01,-7.550185203552246094e+00,-1.184200382232666016e+01,-3.544909715652465820e+00
-9.066314697265625000e+00,-9.085762977600097656e+00,-7.463545799255371094e+00,-1.274677276611328125e+01,-3.675633668899536133e+00
-9.329642295837402344e+00,-1.081890678405761719e+01,-7.849349021911621094e+00,-1.162295150756835938e+01,-3.584222078323364258e+00
-9.635472297668457031e+00,-1.088419532775878906e+01,-7.655093193054199219e+00,-1.103675270080566406e+01,-3.451016664505004883e+00
-8.892585754394531250e+00,-6.215277671813964844e+00,-7.287327766418457031e+00,-9.986791610717773438e+00,-6.142513275146484375e+00
-8.396312713623046875e+00,-8.804794311523437500e+00,-7.812089920043945312e+00,-9.737017631530761719e+00,-3.933190584182739258e+00
-8.894852638244628906e+00,-7.074051856994628906e+00,-8.471416473388671875e+00,-8.389791488647460938e+00,-5.317456245422363281e+00
-9.118171691894531250e+00,-7.161983966827392578e+00,-8.176145553588867188e+00,-7.280511856079101562e+00,-5.149826049804687500e+00
-8.850898742675781250e+00,-1.026078510284423828e+01,-9.521184921264648438e+00,-7.773694992065429688e+00,-3.707786798477172852e+00
-1.034025859832763672e+01,-1.100688076019287109e+01,-7.847967147827148438e+00,-1.022093677520751953e+01,-3.633503198623657227e+00
-9.659362792968750000e+00,-1.186269664764404297e+01,-7.837057113647460938e+00,-1.070658779144287109e+01,-3.629614114761352539e+00
-9.989273071289062500e+00,-9.809173583984375000e+00,-7.991825103759765625e+00,-9.930083274841308594e+00,-3.696669340133666992e+00
-1.075428581237792969e+01,-9.303818702697753906e+00,-7.863416671752929688e+00,-1.047889137268066406e+01,-3.875419855117797852e+00
-1.025738334655761719e+01,-1.132469654083251953e+01,-7.508851051330566406e+00,-9.740983963012695312e+00,-3.862447977066040039e+00
-8.485404968261718750e+00,-8.658519744873046875e+00,-7.884586334228515625e+00,-9.283754348754882812e+00,-3.370375394821166992e+00
-1.067462730407714844e+01,-8.151202201843261719e+00,-6.218962192535400391e+00,-9.756659507751464844e+00,-4.067543029785156250e+00
-1.188911724090576172e+01,-7.509778022766113281e+00,-5.995476722717285156e+00,-9.827432632446289062e+00,-5.749725341796875000e+00
-9.134565353393554688e+00,-7.864156246185302734e+00,-6.180131912231445312e+00,-1.052630615234375000e+01,-4.496845245361328125e+00
-7.479113101959228516e+00,-9.131099700927734375e+00,-7.178046226501464844e+00,-1.126898384094238281e+01,-3.846829652786254883e+00
-8.696759223937988281e+00,-1.001628303527832031e+01,-6.985624313354492188e+00,-1.067924880981445312e+01,-3.763187646865844727e+00
-7.289668083190917969e+00,-1.055461311340332031e+01,-8.485849380493164062e+00,-1.062214851379394531e+01,-3.909575700759887695e+00
-9.703886032104492188e+00,-6.284996032714843750e+00,-6.926305770874023438e+00,-1.214247894287109375e+01,-6.789612770080566406e+00
-9.092024803161621094e+00,-6.762803077697753906e+00,-6.831327438354492188e+00,-1.054828739166259766e+01,-6.321969032287597656e+00
-7.219353199005126953e+00,-7.403274536132812500e+00,-7.812591552734375000e+00,-9.908060073852539062e+00,-4.443553924560546875e+00
-1.288822852075099945e-02,-8.187146186828613281e+00,-1.167182731628417969e+01,-8.382389068603515625e+00,-6.160782814025878906e+00
