-1.563616180419921875e+01,-5.388171195983886719e+00,-1.407352828979492188e+01,-1.509762001037597656e+01,-1.585273933410644531e+01
-1.653251457214355469e+01,-5.365964889526367188e+00,-1.619567298889160156e+01,-1.555964088439941406e+01,-1.705606079101562500e+01
-1.792581939697265625e+01,-5.433211803436279297e+00,-1.357479572296142578e+01,-1.488706970214843750e+01,-1.745734977722167969e+01
-1.821516418457031250e+01,-5.373450279235839844e+00,-1.222270107269287109e+01,-1.413002777099609375e+01,-1.746374320983886719e+01
-1.981471252441406250e+01,-5.379611968994140625e+00,-1.315701770782470703e+01,-1.481082534790039062e+01,-1.807682991027832031e+01
-1.918967628479003906e+01,-5.251962661743164062e+00,-1.471940517425537109e+01,-1.421625518798828125e+01,-1.776780128479003906e+01
-2.017904472351074219e+01,-5.292139530181884766e+00,-1.290461826324462891e+01,-1.285691070556640625e+01,-1.707125854492187500e+01
-1.886026000976562500e+01,-5.372857570648193359e+00,-1.187241554260253906e+01,-1.396073532104492188e+01,-1.754948425292968750e+01
-1.830353736877441406e+01,-5.265144348144531250e+00,-1.397995090484619141e+01,-1.474172019958496094e+01,-1.841465568542480469e+01
-1.994063186645507812e+01,-5.326697826385498047e+00,-1.299708461761474609e+01,-1.378502655029296875e+01,-1.811948013305664062e+01
-1.894839477539062500e+01,-5.379471778869628906e+00,-1.386838817596435547e+01,-1.409730529785156250e+01,-1.801156425476074219e+01
-1.910763931274414062e+01,-5.248041152954101562e+00,-1.433420181274414062e+01,-1.439853477478027344e+01,-1.805421829223632812e+01
-1.909551239013671875e+01,-5.332921028137207031e+00,-1.406515598297119141e+01,-1.425856781005859375e+01,-1.786535644531250000e+01
-1.779290390014648438e+01,-5.286602973937988281e+00,-1.579913902282714844e+01,-1.539337921142578125e+01,-1.741468429565429688e+01
-1.889490127563476562e+01,-5.252346992492675781e+00,-1.519655704498291016e+01,-1.463244628906250000e+01,-1.830978775024414062e+01
-1.826969528198242188e+01,-5.150138378143310547e+00,-1.488662624359130859e+01,-1.323193359375000000e+01,-1.815191650390625000e+01
-1.932725715637207031e+01,-5.213992595672607422e+00,-1.494536495208740234e+01,-1.453379821777343750e+01,-1.830083465576171875e+01
-1.957674217224121094e+01,-5.253109931945800781e+00,-1.505362129211425781e+01,-1.441587257385253906e+01,-1.821461486816406250e+01
-1.907409095764160156e+01,-5.266991615295410156e+00,-1.426132488250732422e+01,-1.452788925170898438e+01,-1.811135864257812500e+01
-1.876463699340820312e+01,-5.250288486480712891e+00,-1.191190624237060547e+01,-1.259986495971679688e+01,-1.783919715881347656e+01
-1.225955104827880859e+01,-5.395307540893554688e+00,-7.513671875000000000e+00,-6.852689743041992188e+00,-6.682432174682617188e+00
-1.874398803710937500e+01,-5.223027706146240234e+00,-1.404000759124755859e+01,-1.350435829162597656e+01,-1.722399139404296875e+01
-1.725652313232421875e+01,-5.325833320617675781e+00,-1.272779369354248047e+01,-1.358550834655761719e+01,-1.673186302185058594e+01
-1.791525268554687500e+01,-5.222294807434082031e+00,-1.281490802764892578e+01,-1.478882026672363281e+01,-1.748918151855468750e+01
-1.981340789794921875e+01,-5.305837154388427734e+00,-1.262541294097900391e+01,-1.411507987976074219e+01,-1.801444244384765625e+01
-1.966500473022460938e+01,-5.325989246368408203e+00,-1.261281204223632812e+01,-1.294950485229492188e+01,-1.738040733337402344e+01
-1.194952011108398438e+01,-5.415463447570800781e+00,-6.873176574707031250e+00,-6.731510162353515625e+00,-6.055670261383056641e+00
-1.908289718627929688e+01,-5.304870605468750000e+00,-1.312380886077880859e+01,-1.412667846679687500e+01,-1.754378890991210938e+01
-1.663009643554687500e+01,-5.396421432495117188e+00,-1.476619434356689453e+01,-1.491177368164062500e+01,-1.676727104187011719e+01
-1.776989364624023438e+01,-5.292926788330078125e+00,-1.370341014862060547e+01,-1.495457649230957031e+01,-1.809744644165039062e+01
-1.730958366394042969e+01,-5.318935871124267578e+00,-1.315595149993896484e+01,-1.442706298828125000e+01,-1.700458908081054688e+01
-1.697353363037109375e+01,-5.327097892761230469e+00,-1.347891139984130859e+01,-1.450386428833007812e+01,-1.648281097412109375e+01
-1.729576873779296875e+01,-5.306242942810058594e+00,-1.499088191986083984e+01,-1.589059448242187500e+01,-1.744724273681640625e+01
-1.722232055664062500e+01,-5.296531200408935547e+00,-1.418730163574218750e+01,-1.464749717712402344e+01,-1.701718711853027344e+01
-1.537317085266113281e+01,-5.405387878417968750e+00,-1.036351203918457031e+01,-1.039479255676269531e+01,-1.252667427062988281e+01
-1.548323535919189453e+01,-5.242321968078613281e+00,-1.570823192596435547e+01,-1.595844841003417969e+01,-1.613801956176757812e+01
-1.566307926177978516e+01,-5.309720516204833984e+00,-1.392718791961669922e+01,-1.395247268676757812e+01,-1.553053092956542969e+01
-1.871811103820800781e+01,-5.342619895935058594e+00,-1.425999736785888672e+01,-1.614506530761718750e+01,-1.762730789184570312e+01
-1.903129959106445312e+01,-5.212168693542480469e+00,-1.457225036621093750e+01,-1.650875282287597656e+01,-1.757194900512695312e+01
-1.967134094238281250e+01,-5.323330879211425781e+00,-1.384570217132568359e+01,-1.582131195068359375e+01,-1.760950851440429688e+01
-1.945855712890625000e+01,-5.288290500640869141e+00,-1.416176033020019531e+01,-1.555198478698730469e+01,-1.756667709350585938e+01
-2.026080513000488281e+01,-5.256729125976562500e+00,-1.305272388458251953e+01,-1.553733825683593750e+01,-1.741661071777343750e+01
-2.074559402465820312e+01,-5.341565608978271484e+00,-1.235888481140136719e+01,-1.548601341247558594e+01,-1.691122627258300781e+01
-2.073325729370117188e+01,-5.340929985046386719e+00,-1.135684776306152344e+01,-1.578340721130371094e+01,-1.689141464233398438e+01
-1.810057258605957031e+01,-5.385245323181152344e+00,-1.282394790649414062e+01,-1.505410766601562500e+01,-1.617149543762207031e+01
-1.782872009277343750e+01,-5.243062019348144531e+00,-1.392232799530029297e+01,-1.570108985900878906e+01,-1.651029205322265625e+01
-2.015364074707031250e+01,-5.279166698455810547e+00,-1.119565868377685547e+01,-1.548934745788574219e+01,-1.680714607238769531e+01
-2.039535522460937500e+01,-5.291769504547119141e+00,-1.144900321960449219e+01,-1.569435501098632812e+01,-1.674873542785644531e+01
-2.078802680969238281e+01,-5.295617103576660156e+00,-1.216997337341308594e+01,-1.548788833618164062e+01,-1.726185798645019531e+01
-2.114251327514648438e+01,-5.331370353698730469e+00,-1.226250171661376953e+01,-1.584085083007812500e+01,-1.748048019409179688e+01
-2.058120727539062500e+01,-5.343413352966308594e+00,-1.242189121246337891e+01,-1.598476982116699219e+01,-1.788259124755859375e+01
-1.195724678039550781e+01,-5.414566993713378906e+00,-6.910154342651367188e+00,-6.740035057067871094e+00,-6.073571681976318359e+00
-1.936399078369140625e+01,-5.245949745178222656e+00,-1.290497684478759766e+01,-1.582996177673339844e+01,-1.736498451232910156e+01
-1.840099525451660156e+01,-5.196766853332519531e+00,-1.175697135925292969e+01,-1.460467147827148438e+01,-1.642553329467773438e+01
-1.193798446655273438e+01,-5.418316841125488281e+00,-6.842630386352539062e+00,-6.716277122497558594e+00,-6.032028675079345703e+00
-1.197757244110107422e+01,-5.418185234069824219e+00,-6.911520957946777344e+00,-6.720797061920166016e+00,-6.085813999176025391e+00
-1.655791854858398438e+01,-5.350112915039062500e+00,-1.110792350769042969e+01,-1.330815315246582031e+01,-1.337356948852539062e+01
-1.906260681152343750e+01,-5.283283233642578125e+00,-1.373088932037353516e+01,-1.579627418518066406e+01,-1.736423492431640625e+01
-2.127567672729492188e+01,-5.301067829132080078e+00,-1.320387935638427734e+01,-1.605737304687500000e+01,-1.794461059570312500e+01
-2.066052627563476562e+01,-5.229046821594238281e+00,-1.345222282409667969e+01,-1.605414962768554688e+01,-1.782518386840820312e+01
-2.101158523559570312e+01,-5.263258934020996094e+00,-1.374730777740478516e+01,-1.518733787536621094e+01,-1.769779205322265625e+01
-2.113726806640625000e+01,-5.275599956512451172e+00,-1.410536670684814453e+01,-1.578253555297851562e+01,-1.775655364990234375e+01
-2.102810287475585938e+01,-5.276163578033447266e+00,-1.420408535003662109e+01,-1.609021568298339844e+01,-1.766842651367187500e+01
-2.125904464721679688e+01,-5.258319854736328125e+00,-1.488682651519775391e+01,-1.648892402648925781e+01,-1.783579444885253906e+01
-2.136506652832031250e+01,-5.222194671630859375e+00,-1.461115074157714844e+01,-1.640595626831054688e+01,-1.812918090820312500e+01
-2.096574401855468750e+01,-5.223845005035400391e+00,-1.406394290924072266e+01,-1.607088279724121094e+01,-1.766006278991699219e+01
-1.977337646484375000e+01,-5.199550628662109375e+00,-1.365751171112060547e+01,-1.564147949218750000e+01,-1.716469192504882812e+01
-2.075401687622070312e+01,-5.237178325653076172e+00,-1.431978130340576172e+01,-1.491155242919921875e+01,-1.752939796447753906e+01
-2.103649520874023438e+01,-5.212094783782958984e+00,-1.518119144439697266e+01,-1.574586868286132812e+01,-1.779406929016113281e+01
-2.094481658935546875e+01,-5.241756439208984375e+00,-1.476525211334228516e+01,-1.557867431640625000e+01,-1.794543647766113281e+01
-2.134849166870117188e+01,-5.223778247833251953e+00,-1.458842563629150391e+01,-1.623114776611328125e+01,-1.823707962036132812e+01
-2.086153411865234375e+01,-5.180823802947998047e+00,-1.481620502471923828e+01,-1.604432868957519531e+01,-1.773014450073242188e+01
-2.079556465148925781e+01,-5.196442604064941406e+00,-1.474137496948242188e+01,-1.637373542785644531e+01,-1.780088043212890625e+01
-2.089853096008300781e+01,-5.150345802307128906e+00,-1.512059497833251953e+01,-1.617038536071777344e+01,-1.784462165832519531e+01
-2.111278343200683594e+01,-5.229618549346923828e+00,-1.495700931549072266e+01,-1.614383697509765625e+01,-1.797713470458984375e+01
-2.134658813476562500e+01,-5.231031417846679688e+00,-1.509298896789550781e+01,-1.627647018432617188e+01,-1.806063270568847656e+01
-2.099349403381347656e+01,-5.215453624725341797e+00,-1.499427509307861328e+01,-1.614949798583984375e+01,-1.782454681396484375e+01
-2.072821426391601562e+01,-5.258016586303710938e+00,-1.479320526123046875e+01,-1.489418411254882812e+01,-1.708273696899414062e+01
-2.065228271484375000e+01,-5.186035156250000000e+00,-1.439299583435058594e+01,-1.426737213134765625e+01,-1.728523254394531250e+01
-2.101015472412109375e+01,-5.210752487182617188e+00,-1.463346576690673828e+01,-1.577956199645996094e+01,-1.802726936340332031e+01
-2.091628265380859375e+01,-5.210588455200195312e+00,-1.460777759552001953e+01,-1.468384933471679688e+01,-1.759365272521972656e+01
-2.124917602539062500e+01,-5.256729125976562500e+00,-1.443832969665527344e+01,-1.495751380920410156e+01,-1.764958190917968750e+01
-2.136746597290039062e+01,-5.307407379150390625e+00,-1.424864673614501953e+01,-1.508975791931152344e+01,-1.768047332763671875e+01
-2.123424911499023438e+01,-5.272896766662597656e+00,-1.368243885040283203e+01,-1.418356132507324219e+01,-1.746593666076660156e+01
-2.114317131042480469e+01,-5.257743358612060547e+00,-1.415277481079101562e+01,-1.374632072448730469e+01,-1.746859741210937500e+01
-2.146105957031250000e+01,-5.267052650451660156e+00,-1.377095890045166016e+01,-1.451380538940429688e+01,-1.773888587951660156e+01
-2.097625732421875000e+01,-5.295575618743896484e+00,-1.314590167999267578e+01,-1.518210411071777344e+01,-1.735833358764648438e+01
-1.198351669311523438e+01,-5.415551185607910156e+00,-6.929692268371582031e+00,-6.737262725830078125e+00,-6.104991912841796875e+00
-1.841569900512695312e+01,-5.301035881042480469e+00,-1.224124526977539062e+01,-1.494173812866210938e+01,-1.576628684997558594e+01
-1.772962951660156250e+01,-5.347177505493164062e+00,-1.167456245422363281e+01,-1.449211692810058594e+01,-1.524936485290527344e+01
-1.680257797241210938e+01,-5.383776187896728516e+00,-1.091711330413818359e+01,-1.409463310241699219e+01,-1.382510375976562500e+01
-1.618690109252929688e+01,-5.427990913391113281e+00,-8.788251876831054688e+00,-1.247599220275878906e+01,-1.352068901062011719e+01
-1.945346832275390625e+01,-5.251563072204589844e+00,-1.303505229949951172e+01,-1.640344810485839844e+01,-1.767807388305664062e+01
-1.984360122680664062e+01,-5.237533569335937500e+00,-1.236483287811279297e+01,-1.590489959716796875e+01,-1.736179924011230469e+01
-2.096748352050781250e+01,-5.197989463806152344e+00,-1.206183719635009766e+01,-1.513895606994628906e+01,-1.773337364196777344e+01
-2.090651702880859375e+01,-5.238243103027343750e+00,-1.217316246032714844e+01,-1.609927368164062500e+01,-1.771121978759765625e+01
-2.107401657104492188e+01,-5.280505657196044922e+00,-1.260528469085693359e+01,-1.623270225524902344e+01,-1.764038848876953125e+01
-2.058909034729003906e+01,-5.226773262023925781e+00,-1.281592845916748047e+01,-1.635708618164062500e+01,-1.805377006530761719e+01
-2.045254707336425781e+01,-5.135395526885986328e+00,-1.255239963531494141e+01,-1.571800041198730469e+01,-1.807172012329101562e+01
-1.195530891418457031e+01,-5.416373729705810547e+00,-6.871078491210937500e+00,-6.730336189270019531e+00,-6.064210414886474609e+00
-2.082572174072265625e+01,-5.164428710937500000e+00,-1.177989864349365234e+01,-1.559801673889160156e+01,-1.809191513061523438e+01
-2.087007331848144531e+01,-5.162627220153808594e+00,-1.149130535125732422e+01,-1.545346450805664062e+01,-1.820638656616210938e+01
-1.197023200988769531e+01,-5.415344715118408203e+00,-6.894975662231445312e+00,-6.737108230590820312e+00,-6.088377475738525391e+00
-2.130718803405761719e+01,-5.203456401824951172e+00,-1.133267307281494141e+01,-1.589827346801757812e+01,-1.805327987670898438e+01
-2.116325759887695312e+01,-5.158423423767089844e+00,-1.214517688751220703e+01,-1.569610023498535156e+01,-1.829861450195312500e+01
-2.128103256225585938e+01,-5.149758338928222656e+00,-1.210073184967041016e+01,-1.530715560913085938e+01,-1.833806228637695312e+01
-2.135826492309570312e+01,-5.146428108215332031e+00,-1.224487876892089844e+01,-1.530994415283203125e+01,-1.833909606933593750e+01
-2.133382987976074219e+01,-5.161771297454833984e+00,-1.233387088775634766e+01,-1.554354095458984375e+01,-1.810714721679687500e+01
-2.070568084716796875e+01,-5.144400596618652344e+00,-1.166857433319091797e+01,-1.494196891784667969e+01,-1.800696182250976562e+01
-2.020314788818359375e+01,-5.130839824676513672e+00,-1.111486053466796875e+01,-1.453340148925781250e+01,-1.765184020996093750e+01
-1.944492149353027344e+01,-5.231502056121826172e+00,-1.132793617248535156e+01,-1.650859451293945312e+01,-1.643049240112304688e+01
-1.953471374511718750e+01,-5.173744678497314453e+00,-1.149798774719238281e+01,-1.636090469360351562e+01,-1.602828979492187500e+01
-2.093868827819824219e+01,-5.261085987091064453e+00,-1.197068786621093750e+01,-1.591426658630371094e+01,-1.673977661132812500e+01
-2.107989883422851562e+01,-5.234920501708984375e+00,-1.205742931365966797e+01,-1.569520759582519531e+01,-1.710304450988769531e+01
-2.092781829833984375e+01,-5.276660442352294922e+00,-1.179992675781250000e+01,-1.602122306823730469e+01,-1.647762680053710938e+01
-2.093338203430175781e+01,-5.318429946899414062e+00,-1.141150283813476562e+01,-1.602321434020996094e+01,-1.639299964904785156e+01
-2.083141136169433594e+01,-5.220123291015625000e+00,-9.601106643676757812e+00,-1.461714172363281250e+01,-1.705175399780273438e+01
-1.891481971740722656e+01,-5.241566181182861328e+00,-7.470277786254882812e+00,-1.452855682373046875e+01,-1.532893180847167969e+01
-1.746339416503906250e+01,-5.308860778808593750e+00,-8.379798889160156250e+00,-1.458117866516113281e+01,-1.405813407897949219e+01
-1.392657661437988281e+01,-5.471963405609130859e+00,-6.272822380065917969e+00,-1.140306282043457031e+01,-8.180152893066406250e+00
-1.342553138732910156e+01,-5.479661464691162109e+00,-6.100426673889160156e+00,-1.004194641113281250e+01,-9.581199645996093750e+00
-1.857163238525390625e+01,-5.317539691925048828e+00,-1.129432773590087891e+01,-1.555954551696777344e+01,-1.619469833374023438e+01
-2.063272476196289062e+01,-5.408583641052246094e+00,-1.236256885528564453e+01,-1.577618598937988281e+01,-1.715623092651367188e+01
-2.063169860839843750e+01,-5.312816619873046875e+00,-1.215467643737792969e+01,-1.501521873474121094e+01,-1.744651794433593750e+01
-1.975587463378906250e+01,-5.231633186340332031e+00,-1.052449512481689453e+01,-1.200040435791015625e+01,-1.655927658081054688e+01
-2.024372291564941406e+01,-5.262639999389648438e+00,-1.174588298797607422e+01,-1.316007614135742188e+01,-1.696212005615234375e+01
-2.056948280334472656e+01,-5.273715972900390625e+00,-1.210803222656250000e+01,-1.444242668151855469e+01,-1.742047119140625000e+01
-2.041112709045410156e+01,-5.281453132629394531e+00,-1.212952709197998047e+01,-1.434105873107910156e+01,-1.755644607543945312e+01
-2.079607391357421875e+01,-5.294559478759765625e+00,-1.250178813934326172e+01,-1.492143249511718750e+01,-1.780645179748535156e+01
-2.053286552429199219e+01,-5.277511596679687500e+00,-1.267635631561279297e+01,-1.472900581359863281e+01,-1.747485733032226562e+01
-2.078024673461914062e+01,-5.271481990814208984e+00,-1.302763652801513672e+01,-1.562810516357421875e+01,-1.771199417114257812e+01
-2.115994071960449219e+01,-5.294676780700683594e+00,-1.303130626678466797e+01,-1.595910072326660156e+01,-1.797709274291992188e+01
-2.102867507934570312e+01,-5.276938438415527344e+00,-1.318818569183349609e+01,-1.527009582519531250e+01,-1.758895111083984375e+01
-2.121979141235351562e+01,-5.278468608856201172e+00,-1.300406360626220703e+01,-1.550675582885742188e+01,-1.770396041870117188e+01
-2.102709197998046875e+01,-5.257579326629638672e+00,-1.297198200225830078e+01,-1.543548202514648438e+01,-1.770715332031250000e+01
-2.124551391601562500e+01,-5.272447109222412109e+00,-1.301251792907714844e+01,-1.530021858215332031e+01,-1.771346664428710938e+01
-2.114472389221191406e+01,-5.265648841857910156e+00,-1.279963493347167969e+01,-1.489137268066406250e+01,-1.769387626647949219e+01
-2.126037597656250000e+01,-5.237714767456054688e+00,-1.322043514251708984e+01,-1.510581207275390625e+01,-1.788759994506835938e+01
-2.039328384399414062e+01,-5.260482311248779297e+00,-1.229687786102294922e+01,-1.338248825073242188e+01,-1.714919281005859375e+01
-2.076771545410156250e+01,-5.282531738281250000e+00,-1.312746906280517578e+01,-1.468601036071777344e+01,-1.736962890625000000e+01
-2.065060615539550781e+01,-5.275410175323486328e+00,-1.277342700958251953e+01,-1.419360160827636719e+01,-1.746087455749511719e+01
-2.104521942138671875e+01,-5.285507202148437500e+00,-1.339768886566162109e+01,-1.542311477661132812e+01,-1.771846771240234375e+01
-2.106322288513183594e+01,-5.237904548645019531e+00,-1.299750804901123047e+01,-1.483689880371093750e+01,-1.755537796020507812e+01
-2.121938705444335938e+01,-5.257344722747802734e+00,-1.312178134918212891e+01,-1.579401588439941406e+01,-1.750426101684570312e+01
-2.129111862182617188e+01,-5.273894309997558594e+00,-1.316887760162353516e+01,-1.560637474060058594e+01,-1.719862747192382812e+01
-2.137931442260742188e+01,-5.290275096893310547e+00,-1.309804248809814453e+01,-1.562340164184570312e+01,-1.738710784912109375e+01
-2.125958251953125000e+01,-5.263073444366455078e+00,-1.297434520721435547e+01,-1.532536315917968750e+01,-1.726738739013671875e+01
-2.114659500122070312e+01,-5.253095149993896484e+00,-1.308533382415771484e+01,-1.530656623840332031e+01,-1.720020294189453125e+01
-2.120270347595214844e+01,-5.197976589202880859e+00,-1.260105991363525391e+01,-1.461996650695800781e+01,-1.729130935668945312e+01
-2.113722038269042969e+01,-5.193285465240478516e+00,-1.209110546112060547e+01,-1.432980346679687500e+01,-1.744949722290039062e+01
-2.131261825561523438e+01,-5.212849617004394531e+00,-1.149302673339843750e+01,-1.397649383544921875e+01,-1.721391868591308594e+01
-2.104130935668945312e+01,-5.241960048675537109e+00,-1.163213920593261719e+01,-1.314365196228027344e+01,-1.603495216369628906e+01
-2.127121162414550781e+01,-5.338149070739746094e+00,-1.196638393402099609e+01,-1.361002349853515625e+01,-1.622097206115722656e+01
-2.108674621582031250e+01,-5.411345481872558594e+00,-1.213463115692138672e+01,-1.341928672790527344e+01,-1.593021202087402344e+01
-1.874568176269531250e+01,-5.411694049835205078e+00,-1.066727828979492188e+01,-1.365287590026855469e+01,-1.350239372253417969e+01
-1.917504692077636719e+01,-5.306708335876464844e+00,-1.111419773101806641e+01,-1.371349143981933594e+01,-1.397876167297363281e+01
-1.871119117736816406e+01,-5.203917980194091797e+00,-7.433156013488769531e+00,-1.192091751098632812e+01,-1.383274841308593750e+01
-1.901188278198242188e+01,-5.243088722229003906e+00,-8.545508384704589844e+00,-1.305937576293945312e+01,-1.400201988220214844e+01
-1.865685844421386719e+01,-5.221122741699218750e+00,-1.033287048339843750e+01,-1.443169784545898438e+01,-1.299679946899414062e+01
-1.943631553649902344e+01,-5.303251266479492188e+00,-1.107391262054443359e+01,-1.449448776245117188e+01,-1.386941528320312500e+01
-1.994783401489257812e+01,-5.278619289398193359e+00,-1.138681221008300781e+01,-1.481365013122558594e+01,-1.485366439819335938e+01
-2.031150245666503906e+01,-5.238501548767089844e+00,-1.214907360076904297e+01,-1.431138420104980469e+01,-1.567707633972167969e+01
-2.040053367614746094e+01,-5.270005226135253906e+00,-1.246522998809814453e+01,-1.451396369934082031e+01,-1.552214241027832031e+01
-2.016700744628906250e+01,-5.277246952056884766e+00,-1.231275653839111328e+01,-1.448746871948242188e+01,-1.530520820617675781e+01
-1.975236129760742188e+01,-5.239640712738037109e+00,-1.144896030426025391e+01,-1.395088195800781250e+01,-1.470672607421875000e+01
-1.970667266845703125e+01,-5.218418598175048828e+00,-1.155789375305175781e+01,-1.475088691711425781e+01,-1.495266151428222656e+01
-2.010614395141601562e+01,-5.250993728637695312e+00,-1.171228981018066406e+01,-1.495887565612792969e+01,-1.546943092346191406e+01
-1.955385017395019531e+01,-5.245272636413574219e+00,-1.101629352569580078e+01,-1.427982139587402344e+01,-1.481605529785156250e+01
-1.868971061706542969e+01,-5.218429565429687500e+00,-1.031081295013427734e+01,-1.404554367065429688e+01,-1.328286743164062500e+01
-1.869102287292480469e+01,-5.208952426910400391e+00,-9.899415969848632812e+00,-1.358899116516113281e+01,-1.333942031860351562e+01
-1.890890884399414062e+01,-5.203041076660156250e+00,-1.010033226013183594e+01,-1.407555198669433594e+01,-1.354962539672851562e+01
-1.845479965209960938e+01,-5.163770198822021484e+00,-9.432791709899902344e+00,-1.415464401245117188e+01,-1.175441741943359375e+01
-1.863281631469726562e+01,-5.163622856140136719e+00,-1.053079891204833984e+01,-1.498195648193359375e+01,-1.229495048522949219e+01
-1.902835083007812500e+01,-5.198617935180664062e+00,-1.077914428710937500e+01,-1.514766883850097656e+01,-1.213092231750488281e+01
-1.845713424682617188e+01,-5.195245742797851562e+00,-1.055769729614257812e+01,-1.507488250732421875e+01,-1.089316940307617188e+01
-1.811006546020507812e+01,-5.242950916290283203e+00,-1.006162643432617188e+01,-1.533557891845703125e+01,-1.065507316589355469e+01
-1.714739990234375000e+01,-5.194137573242187500e+00,-9.533520698547363281e+00,-1.564624977111816406e+01,-1.018699645996093750e+01
-1.214761352539062500e+01,-5.480772972106933594e+00,-8.341514587402343750e+00,-6.741230964660644531e+00,-6.811233520507812500e+00
-1.551831912994384766e+01,-5.362415790557861328e+00,-5.404402732849121094e+00,-1.450782394409179688e+01,-7.575616359710693359e+00
-1.638484191894531250e+01,-5.656526565551757812e+00,-4.459282875061035156e+00,-1.482190513610839844e+01,-8.884756088256835938e+00
-1.630320930480957031e+01,-5.365366935729980469e+00,-6.034897804260253906e+00,-1.529611968994140625e+01,-9.756830215454101562e+00
-1.623293685913085938e+01,-5.386933803558349609e+00,-5.321758747100830078e+00,-1.474120330810546875e+01,-9.220533370971679688e+00
-1.697613143920898438e+01,-5.764499664306640625e+00,-3.846937417984008789e+00,-1.309390449523925781e+01,-1.053521728515625000e+01
-1.783330726623535156e+01,-5.741503715515136719e+00,-3.937164545059204102e+00,-1.204805564880371094e+01,-1.029700469970703125e+01
-1.679946517944335938e+01,-5.841513633728027344e+00,-4.158768653869628906e+00,-1.102329444885253906e+01,-8.749837875366210938e+00
-1.686290550231933594e+01,-6.411306381225585938e+00,-3.409050226211547852e+00,-1.068271636962890625e+01,-8.726335525512695312e+00
-1.658811569213867188e+01,-6.344310283660888672e+00,-3.434569120407104492e+00,-1.120127105712890625e+01,-9.969858169555664062e+00
-1.663249397277832031e+01,-6.428733348846435547e+00,-3.077847719192504883e+00,-1.292066001892089844e+01,-1.149738311767578125e+01
-1.731216621398925781e+01,-6.692111968994140625e+00,-2.995450735092163086e+00,-1.286149215698242188e+01,-1.187710762023925781e+01
-1.213884639739990234e+01,-5.421879768371582031e+00,-7.269249916076660156e+00,-6.732492446899414062e+00,-6.330733776092529297e+00
-1.633808898925781250e+01,-7.548020362854003906e+00,-2.827140092849731445e+00,-1.258263206481933594e+01,-1.059940528869628906e+01
-1.193585014343261719e+01,-5.419053077697753906e+00,-6.832158088684082031e+00,-6.710658550262451172e+00,-6.024364948272705078e+00
-1.814449691772460938e+01,-6.464774131774902344e+00,-3.063154935836791992e+00,-1.338970184326171875e+01,-1.307730484008789062e+01
-1.815941047668457031e+01,-6.302289009094238281e+00,-3.166354417800903320e+00,-1.281705284118652344e+01,-1.279474449157714844e+01
-1.741765022277832031e+01,-6.317629814147949219e+00,-3.101651430130004883e+00,-1.381672096252441406e+01,-1.249740409851074219e+01
-1.652603530883789062e+01,-6.321975708007812500e+00,-3.407002210617065430e+00,-1.367394638061523438e+01,-1.088721466064453125e+01
-1.675424003601074219e+01,-6.771092414855957031e+00,-3.083423852920532227e+00,-1.406105804443359375e+01,-1.115321350097656250e+01
-1.736202621459960938e+01,-6.381698131561279297e+00,-3.397068262100219727e+00,-1.352405166625976562e+01,-1.284392929077148438e+01
-1.886101531982421875e+01,-5.918254852294921875e+00,-4.203660964965820312e+00,-1.232431411743164062e+01,-1.361548614501953125e+01
-1.879090309143066406e+01,-6.739892005920410156e+00,-3.704043626785278320e+00,-1.118899536132812500e+01,-1.364954566955566406e+01
-1.874112319946289062e+01,-7.265239238739013672e+00,-3.558020830154418945e+00,-1.111188316345214844e+01,-1.434820747375488281e+01
-1.810894012451171875e+01,-7.912801742553710938e+00,-3.732060670852661133e+00,-8.145247459411621094e+00,-1.419736480712890625e+01
-1.792710113525390625e+01,-8.514329910278320312e+00,-3.556237936019897461e+00,-7.330083847045898438e+00,-1.382596778869628906e+01
-1.782434082031250000e+01,-8.754668235778808594e+00,-3.178313016891479492e+00,-7.346628189086914062e+00,-1.400830650329589844e+01
-1.799740219116210938e+01,-8.707447052001953125e+00,-3.245358705520629883e+00,-7.626903533935546875e+00,-1.405239677429199219e+01
-1.756031417846679688e+01,-8.845010757446289062e+00,-3.417013883590698242e+00,-7.340694427490234375e+00,-1.412516212463378906e+01
-1.695961761474609375e+01,-8.906374931335449219e+00,-3.493770837783813477e+00,-6.924854755401611328e+00,-1.399187088012695312e+01
-1.724926376342773438e+01,-7.734196662902832031e+00,-3.073042631149291992e+00,-8.005928993225097656e+00,-1.386165618896484375e+01
-1.786876869201660156e+01,-7.274611949920654297e+00,-3.278200387954711914e+00,-7.594388484954833984e+00,-1.385303497314453125e+01
-1.763324737548828125e+01,-7.694446563720703125e+00,-3.614668130874633789e+00,-6.482044696807861328e+00,-1.376609230041503906e+01
-1.753901672363281250e+01,-6.619540691375732422e+00,-4.018331527709960938e+00,-7.165696144104003906e+00,-1.380630493164062500e+01
-1.822917747497558594e+01,-5.422056674957275391e+00,-6.567756652832031250e+00,-1.013772392272949219e+01,-1.355466461181640625e+01
-1.752508544921875000e+01,-5.378564834594726562e+00,-6.742666244506835938e+00,-9.749925613403320312e+00,-1.338314819335937500e+01
-1.439347934722900391e+01,-5.837989807128906250e+00,-5.683546066284179688e+00,-7.416188240051269531e+00,-1.024304962158203125e+01
-1.256617164611816406e+01,-5.461901664733886719e+00,-7.779136657714843750e+00,-6.557248115539550781e+00,-7.045753002166748047e+00
-1.277753639221191406e+01,-6.865077018737792969e+00,-4.899705410003662109e+00,-5.812307357788085938e+00,-8.191454887390136719e+00
-1.453310394287109375e+01,-9.786645889282226562e+00,-7.319437980651855469e+00,-5.009976387023925781e+00,-1.198449516296386719e+01
-1.640958023071289062e+01,-9.790243148803710938e+00,-8.106126785278320312e+00,-4.810229301452636719e+00,-1.325957107543945312e+01
-1.767446136474609375e+01,-9.072991371154785156e+00,-1.019917297363281250e+01,-4.756626129150390625e+00,-1.477500915527343750e+01
-1.796792793273925781e+01,-9.608402252197265625e+00,-1.040066719055175781e+01,-4.704299449920654297e+00,-1.476493072509765625e+01
-1.808713722229003906e+01,-1.020436000823974609e+01,-1.013169670104980469e+01,-4.760941028594970703e+00,-1.500653648376464844e+01
-1.804748344421386719e+01,-1.055513000488281250e+01,-1.164905452728271484e+01,-4.704313278198242188e+00,-1.471123695373535156e+01
-1.799697303771972656e+01,-1.108220863342285156e+01,-1.183673000335693359e+01,-4.721998214721679688e+00,-1.508234786987304688e+01
-1.788818740844726562e+01,-1.164430046081542969e+01,-1.134081554412841797e+01,-4.806279182434082031e+00,-1.533725547790527344e+01
-1.844705200195312500e+01,-1.152364540100097656e+01,-1.117929172515869141e+01,-4.856324195861816406e+00,-1.500971031188964844e+01
-1.872812080383300781e+01,-9.906909942626953125e+00,-1.114881992340087891e+01,-4.875277042388916016e+00,-1.376314926147460938e+01
-1.789332580566406250e+01,-1.077791404724121094e+01,-9.662910461425781250e+00,-4.870987892150878906e+00,-1.354015159606933594e+01
-1.744809150695800781e+01,-9.787839889526367188e+00,-1.187378597259521484e+01,-5.034282207489013672e+00,-1.503674888610839844e+01
-1.843373107910156250e+01,-8.010541915893554688e+00,-1.196560192108154297e+01,-5.062960147857666016e+00,-1.579170227050781250e+01
-1.845173835754394531e+01,-1.174369144439697266e+01,-1.309207725524902344e+01,-4.917764186859130859e+00,-1.641844749450683594e+01
-1.762283134460449219e+01,-1.185741233825683594e+01,-1.423688411712646484e+01,-4.928771018981933594e+00,-1.599357604980468750e+01
-1.787055969238281250e+01,-1.102038192749023438e+01,-1.304701900482177734e+01,-4.823465824127197266e+00,-1.608940696716308594e+01
-1.758306312561035156e+01,-1.146609687805175781e+01,-1.235739612579345703e+01,-4.874717235565185547e+00,-1.614146041870117188e+01
-1.803879928588867188e+01,-1.193327903747558594e+01,-1.351206111907958984e+01,-4.941499710083007812e+00,-1.639456176757812500e+01
-1.835997200012207031e+01,-1.147270393371582031e+01,-1.431888198852539062e+01,-4.921784400939941406e+00,-1.664016151428222656e+01
-1.833353424072265625e+01,-1.125624179840087891e+01,-1.424628925323486328e+01,-4.869020462036132812e+00,-1.637254524230957031e+01
-1.853854370117187500e+01,-1.099255371093750000e+01,-1.394580745697021484e+01,-4.876215457916259766e+00,-1.678545570373535156e+01
-1.876465988159179688e+01,-1.053901290893554688e+01,-1.407111644744873047e+01,-4.873315334320068359e+00,-1.688273620605468750e+01
-1.906330490112304688e+01,-1.003599262237548828e+01,-1.437309169769287109e+01,-4.884016036987304688e+00,-1.705632019042968750e+01
-1.889856338500976562e+01,-9.949607849121093750e+00,-1.441875743865966797e+01,-4.884010314941406250e+00,-1.701657676696777344e+01
-1.882040786743164062e+01,-9.893499374389648438e+00,-1.502490329742431641e+01,-4.864395141601562500e+00,-1.683690071105957031e+01
-1.804233741760253906e+01,-1.016944026947021484e+01,-1.428944778442382812e+01,-4.909061431884765625e+00,-1.641891670227050781e+01
-1.862940788269042969e+01,-9.657787322998046875e+00,-1.414584922790527344e+01,-4.884328365325927734e+00,-1.691432189941406250e+01
-1.870635414123535156e+01,-9.519884109497070312e+00,-1.473154067993164062e+01,-4.861991882324218750e+00,-1.696473121643066406e+01
-1.866777420043945312e+01,-9.618513107299804688e+00,-1.421201038360595703e+01,-4.869984626770019531e+00,-1.694289016723632812e+01
-1.865931129455566406e+01,-9.755890846252441406e+00,-1.410021114349365234e+01,-4.888630390167236328e+00,-1.659133529663085938e+01
-1.874360656738281250e+01,-9.957006454467773438e+00,-1.409588527679443359e+01,-4.858475685119628906e+00,-1.660854721069335938e+01
-1.846668434143066406e+01,-1.001053619384765625e+01,-1.392427635192871094e+01,-4.876617908477783203e+00,-1.632104301452636719e+01
-1.850168609619140625e+01,-1.044744110107421875e+01,-1.329442501068115234e+01,-4.882453441619873047e+00,-1.633649635314941406e+01
-1.831209564208984375e+01,-1.067644119262695312e+01,-1.333348369598388672e+01,-4.884758472442626953e+00,-1.634986495971679688e+01
-1.838961029052734375e+01,-1.046511650085449219e+01,-1.343817710876464844e+01,-4.838726043701171875e+00,-1.633336639404296875e+01
-1.851646995544433594e+01,-1.039085578918457031e+01,-1.325689601898193359e+01,-4.865309715270996094e+00,-1.635215759277343750e+01
-1.843419456481933594e+01,-1.035348606109619141e+01,-1.348556900024414062e+01,-4.853785991668701172e+00,-1.625828552246093750e+01
-1.862868881225585938e+01,-1.038335514068603516e+01,-1.309228801727294922e+01,-4.846269607543945312e+00,-1.621413421630859375e+01
-1.828722000122070312e+01,-1.046192741394042969e+01,-1.306790256500244141e+01,-4.887844085693359375e+00,-1.607460021972656250e+01
-1.832278633117675781e+01,-1.080181884765625000e+01,-1.310670185089111328e+01,-4.855782985687255859e+00,-1.596636390686035156e+01
-1.817488288879394531e+01,-1.106369400024414062e+01,-1.328400421142578125e+01,-4.856825828552246094e+00,-1.616001319885253906e+01
-1.844865798950195312e+01,-1.077631378173828125e+01,-1.355617237091064453e+01,-4.882175445556640625e+00,-1.603585052490234375e+01
-1.816268730163574219e+01,-1.050697708129882812e+01,-1.389882278442382812e+01,-4.889139652252197266e+00,-1.568511390686035156e+01
-1.827539062500000000e+01,-1.084608268737792969e+01,-1.368925189971923828e+01,-4.905711174011230469e+00,-1.534806251525878906e+01
-1.842882537841796875e+01,-1.075220680236816406e+01,-1.323826217651367188e+01,-4.902544498443603516e+00,-1.541300582885742188e+01
-1.790100097656250000e+01,-1.169679927825927734e+01,-1.275546360015869141e+01,-4.924160480499267578e+00,-1.504507255554199219e+01
-1.802294731140136719e+01,-1.158226013183593750e+01,-1.255354976654052734e+01,-4.872738838195800781e+00,-1.530558967590332031e+01
-1.815733337402343750e+01,-1.140330505371093750e+01,-1.268262577056884766e+01,-4.851334571838378906e+00,-1.555709457397460938e+01
-1.809544944763183594e+01,-1.126385498046875000e+01,-1.285613059997558594e+01,-4.854044437408447266e+00,-1.549656867980957031e+01
-1.777225112915039062e+01,-1.159114456176757812e+01,-1.266651248931884766e+01,-4.889492511749267578e+00,-1.526349639892578125e+01
-1.729974746704101562e+01,-1.217362403869628906e+01,-1.288150787353515625e+01,-4.958597183227539062e+00,-1.498629570007324219e+01
-1.697784042358398438e+01,-1.198329353332519531e+01,-1.362095642089843750e+01,-4.991430282592773438e+00,-1.504050636291503906e+01
-1.669500350952148438e+01,-1.259053707122802734e+01,-1.219963073730468750e+01,-5.038160800933837891e+00,-1.494889831542968750e+01
-1.622293090820312500e+01,-1.321358108520507812e+01,-1.179817295074462891e+01,-5.137895584106445312e+00,-1.453073883056640625e+01
-1.630152893066406250e+01,-1.319165229797363281e+01,-1.195856189727783203e+01,-5.178798675537109375e+00,-1.454895782470703125e+01
-1.755574607849121094e+01,-1.299148464202880859e+01,-1.299395847320556641e+01,-5.200105667114257812e+00,-1.521190071105957031e+01
-1.794766426086425781e+01,-1.128665733337402344e+01,-1.463525104522705078e+01,-5.086688518524169922e+00,-1.496472167968750000e+01
-1.805817794799804688e+01,-1.097992515563964844e+01,-1.413145637512207031e+01,-5.104623794555664062e+00,-1.433296966552734375e+01
-1.896081542968750000e+01,-1.106128120422363281e+01,-1.394513416290283203e+01,-5.083236694335937500e+00,-1.496073341369628906e+01
-1.906571197509765625e+01,-1.136809253692626953e+01,-1.266039657592773438e+01,-5.009297847747802734e+00,-1.485522270202636719e+01
-1.859613800048828125e+01,-1.130215454101562500e+01,-1.090789794921875000e+01,-4.972343444824218750e+00,-1.407174682617187500e+01
-1.824386405944824219e+01,-1.143417358398437500e+01,-1.208699226379394531e+01,-4.980473518371582031e+00,-1.472888946533203125e+01
-1.777285003662109375e+01,-1.038348579406738281e+01,-1.109517955780029297e+01,-4.948226928710937500e+00,-1.411505317687988281e+01
-1.749112892150878906e+01,-1.024048423767089844e+01,-9.978734970092773438e+00,-5.042756080627441406e+00,-1.388896179199218750e+01
-1.732227516174316406e+01,-1.001894760131835938e+01,-1.071954631805419922e+01,-5.076292037963867188e+00,-1.401847839355468750e+01
-1.745533180236816406e+01,-1.015203857421875000e+01,-1.021857166290283203e+01,-5.042461872100830078e+00,-1.414611053466796875e+01
-1.738141632080078125e+01,-9.576555252075195312e+00,-8.387977600097656250e+00,-5.040494441986083984e+00,-1.354537391662597656e+01
-1.754336166381835938e+01,-9.487568855285644531e+00,-7.809361457824707031e+00,-5.097749710083007812e+00,-1.352460098266601562e+01
-1.787228775024414062e+01,-9.084207534790039062e+00,-7.316514968872070312e+00,-5.085675239562988281e+00,-1.315953063964843750e+01
-1.786927032470703125e+01,-9.199338912963867188e+00,-7.812784194946289062e+00,-4.983607292175292969e+00,-1.360092353820800781e+01
-1.771672058105468750e+01,-8.614244461059570312e+00,-6.639379501342773438e+00,-4.932568073272705078e+00,-1.318455123901367188e+01
-1.773653221130371094e+01,-9.366405487060546875e+00,-6.509025573730468750e+00,-4.826997280120849609e+00,-1.320803260803222656e+01
-1.704542160034179688e+01,-1.070248794555664062e+01,-6.869758605957031250e+00,-4.903927803039550781e+00,-1.289369583129882812e+01
-1.782172012329101562e+01,-1.006849384307861328e+01,-6.502787590026855469e+00,-4.868696212768554688e+00,-1.328551483154296875e+01
-1.764413642883300781e+01,-9.919755935668945312e+00,-6.665346145629882812e+00,-4.954479217529296875e+00,-1.269276618957519531e+01
-1.691431045532226562e+01,-1.074666976928710938e+01,-5.341762065887451172e+00,-5.236974716186523438e+00,-1.166084861755371094e+01
-1.703013992309570312e+01,-1.121843338012695312e+01,-5.216701507568359375e+00,-5.143614292144775391e+00,-1.227056884765625000e+01
-1.740815353393554688e+01,-1.063166427612304688e+01,-6.033066749572753906e+00,-5.174800872802734375e+00,-1.343511390686035156e+01
-1.781311988830566406e+01,-1.112834072113037109e+01,-8.478310585021972656e+00,-5.190286159515380859e+00,-1.466428184509277344e+01
-1.662681961059570312e+01,-1.088627433776855469e+01,-1.126338195800781250e+01,-5.019825458526611328e+00,-1.411129760742187500e+01
-1.789830017089843750e+01,-1.117637634277343750e+01,-1.110140705108642578e+01,-4.844641208648681641e+00,-1.470242881774902344e+01
-1.760981559753417969e+01,-1.162766265869140625e+01,-1.324974918365478516e+01,-4.903091430664062500e+00,-1.520563507080078125e+01
-1.709213829040527344e+01,-1.201581668853759766e+01,-1.384584903717041016e+01,-4.968855381011962891e+00,-1.538071250915527344e+01
-1.745433044433593750e+01,-1.141822433471679688e+01,-1.439275169372558594e+01,-4.899165153503417969e+00,-1.586309242248535156e+01
-1.815101814270019531e+01,-1.040949726104736328e+01,-1.425367832183837891e+01,-4.818554401397705078e+00,-1.611464500427246094e+01
-1.769822311401367188e+01,-1.103390884399414062e+01,-1.441930484771728516e+01,-4.872469425201416016e+00,-1.571381950378417969e+01
-1.799632263183593750e+01,-1.088288497924804688e+01,-1.391134166717529297e+01,-4.923170566558837891e+00,-1.562203216552734375e+01
-1.798855972290039062e+01,-1.049690341949462891e+01,-1.375781250000000000e+01,-4.914074897766113281e+00,-1.559604263305664062e+01
-1.782630157470703125e+01,-1.053184700012207031e+01,-1.352697086334228516e+01,-4.981644153594970703e+00,-1.540409851074218750e+01
-1.775062942504882812e+01,-1.003601932525634766e+01,-1.363570499420166016e+01,-4.956360340118408203e+00,-1.522363471984863281e+01
-1.734788131713867188e+01,-9.783620834350585938e+00,-1.395258045196533203e+01,-5.004974365234375000e+00,-1.450785255432128906e+01
-1.705759811401367188e+01,-9.603729248046875000e+00,-1.408627128601074219e+01,-4.987263679504394531e+00,-1.410808753967285156e+01
-1.680981636047363281e+01,-1.047396659851074219e+01,-1.403241252899169922e+01,-5.027944087982177734e+00,-1.419617652893066406e+01
-1.720091247558593750e+01,-1.060664558410644531e+01,-1.384112644195556641e+01,-5.005385398864746094e+00,-1.448708724975585938e+01
-1.678922653198242188e+01,-1.061268043518066406e+01,-1.318205165863037109e+01,-5.062745571136474609e+00,-1.422165298461914062e+01
-1.682686233520507812e+01,-1.057791137695312500e+01,-1.273695850372314453e+01,-4.991381168365478516e+00,-1.495989608764648438e+01
-1.652250862121582031e+01,-1.121591567993164062e+01,-1.382811260223388672e+01,-5.030635833740234375e+00,-1.471047210693359375e+01
-1.637385749816894531e+01,-1.146503543853759766e+01,-1.403860187530517578e+01,-5.044008255004882812e+00,-1.432553100585937500e+01
-1.603863143920898438e+01,-1.159013748168945312e+01,-1.378759098052978516e+01,-5.089380264282226562e+00,-1.360762023925781250e+01
-1.589434623718261719e+01,-1.193446350097656250e+01,-1.373859786987304688e+01,-5.076062679290771484e+00,-1.377628898620605469e+01
-1.602948570251464844e+01,-1.180932617187500000e+01,-1.404767894744873047e+01,-5.070545196533203125e+00,-1.380000495910644531e+01
-1.642950820922851562e+01,-1.185859870910644531e+01,-1.437625217437744141e+01,-5.023355960845947266e+00,-1.392302703857421875e+01
-1.645759582519531250e+01,-1.215309906005859375e+01,-1.383377170562744141e+01,-4.945301055908203125e+00,-1.409389495849609375e+01
-1.579578208923339844e+01,-1.291241359710693359e+01,-1.289646816253662109e+01,-4.950730800628662109e+00,-1.390924453735351562e+01
-1.602375411987304688e+01,-1.306594848632812500e+01,-1.092764759063720703e+01,-4.945081233978271484e+00,-1.381513214111328125e+01
-1.627042198181152344e+01,-1.290417385101318359e+01,-1.006500148773193359e+01,-4.991353988647460938e+00,-1.336624526977539062e+01
-1.608282279968261719e+01,-1.316121673583984375e+01,-9.822391510009765625e+00,-5.025548934936523438e+00,-1.281280326843261719e+01
-1.649115753173828125e+01,-1.302072429656982422e+01,-1.098389148712158203e+01,-5.054337978363037109e+00,-1.328643035888671875e+01
-1.596953105926513672e+01,-1.302806091308593750e+01,-1.018883609771728516e+01,-5.080134391784667969e+00,-1.296100807189941406e+01
-1.537353610992431641e+01,-1.287169456481933594e+01,-1.066653347015380859e+01,-5.057436466217041016e+00,-1.251344490051269531e+01
-1.649074554443359375e+01,-1.287183570861816406e+01,-1.326340389251708984e+01,-5.053153991699218750e+00,-1.468233108520507812e+01
-1.766682624816894531e+01,-1.219278144836425781e+01,-1.355012607574462891e+01,-5.085761547088623047e+00,-1.527334213256835938e+01
-1.689229583740234375e+01,-1.197918891906738281e+01,-1.337504100799560547e+01,-5.012545585632324219e+00,-1.441037559509277344e+01
-1.654327011108398438e+01,-1.219109153747558594e+01,-1.261535644531250000e+01,-5.006342887878417969e+00,-1.329176712036132812e+01
-1.608051872253417969e+01,-1.229438400268554688e+01,-1.181523418426513672e+01,-4.966543197631835938e+00,-1.233451843261718750e+01
-1.553433895111083984e+01,-1.188930702209472656e+01,-9.957978248596191406e+00,-4.856486797332763672e+00,-1.005416488647460938e+01
-1.544781017303466797e+01,-1.164579010009765625e+01,-9.232275962829589844e+00,-4.828714847564697266e+00,-1.036472320556640625e+01
-1.552518653869628906e+01,-1.131801605224609375e+01,-8.963938713073730469e+00,-4.943314075469970703e+00,-1.015023231506347656e+01
-1.595573997497558594e+01,-1.157397747039794922e+01,-8.092892646789550781e+00,-4.931295394897460938e+00,-1.128657531738281250e+01
-1.596827030181884766e+01,-1.198834514617919922e+01,-8.195937156677246094e+00,-4.842804908752441406e+00,-1.061178398132324219e+01
-1.623559951782226562e+01,-1.146002197265625000e+01,-7.929289817810058594e+00,-4.658162593841552734e+00,-1.022100067138671875e+01
-1.647189712524414062e+01,-1.110840702056884766e+01,-7.730706214904785156e+00,-4.667797565460205078e+00,-1.052362823486328125e+01
-1.678168869018554688e+01,-1.058815383911132812e+01,-7.795536041259765625e+00,-4.725201129913330078e+00,-1.102333068847656250e+01
-1.727972030639648438e+01,-1.069699287414550781e+01,-8.393028259277343750e+00,-4.744699478149414062e+00,-1.166799926757812500e+01
-1.709644126892089844e+01,-1.030676555633544922e+01,-8.217373847961425781e+00,-4.773626804351806641e+00,-1.116983604431152344e+01
-1.700312614440917969e+01,-1.028909492492675781e+01,-7.935221672058105469e+00,-4.845373153686523438e+00,-1.094163703918457031e+01
-1.688914871215820312e+01,-1.053675842285156250e+01,-8.680722236633300781e+00,-4.804925918579101562e+00,-1.161394500732421875e+01
-1.544342327117919922e+01,-8.245990753173828125e+00,-7.240308761596679688e+00,-4.891845703125000000e+00,-7.649861812591552734e+00
-1.438447284698486328e+01,-8.996068000793457031e+00,-7.083470344543457031e+00,-5.093267917633056641e+00,-7.034922122955322266e+00
-1.223903465270996094e+01,-1.085848617553710938e+01,-7.354069709777832031e+00,-4.996154308319091797e+00,-3.977036952972412109e+00
-1.153201103210449219e+01,-1.045688629150390625e+01,-8.723758697509765625e+00,-4.810271263122558594e+00,-2.711561679840087891e+00
-1.197909355163574219e+01,-5.420243740081787109e+00,-6.894434928894042969e+00,-6.701483726501464844e+00,-6.069843292236328125e+00
-1.066037178039550781e+01,-1.161900329589843750e+01,-9.599230766296386719e+00,-4.875964164733886719e+00,-2.320733547210693359e+00
-1.056561088562011719e+01,-1.115458488464355469e+01,-9.802852630615234375e+00,-4.876359939575195312e+00,-1.977360248565673828e+00
-9.846594810485839844e+00,-1.108862113952636719e+01,-1.043410873413085938e+01,-5.004456996917724609e+00,-1.433045864105224609e+00
-5.484469413757324219e+00,-1.014213562011718750e+01,-1.032567214965820312e+01,-5.246071815490722656e+00,-1.033253192901611328e+00
-4.368762020021677017e-03,-1.160006523132324219e+01,-9.795159339904785156e+00,-6.610337257385253906e+00,-2.918288707733154297e+00
