-1.923385810852050781e+01,-5.074345588684082031e+00,-1.452258110046386719e+01,-1.606506156921386719e+01,-1.706754112243652344e+01
-2.116061019897460938e+01,-5.087944030761718750e+00,-1.420599174499511719e+01,-1.621017646789550781e+01,-1.869571304321289062e+01
-2.119671630859375000e+01,-5.089228630065917969e+00,-1.438340854644775391e+01,-1.631566238403320312e+01,-1.883480644226074219e+01
-2.115318107604980469e+01,-5.101810455322265625e+00,-1.239001750946044922e+01,-1.623722457885742188e+01,-1.815532302856445312e+01
-2.117613410949707031e+01,-5.109551429748535156e+00,-1.318015193939208984e+01,-1.620740509033203125e+01,-1.852713203430175781e+01
-2.123670005798339844e+01,-5.083027839660644531e+00,-1.384651565551757812e+01,-1.612483596801757812e+01,-1.894649887084960938e+01
-2.097786331176757812e+01,-5.036609649658203125e+00,-1.426597213745117188e+01,-1.583335685729980469e+01,-1.915466117858886719e+01
-2.158259391784667969e+01,-5.033466339111328125e+00,-1.409706687927246094e+01,-1.590888786315917969e+01,-1.933390045166015625e+01
-9.729801177978515625e+00,-5.996424674987792969e+00,-6.754305839538574219e+00,-8.174062728881835938e+00,-3.230621099472045898e+00
-2.095261955261230469e+01,-5.010164737701416016e+00,-1.334682846069335938e+01,-1.578722667694091797e+01,-1.919071578979492188e+01
-2.116718101501464844e+01,-5.045029640197753906e+00,-1.353795814514160156e+01,-1.575116443634033203e+01,-1.918853759765625000e+01
-2.058140373229980469e+01,-5.009409904479980469e+00,-1.426420211791992188e+01,-1.538699626922607422e+01,-1.879545974731445312e+01
-9.820838928222656250e+00,-6.000938415527343750e+00,-6.569053649902343750e+00,-8.224243164062500000e+00,-3.324514150619506836e+00
-2.008449745178222656e+01,-5.070068359375000000e+00,-1.295410728454589844e+01,-1.627805137634277344e+01,-1.761699676513671875e+01
-1.965055656433105469e+01,-5.083073139190673828e+00,-1.194418621063232422e+01,-1.632529830932617188e+01,-1.669423484802246094e+01
-1.975412178039550781e+01,-5.040683746337890625e+00,-1.257758998870849609e+01,-1.607432174682617188e+01,-1.686007118225097656e+01
-1.983471488952636719e+01,-5.067620277404785156e+00,-1.250016593933105469e+01,-1.632391738891601562e+01,-1.683880615234375000e+01
-1.992616653442382812e+01,-5.079524993896484375e+00,-1.255547904968261719e+01,-1.641641998291015625e+01,-1.699699974060058594e+01
-2.060395431518554688e+01,-5.002217292785644531e+00,-1.363146018981933594e+01,-1.625703239440917969e+01,-1.761036491394042969e+01
-2.049553871154785156e+01,-4.974178791046142578e+00,-1.397696113586425781e+01,-1.536584091186523438e+01,-1.776411247253417969e+01
-2.019180107116699219e+01,-4.979639053344726562e+00,-1.357951736450195312e+01,-1.553073406219482422e+01,-1.796760559082031250e+01
-1.996606254577636719e+01,-4.969195365905761719e+00,-1.420908927917480469e+01,-1.482016181945800781e+01,-1.789923667907714844e+01
-2.018372535705566406e+01,-4.989776611328125000e+00,-1.386343383789062500e+01,-1.500625228881835938e+01,-1.812080192565917969e+01
-2.043750000000000000e+01,-4.971397876739501953e+00,-1.484530925750732422e+01,-1.567681884765625000e+01,-1.782021141052246094e+01
-2.038120460510253906e+01,-4.988623619079589844e+00,-1.445026206970214844e+01,-1.563300609588623047e+01,-1.762403488159179688e+01
-1.967510032653808594e+01,-4.975809097290039062e+00,-1.402632331848144531e+01,-1.505228042602539062e+01,-1.738931083679199219e+01
-2.020370674133300781e+01,-4.967038154602050781e+00,-1.467352390289306641e+01,-1.528127479553222656e+01,-1.785027313232421875e+01
-2.046040916442871094e+01,-5.004528999328613281e+00,-1.417358398437500000e+01,-1.579188060760498047e+01,-1.777601814270019531e+01
-2.088318824768066406e+01,-5.018576622009277344e+00,-1.427274322509765625e+01,-1.614849853515625000e+01,-1.819195556640625000e+01
-2.080655097961425781e+01,-5.026229858398437500e+00,-1.428975296020507812e+01,-1.636121749877929688e+01,-1.842017173767089844e+01
-2.091143989562988281e+01,-5.037820816040039062e+00,-1.406367492675781250e+01,-1.656362724304199219e+01,-1.824773406982421875e+01
-2.072622680664062500e+01,-5.049779415130615234e+00,-1.398504638671875000e+01,-1.661089324951171875e+01,-1.817878341674804688e+01
-2.087496757507324219e+01,-5.054286956787109375e+00,-1.401035118103027344e+01,-1.673008728027343750e+01,-1.793900871276855469e+01
-2.050647735595703125e+01,-5.061151504516601562e+00,-1.379403114318847656e+01,-1.671909904479980469e+01,-1.752459335327148438e+01
-2.062349891662597656e+01,-5.048647880554199219e+00,-1.398576068878173828e+01,-1.663786697387695312e+01,-1.793400764465332031e+01
-2.065170478820800781e+01,-5.065061569213867188e+00,-1.375874328613281250e+01,-1.670535278320312500e+01,-1.812351417541503906e+01
-2.054829978942871094e+01,-5.018012523651123047e+00,-1.426672363281250000e+01,-1.666286277770996094e+01,-1.821083450317382812e+01
-2.083281707763671875e+01,-4.973145484924316406e+00,-1.458122444152832031e+01,-1.674694633483886719e+01,-1.781072807312011719e+01
-2.107429504394531250e+01,-4.933324337005615234e+00,-1.472328186035156250e+01,-1.683298110961914062e+01,-1.771384048461914062e+01
-2.065847587585449219e+01,-4.944518089294433594e+00,-1.431532573699951172e+01,-1.667170715332031250e+01,-1.735816574096679688e+01
-2.078571510314941406e+01,-4.964577674865722656e+00,-1.421393013000488281e+01,-1.673543357849121094e+01,-1.730964851379394531e+01
-2.037815666198730469e+01,-4.954186439514160156e+00,-1.412245559692382812e+01,-1.657579421997070312e+01,-1.717677497863769531e+01
-2.004884529113769531e+01,-4.980234146118164062e+00,-1.360457134246826172e+01,-1.662959289550781250e+01,-1.655014419555664062e+01
-2.016429710388183594e+01,-4.933544158935546875e+00,-1.405615520477294922e+01,-1.648905563354492188e+01,-1.696184921264648438e+01
-1.983257484436035156e+01,-4.901311874389648438e+00,-1.453872776031494141e+01,-1.648321342468261719e+01,-1.651929473876953125e+01
-1.988976860046386719e+01,-4.935798645019531250e+00,-1.433465576171875000e+01,-1.636796569824218750e+01,-1.649174880981445312e+01
-1.975271797180175781e+01,-4.942154407501220703e+00,-1.435758590698242188e+01,-1.617706871032714844e+01,-1.752212333679199219e+01
-1.944305992126464844e+01,-4.988598823547363281e+00,-1.362290573120117188e+01,-1.612082672119140625e+01,-1.669178199768066406e+01
-1.941915130615234375e+01,-5.004486083984375000e+00,-1.492742252349853516e+01,-1.587315654754638672e+01,-1.644187355041503906e+01
-1.963302993774414062e+01,-5.037396907806396484e+00,-1.443648719787597656e+01,-1.632774353027343750e+01,-1.567655849456787109e+01
-1.966400909423828125e+01,-5.002361297607421875e+00,-1.457066154479980469e+01,-1.600102043151855469e+01,-1.613196372985839844e+01
-1.931939888000488281e+01,-5.006375312805175781e+00,-1.434045028686523438e+01,-1.541461086273193359e+01,-1.592641353607177734e+01
-1.958685684204101562e+01,-5.010092735290527344e+00,-1.528009986877441406e+01,-1.560965251922607422e+01,-1.631153297424316406e+01
-1.898114204406738281e+01,-5.064095497131347656e+00,-1.352780818939208984e+01,-1.548959255218505859e+01,-1.557190036773681641e+01
-1.696380996704101562e+01,-5.119048595428466797e+00,-1.501980304718017578e+01,-1.613180923461914062e+01,-1.288464069366455078e+01
-1.891489982604980469e+01,-5.125183105468750000e+00,-1.694693756103515625e+01,-1.570516777038574219e+01,-1.404164886474609375e+01
-2.018220138549804688e+01,-5.038709163665771484e+00,-1.750227355957031250e+01,-1.644182014465332031e+01,-1.611586761474609375e+01
-2.026585197448730469e+01,-5.040250778198242188e+00,-1.617639732360839844e+01,-1.639025497436523438e+01,-1.610938262939453125e+01
-2.046191787719726562e+01,-5.059585571289062500e+00,-1.507108783721923828e+01,-1.618399047851562500e+01,-1.711238861083984375e+01
-2.025673866271972656e+01,-5.040141105651855469e+00,-1.570599174499511719e+01,-1.666975021362304688e+01,-1.634308624267578125e+01
-2.111264801025390625e+01,-4.945314407348632812e+00,-1.582001590728759766e+01,-1.659673309326171875e+01,-1.788737297058105469e+01
-2.069829177856445312e+01,-4.993739604949951172e+00,-1.447785377502441406e+01,-1.646903800964355469e+01,-1.797968482971191406e+01
-2.060041046142578125e+01,-5.144938468933105469e+00,-1.320728111267089844e+01,-1.690149688720703125e+01,-1.752483558654785156e+01
-2.108936119079589844e+01,-5.160241127014160156e+00,-1.346312618255615234e+01,-1.601654052734375000e+01,-1.672797203063964844e+01
-2.158210182189941406e+01,-5.135996341705322266e+00,-1.312870407104492188e+01,-1.636237335205078125e+01,-1.667509651184082031e+01
-2.168751716613769531e+01,-5.141832351684570312e+00,-1.289957427978515625e+01,-1.645611572265625000e+01,-1.696596527099609375e+01
-2.184716606140136719e+01,-5.136815071105957031e+00,-1.304403972625732422e+01,-1.646223831176757812e+01,-1.705683517456054688e+01
-2.133086204528808594e+01,-5.111888885498046875e+00,-1.279761219024658203e+01,-1.626435852050781250e+01,-1.603896522521972656e+01
-2.095245742797851562e+01,-5.093129158020019531e+00,-1.243544769287109375e+01,-1.616329002380371094e+01,-1.552533054351806641e+01
-2.072467231750488281e+01,-5.078961372375488281e+00,-1.292805671691894531e+01,-1.615497970581054688e+01,-1.521347618103027344e+01
-2.115904426574707031e+01,-5.093347072601318359e+00,-1.273166942596435547e+01,-1.612143325805664062e+01,-1.580313110351562500e+01
-2.077116394042968750e+01,-5.110024452209472656e+00,-1.239179134368896484e+01,-1.603551673889160156e+01,-1.579223632812500000e+01
-2.039454460144042969e+01,-5.093496322631835938e+00,-1.291805839538574219e+01,-1.600111198425292969e+01,-1.520635509490966797e+01
-2.056353187561035156e+01,-5.085265159606933594e+00,-1.242484664916992188e+01,-1.583391189575195312e+01,-1.516816139221191406e+01
-2.088895606994628906e+01,-5.078370094299316406e+00,-1.211966991424560547e+01,-1.563383960723876953e+01,-1.570860576629638672e+01
-2.121421241760253906e+01,-5.075547218322753906e+00,-1.234920501708984375e+01,-1.551323127746582031e+01,-1.629414558410644531e+01
-2.221867752075195312e+01,-5.094671249389648438e+00,-1.353722381591796875e+01,-1.583270931243896484e+01,-1.759788131713867188e+01
-2.319463157653808594e+01,-5.052082061767578125e+00,-1.409189319610595703e+01,-1.583360671997070312e+01,-1.907600402832031250e+01
-2.306491851806640625e+01,-5.040616989135742188e+00,-1.359974956512451172e+01,-1.563431072235107422e+01,-1.948522186279296875e+01
-2.292957305908203125e+01,-5.048684120178222656e+00,-1.366696166992187500e+01,-1.582446575164794922e+01,-1.937478256225585938e+01
-2.263659095764160156e+01,-5.096488952636718750e+00,-1.348591995239257812e+01,-1.601142501831054688e+01,-1.893074035644531250e+01
-2.189637184143066406e+01,-5.088700771331787109e+00,-1.308202171325683594e+01,-1.598366355895996094e+01,-1.827445983886718750e+01
-2.099790954589843750e+01,-5.113303184509277344e+00,-1.253164863586425781e+01,-1.550322914123535156e+01,-1.705244827270507812e+01
-1.878282356262207031e+01,-5.004590988159179688e+00,-9.717641830444335938e+00,-1.555617713928222656e+01,-1.435689735412597656e+01
-1.649565315246582031e+01,-5.197832107543945312e+00,-6.541993141174316406e+00,-1.463166522979736328e+01,-1.008592414855957031e+01
-1.936826896667480469e+01,-5.026961326599121094e+00,-9.987192153930664062e+00,-1.626424789428710938e+01,-1.583444976806640625e+01
-1.889512252807617188e+01,-5.271056175231933594e+00,-6.990466117858886719e+00,-1.547647094726562500e+01,-1.564951515197753906e+01
-1.913129997253417969e+01,-5.285640716552734375e+00,-6.961417198181152344e+00,-1.564539527893066406e+01,-1.525967788696289062e+01
-1.970744895935058594e+01,-5.245078563690185547e+00,-7.569460868835449219e+00,-1.602394866943359375e+01,-1.522511100769042969e+01
-1.947568321228027344e+01,-5.243022918701171875e+00,-7.438505649566650391e+00,-1.619624519348144531e+01,-1.521735286712646484e+01
-1.853193283081054688e+01,-5.179110527038574219e+00,-8.129165649414062500e+00,-1.686484909057617188e+01,-1.535869789123535156e+01
-1.781610298156738281e+01,-5.165480613708496094e+00,-9.856085777282714844e+00,-1.638134956359863281e+01,-1.348975276947021484e+01
-1.419124317169189453e+01,-5.369255065917968750e+00,-7.110719203948974609e+00,-1.460602664947509766e+01,-6.055974006652832031e+00
-1.420239448547363281e+01,-5.965876579284667969e+00,-6.001691818237304688e+00,-1.365878582000732422e+01,-6.816110610961914062e+00
-1.721412467956542969e+01,-5.180554389953613281e+00,-7.930128097534179688e+00,-1.546650600433349609e+01,-1.145296287536621094e+01
-1.812530708312988281e+01,-5.340308189392089844e+00,-7.636880874633789062e+00,-1.611477661132812500e+01,-1.355167484283447266e+01
-1.933114433288574219e+01,-5.269941806793212891e+00,-8.271366119384765625e+00,-1.720117759704589844e+01,-1.681296348571777344e+01
-1.951049232482910156e+01,-5.277228832244873047e+00,-9.573802947998046875e+00,-1.729020118713378906e+01,-1.689505004882812500e+01
-2.081114196777343750e+01,-5.255849838256835938e+00,-9.938386917114257812e+00,-1.749585342407226562e+01,-1.770685195922851562e+01
-2.071690559387207031e+01,-5.223424434661865234e+00,-8.708295822143554688e+00,-1.705345153808593750e+01,-1.683221626281738281e+01
-2.105427169799804688e+01,-5.155542373657226562e+00,-9.054565429687500000e+00,-1.691725158691406250e+01,-1.692893218994140625e+01
-2.151281166076660156e+01,-5.123132228851318359e+00,-9.860183715820312500e+00,-1.677052497863769531e+01,-1.732700157165527344e+01
-2.181454086303710938e+01,-5.125638961791992188e+00,-1.062048530578613281e+01,-1.655523300170898438e+01,-1.775513839721679688e+01
-2.192231178283691406e+01,-5.123709201812744141e+00,-1.080126571655273438e+01,-1.628079795837402344e+01,-1.787028694152832031e+01
-2.261682891845703125e+01,-5.103264808654785156e+00,-1.198862934112548828e+01,-1.619318389892578125e+01,-1.882961273193359375e+01
-2.253114891052246094e+01,-5.075328350067138672e+00,-1.240859413146972656e+01,-1.630805587768554688e+01,-1.905634689331054688e+01
-2.267674255371093750e+01,-5.052315711975097656e+00,-1.287889003753662109e+01,-1.599263191223144531e+01,-1.916745758056640625e+01
-2.212301826477050781e+01,-5.035556793212890625e+00,-1.253527259826660156e+01,-1.588513755798339844e+01,-1.887378311157226562e+01
-2.121711921691894531e+01,-5.157207489013671875e+00,-1.253199768066406250e+01,-1.657155418395996094e+01,-1.793939018249511719e+01
-1.900244140625000000e+01,-5.157125473022460938e+00,-7.883311271667480469e+00,-1.627210235595703125e+01,-1.455226421356201172e+01
-1.658907127380371094e+01,-5.702988624572753906e+00,-5.982009410858154297e+00,-1.566458225250244141e+01,-1.121515178680419922e+01
-1.754482460021972656e+01,-5.883440971374511719e+00,-5.888176918029785156e+00,-1.611842727661132812e+01,-1.371184158325195312e+01
-1.927300643920898438e+01,-6.513704776763916016e+00,-5.272312164306640625e+00,-1.599666023254394531e+01,-1.527746582031250000e+01
-1.911339187622070312e+01,-6.404331207275390625e+00,-5.178928852081298828e+00,-1.661888313293457031e+01,-1.506219005584716797e+01
-1.892890548706054688e+01,-6.001774787902832031e+00,-5.341184616088867188e+00,-1.666589164733886719e+01,-1.484250164031982422e+01
-1.937737846374511719e+01,-5.830009460449218750e+00,-5.545861721038818359e+00,-1.670811462402343750e+01,-1.535978698730468750e+01
-1.723215293884277344e+01,-6.716304779052734375e+00,-5.323212623596191406e+00,-1.586997795104980469e+01,-1.363416481018066406e+01
-1.576938533782958984e+01,-6.129388332366943359e+00,-5.754538536071777344e+00,-1.531068992614746094e+01,-1.091777420043945312e+01
-1.126523590087890625e+01,-7.467508316040039062e+00,-5.893481731414794922e+00,-1.205531787872314453e+01,-3.457453489303588867e+00
-1.093030071258544922e+01,-6.796024322509765625e+00,-5.709404945373535156e+00,-9.911293029785156250e+00,-3.429700613021850586e+00
-1.636745452880859375e+01,-6.183908939361572266e+00,-5.728118896484375000e+00,-1.632978057861328125e+01,-1.206241989135742188e+01
-1.824563026428222656e+01,-5.758299827575683594e+00,-5.960611343383789062e+00,-1.760691642761230469e+01,-1.555497455596923828e+01
-1.894301605224609375e+01,-5.382862091064453125e+00,-8.024568557739257812e+00,-1.747586059570312500e+01,-1.617625617980957031e+01
-1.999190711975097656e+01,-5.416573524475097656e+00,-7.926265239715576172e+00,-1.728875350952148438e+01,-1.600325584411621094e+01
-1.966738700866699219e+01,-5.989616870880126953e+00,-5.585515975952148438e+00,-1.687405395507812500e+01,-1.526736831665039062e+01
-2.084760093688964844e+01,-5.556956291198730469e+00,-6.406526565551757812e+00,-1.651919364929199219e+01,-1.667691040039062500e+01
-2.145615196228027344e+01,-5.264179229736328125e+00,-8.551061630249023438e+00,-1.654977989196777344e+01,-1.736975669860839844e+01
-2.123600578308105469e+01,-5.308559417724609375e+00,-7.733708381652832031e+00,-1.644693946838378906e+01,-1.705785560607910156e+01
-2.066450691223144531e+01,-5.479218959808349609e+00,-6.390015125274658203e+00,-1.629163169860839844e+01,-1.624774932861328125e+01
-2.152913475036621094e+01,-5.177475452423095703e+00,-8.054393768310546875e+00,-1.650224685668945312e+01,-1.723164749145507812e+01
-2.188937759399414062e+01,-5.127969741821289062e+00,-1.026409530639648438e+01,-1.654660987854003906e+01,-1.821885299682617188e+01
-2.100349998474121094e+01,-5.159105300903320312e+00,-1.070574760437011719e+01,-1.621935844421386719e+01,-1.788942146301269531e+01
-1.767021179199218750e+01,-5.319746971130371094e+00,-7.004936218261718750e+00,-1.650300598144531250e+01,-1.440223026275634766e+01
-1.742464637756347656e+01,-6.613571166992187500e+00,-5.376703739166259766e+00,-1.623526382446289062e+01,-1.379862022399902344e+01
-1.721598052978515625e+01,-5.987748146057128906e+00,-5.682841300964355469e+00,-1.661612701416015625e+01,-1.394047069549560547e+01
-1.809025382995605469e+01,-6.453584671020507812e+00,-5.248056411743164062e+00,-1.639907264709472656e+01,-1.486539268493652344e+01
-1.903095817565917969e+01,-6.335923194885253906e+00,-5.175446987152099609e+00,-1.617986679077148438e+01,-1.517955017089843750e+01
-9.824751853942871094e+00,-6.003010749816894531e+00,-6.557176589965820312e+00,-8.225783348083496094e+00,-3.328020334243774414e+00
-1.866345596313476562e+01,-6.795819759368896484e+00,-5.001590728759765625e+00,-1.649316978454589844e+01,-1.492981624603271484e+01
-1.878805923461914062e+01,-6.038085937500000000e+00,-5.505043983459472656e+00,-1.671417617797851562e+01,-1.469408798217773438e+01
-1.840378761291503906e+01,-6.556614398956298828e+00,-5.230875492095947266e+00,-1.663899993896484375e+01,-1.408087253570556641e+01
-1.859413719177246094e+01,-6.392208099365234375e+00,-5.468739509582519531e+00,-1.658621215820312500e+01,-1.423384761810302734e+01
-1.822362327575683594e+01,-6.424670696258544922e+00,-5.459298133850097656e+00,-1.650196838378906250e+01,-1.402808380126953125e+01
-1.714790534973144531e+01,-6.084471225738525391e+00,-6.023229122161865234e+00,-1.562101173400878906e+01,-1.331562423706054688e+01
-1.686767387390136719e+01,-6.097003936767578125e+00,-5.698724269866943359e+00,-1.621316909790039062e+01,-1.207556724548339844e+01
-1.610999870300292969e+01,-6.286068439483642578e+00,-5.696758270263671875e+00,-1.579652023315429688e+01,-1.126002502441406250e+01
-1.794387245178222656e+01,-6.003408432006835938e+00,-5.846843242645263672e+00,-1.756180191040039062e+01,-1.482940864562988281e+01
-1.836274337768554688e+01,-5.840781211853027344e+00,-6.423082351684570312e+00,-1.755566024780273438e+01,-1.539354515075683594e+01
-1.886917877197265625e+01,-5.847225666046142578e+00,-6.250545501708984375e+00,-1.780997467041015625e+01,-1.564223098754882812e+01
-1.970175170898437500e+01,-5.806919574737548828e+00,-5.886337280273437500e+00,-1.702635765075683594e+01,-1.504103660583496094e+01
-2.055099487304687500e+01,-5.512421607971191406e+00,-6.275516033172607422e+00,-1.683322334289550781e+01,-1.598640155792236328e+01
-2.026813697814941406e+01,-5.669137954711914062e+00,-6.142149448394775391e+00,-1.679373931884765625e+01,-1.583250999450683594e+01
-1.983194732666015625e+01,-6.224500656127929688e+00,-5.386252880096435547e+00,-1.609888458251953125e+01,-1.549637222290039062e+01
-2.013180732727050781e+01,-5.759638786315917969e+00,-5.952812194824218750e+00,-1.603146171569824219e+01,-1.581876373291015625e+01
-2.018843650817871094e+01,-5.750815391540527344e+00,-5.830566406250000000e+00,-1.566306495666503906e+01,-1.597292900085449219e+01
-2.087972831726074219e+01,-5.300140380859375000e+00,-6.993412017822265625e+00,-1.464378929138183594e+01,-1.711162185668945312e+01
-2.117823219299316406e+01,-5.159475326538085938e+00,-7.862802505493164062e+00,-1.578582954406738281e+01,-1.810830688476562500e+01
-2.006602668762207031e+01,-5.337811470031738281e+00,-7.194303512573242188e+00,-1.611340713500976562e+01,-1.762657165527343750e+01
-2.019695854187011719e+01,-5.298306465148925781e+00,-6.879841327667236328e+00,-1.613428306579589844e+01,-1.731563377380371094e+01
-1.796225929260253906e+01,-6.139613151550292969e+00,-5.190710067749023438e+00,-1.592673110961914062e+01,-1.454560279846191406e+01
-1.710609054565429688e+01,-6.592619895935058594e+00,-5.342022418975830078e+00,-1.536070442199707031e+01,-1.297883510589599609e+01
-1.804596519470214844e+01,-7.712739944458007812e+00,-4.978674888610839844e+00,-1.637368011474609375e+01,-1.514044857025146484e+01
-1.921172142028808594e+01,-8.438037872314453125e+00,-4.872552871704101562e+00,-1.541442489624023438e+01,-1.512965583801269531e+01
-1.922573661804199219e+01,-7.790388584136962891e+00,-4.937160491943359375e+00,-1.562676429748535156e+01,-1.547459888458251953e+01
-1.943659400939941406e+01,-6.113164901733398438e+00,-5.276813507080078125e+00,-1.579606628417968750e+01,-1.524771881103515625e+01
-1.806183433532714844e+01,-6.066508293151855469e+00,-5.607462882995605469e+00,-1.622259521484375000e+01,-1.326651000976562500e+01
-1.686917495727539062e+01,-6.613581657409667969e+00,-5.307108879089355469e+00,-1.594791984558105469e+01,-1.192264747619628906e+01
-1.637423515319824219e+01,-6.436499595642089844e+00,-5.751933574676513672e+00,-1.489607715606689453e+01,-1.045216083526611328e+01
-1.756356239318847656e+01,-6.738595485687255859e+00,-5.753544807434082031e+00,-1.654116630554199219e+01,-1.314972496032714844e+01
-1.813070678710937500e+01,-6.810772895812988281e+00,-5.402925491333007812e+00,-1.696266174316406250e+01,-1.455417633056640625e+01
-1.841050338745117188e+01,-7.283545017242431641e+00,-5.189764022827148438e+00,-1.746820449829101562e+01,-1.588041973114013672e+01
-1.856345939636230469e+01,-6.624921321868896484e+00,-5.216952323913574219e+00,-1.736368179321289062e+01,-1.594530582427978516e+01
-1.955471420288085938e+01,-5.874614715576171875e+00,-5.721988201141357422e+00,-1.669305419921875000e+01,-1.573531055450439453e+01
-2.071092033386230469e+01,-5.204829692840576172e+00,-7.613265514373779297e+00,-1.628039169311523438e+01,-1.702261734008789062e+01
-2.097013854980468750e+01,-5.101001739501953125e+00,-8.906865119934082031e+00,-1.599613380432128906e+01,-1.823734474182128906e+01
-1.859933853149414062e+01,-5.455043315887451172e+00,-6.526278018951416016e+00,-1.601169204711914062e+01,-1.675305747985839844e+01
-1.820303344726562500e+01,-5.678078651428222656e+00,-5.689337253570556641e+00,-1.593798446655273438e+01,-1.459684848785400391e+01
-1.734272956848144531e+01,-6.302217960357666016e+00,-5.514972209930419922e+00,-1.574912166595458984e+01,-1.320971393585205078e+01
-1.851724815368652344e+01,-8.208623886108398438e+00,-4.924490451812744141e+00,-1.652552604675292969e+01,-1.548636436462402344e+01
-1.873768234252929688e+01,-8.662834167480468750e+00,-4.881701946258544922e+00,-1.570748710632324219e+01,-1.523223304748535156e+01
-1.911028861999511719e+01,-6.993790149688720703e+00,-4.870242595672607422e+00,-1.592032718658447266e+01,-1.542436504364013672e+01
-9.802065849304199219e+00,-6.001880645751953125e+00,-6.577316284179687500e+00,-8.241659164428710938e+00,-3.321490049362182617e+00
-1.737725067138671875e+01,-6.614689826965332031e+00,-5.292349815368652344e+00,-1.630354690551757812e+01,-1.285100460052490234e+01
-1.303813457489013672e+01,-6.716238975524902344e+00,-5.370381355285644531e+00,-1.310736751556396484e+01,-4.576070785522460938e+00
-1.486627674102783203e+01,-8.072540283203125000e+00,-5.006819248199462891e+00,-1.412460708618164062e+01,-9.293437957763671875e+00
-1.708933448791503906e+01,-7.037733078002929688e+00,-5.377857685089111328e+00,-1.673402214050292969e+01,-1.305513381958007812e+01
-1.825506210327148438e+01,-6.841492652893066406e+00,-5.283622741699218750e+00,-1.722026824951171875e+01,-1.431048774719238281e+01
-1.902123451232910156e+01,-6.973679542541503906e+00,-5.372980594635009766e+00,-1.736980438232421875e+01,-1.588568687438964844e+01
-1.935783386230468750e+01,-6.882404804229736328e+00,-5.436280727386474609e+00,-1.719381904602050781e+01,-1.607385635375976562e+01
-1.942030143737792969e+01,-6.684152603149414062e+00,-5.404577255249023438e+00,-1.688809394836425781e+01,-1.525276851654052734e+01
-1.994390678405761719e+01,-6.214824676513671875e+00,-5.521439552307128906e+00,-1.646812629699707031e+01,-1.503538990020751953e+01
-1.934762954711914062e+01,-6.183401584625244141e+00,-5.349068641662597656e+00,-1.571491622924804688e+01,-1.482885932922363281e+01
-1.994142341613769531e+01,-6.242505073547363281e+00,-5.266552925109863281e+00,-1.526247882843017578e+01,-1.578731250762939453e+01
-2.040001869201660156e+01,-6.171083450317382812e+00,-5.491222381591796875e+00,-1.524410152435302734e+01,-1.618630599975585938e+01
-2.057938194274902344e+01,-5.558544635772705078e+00,-6.246850967407226562e+00,-1.585000705718994141e+01,-1.638462638854980469e+01
-2.025664520263671875e+01,-5.356698036193847656e+00,-6.285527706146240234e+00,-1.566623401641845703e+01,-1.643581581115722656e+01
-1.780557632446289062e+01,-7.097204208374023438e+00,-5.040304660797119141e+00,-1.628419113159179688e+01,-1.532989978790283203e+01
-1.722908401489257812e+01,-7.626167297363281250e+00,-5.339044570922851562e+00,-1.582760047912597656e+01,-1.359852409362792969e+01
-1.773375892639160156e+01,-8.820607185363769531e+00,-5.318777084350585938e+00,-1.596754074096679688e+01,-1.497290134429931641e+01
-1.781679344177246094e+01,-9.242073059082031250e+00,-5.119665145874023438e+00,-1.606360435485839844e+01,-1.602827835083007812e+01
-1.922390747070312500e+01,-7.770291328430175781e+00,-5.026941776275634766e+00,-1.590509796142578125e+01,-1.622125053405761719e+01
-1.919494819641113281e+01,-7.532230377197265625e+00,-5.067254066467285156e+00,-1.617714500427246094e+01,-1.620647811889648438e+01
-1.888423919677734375e+01,-7.490942955017089844e+00,-5.172924995422363281e+00,-1.577628898620605469e+01,-1.499026679992675781e+01
-1.914049339294433594e+01,-7.361986160278320312e+00,-5.207450866699218750e+00,-1.499891853332519531e+01,-1.521194839477539062e+01
-1.902526092529296875e+01,-7.311498165130615234e+00,-5.217974185943603516e+00,-1.527989673614501953e+01,-1.447982025146484375e+01
-1.854301834106445312e+01,-8.010398864746093750e+00,-5.175110816955566406e+00,-1.472058105468750000e+01,-1.456019592285156250e+01
-1.865665054321289062e+01,-8.186989784240722656e+00,-4.851137638092041016e+00,-1.518146800994873047e+01,-1.576588916778564453e+01
-1.908884048461914062e+01,-7.474349021911621094e+00,-5.067465305328369141e+00,-1.367139816284179688e+01,-1.475162792205810547e+01
-1.781402969360351562e+01,-8.124242782592773438e+00,-5.018007278442382812e+00,-1.535684204101562500e+01,-1.391948986053466797e+01
-1.721272087097167969e+01,-7.362373352050781250e+00,-5.271122932434082031e+00,-1.653234481811523438e+01,-1.310418033599853516e+01
-1.731147575378417969e+01,-8.980710983276367188e+00,-5.085790634155273438e+00,-1.712671470642089844e+01,-1.529504776000976562e+01
-1.778455162048339844e+01,-8.649984359741210938e+00,-5.067646980285644531e+00,-1.778477478027343750e+01,-1.601560401916503906e+01
-1.842253684997558594e+01,-8.736563682556152344e+00,-4.850808143615722656e+00,-1.717032814025878906e+01,-1.511305713653564453e+01
-1.888028717041015625e+01,-7.826004028320312500e+00,-4.880307674407958984e+00,-1.603248786926269531e+01,-1.434882164001464844e+01
-1.898208427429199219e+01,-7.315904617309570312e+00,-5.023571491241455078e+00,-1.583721923828125000e+01,-1.407307815551757812e+01
-1.933171463012695312e+01,-7.413237094879150391e+00,-5.035376548767089844e+00,-1.557823181152343750e+01,-1.447925472259521484e+01
-1.952528762817382812e+01,-7.365235328674316406e+00,-5.046870231628417969e+00,-1.569580268859863281e+01,-1.465905570983886719e+01
-1.971198844909667969e+01,-7.488523483276367188e+00,-5.154932498931884766e+00,-1.547401332855224609e+01,-1.489092254638671875e+01
-1.953729438781738281e+01,-7.462959289550781250e+00,-5.247816562652587891e+00,-1.527450180053710938e+01,-1.494407653808593750e+01
-1.914927482604980469e+01,-7.878274917602539062e+00,-5.134141921997070312e+00,-1.514569664001464844e+01,-1.481697940826416016e+01
-1.900403022766113281e+01,-8.210220336914062500e+00,-5.073577880859375000e+00,-1.413162994384765625e+01,-1.487085342407226562e+01
-1.903989219665527344e+01,-7.848733901977539062e+00,-5.081680297851562500e+00,-1.461014270782470703e+01,-1.554179191589355469e+01
-1.896726608276367188e+01,-7.282553195953369141e+00,-5.073171138763427734e+00,-1.472432518005371094e+01,-1.563000583648681641e+01
-1.784016990661621094e+01,-6.937945365905761719e+00,-5.062514781951904297e+00,-1.619209480285644531e+01,-1.633193588256835938e+01
-1.764595985412597656e+01,-7.625514984130859375e+00,-5.127589225769042969e+00,-1.611398506164550781e+01,-1.500648307800292969e+01
-1.723860549926757812e+01,-8.160804748535156250e+00,-5.245805740356445312e+00,-1.482739448547363281e+01,-1.421711730957031250e+01
-1.822564315795898438e+01,-9.353330612182617188e+00,-5.143199920654296875e+00,-1.438507747650146484e+01,-1.539981651306152344e+01
-1.814687156677246094e+01,-8.690738677978515625e+00,-4.920911788940429688e+00,-1.623993110656738281e+01,-1.564220428466796875e+01
-9.409251213073730469e+00,-6.015273094177246094e+00,-6.621223449707031250e+00,-8.551233291625976562e+00,-3.178267240524291992e+00
-1.840629768371582031e+01,-9.054192543029785156e+00,-4.840690135955810547e+00,-1.513323783874511719e+01,-1.442343139648437500e+01
-1.844610023498535156e+01,-8.354324340820312500e+00,-4.784423828125000000e+00,-1.562131214141845703e+01,-1.477481365203857422e+01
-1.849481582641601562e+01,-7.746665954589843750e+00,-4.972321987152099609e+00,-1.636453628540039062e+01,-1.469916629791259766e+01
-1.695453643798828125e+01,-8.710814476013183594e+00,-4.969119548797607422e+00,-1.503048038482666016e+01,-1.268751239776611328e+01
-1.818371772766113281e+01,-7.691149234771728516e+00,-4.969225406646728516e+00,-1.504639148712158203e+01,-1.422722816467285156e+01
-9.805758476257324219e+00,-6.004404067993164062e+00,-6.585633277893066406e+00,-8.222835540771484375e+00,-3.313441038131713867e+00
-1.506113243103027344e+01,-7.063374519348144531e+00,-5.100776672363281250e+00,-1.431237030029296875e+01,-8.959609985351562500e+00
-1.665852928161621094e+01,-8.113511085510253906e+00,-5.195878505706787109e+00,-1.473530101776123047e+01,-1.142301559448242188e+01
-1.699659919738769531e+01,-8.801342964172363281e+00,-4.888058662414550781e+00,-1.735131072998046875e+01,-1.446168518066406250e+01
-1.800951766967773438e+01,-8.184455871582031250e+00,-4.795581340789794922e+00,-1.714547157287597656e+01,-1.418971824645996094e+01
-1.822548866271972656e+01,-8.122099876403808594e+00,-4.829085350036621094e+00,-1.619494628906250000e+01,-1.348349380493164062e+01
-1.846214103698730469e+01,-7.788629531860351562e+00,-4.868729591369628906e+00,-1.483561038970947266e+01,-1.274403572082519531e+01
-1.856971168518066406e+01,-7.556741714477539062e+00,-4.909907817840576172e+00,-1.484941291809082031e+01,-1.299178791046142578e+01
-1.882496261596679688e+01,-7.896709442138671875e+00,-4.939653873443603516e+00,-1.496402645111083984e+01,-1.365705490112304688e+01
-1.905984687805175781e+01,-8.427534103393554688e+00,-5.037198066711425781e+00,-1.453740882873535156e+01,-1.410190868377685547e+01
-1.850380516052246094e+01,-8.736300468444824219e+00,-5.043101310729980469e+00,-1.372028064727783203e+01,-1.387982082366943359e+01
-1.773449897766113281e+01,-9.316187858581542969e+00,-4.953006744384765625e+00,-1.393754482269287109e+01,-1.413096332550048828e+01
-1.838806533813476562e+01,-8.720543861389160156e+00,-5.026753425598144531e+00,-1.375867271423339844e+01,-1.457424736022949219e+01
-1.848255729675292969e+01,-8.319269180297851562e+00,-4.898170948028564453e+00,-1.409907054901123047e+01,-1.513253021240234375e+01
-1.734711074829101562e+01,-9.004742622375488281e+00,-5.044931411743164062e+00,-1.562758827209472656e+01,-1.552390670776367188e+01
-1.711853981018066406e+01,-9.923084259033203125e+00,-5.265896320343017578e+00,-1.467360782623291016e+01,-1.464059066772460938e+01
-1.658690834045410156e+01,-9.669883728027343750e+00,-5.336338043212890625e+00,-1.452119159698486328e+01,-1.315575981140136719e+01
-1.772234725952148438e+01,-9.322957038879394531e+00,-5.068588256835937500e+00,-1.572875022888183594e+01,-1.592321395874023438e+01
-1.727065086364746094e+01,-8.896972656250000000e+00,-4.952064990997314453e+00,-1.489442062377929688e+01,-1.536852645874023438e+01
-1.755312538146972656e+01,-6.962642669677734375e+00,-5.283951759338378906e+00,-1.353033638000488281e+01,-1.498863029479980469e+01
-1.777697944641113281e+01,-7.739517211914062500e+00,-5.063922882080078125e+00,-1.281603145599365234e+01,-1.375760746002197266e+01
-1.815520286560058594e+01,-6.918075084686279297e+00,-5.139742851257324219e+00,-1.413884735107421875e+01,-1.388990211486816406e+01
-1.762604522705078125e+01,-7.439260005950927734e+00,-5.185624122619628906e+00,-1.433107948303222656e+01,-1.293707847595214844e+01
-9.594990730285644531e+00,-6.014276504516601562e+00,-6.671457767486572266e+00,-8.375681877136230469e+00,-3.203457593917846680e+00
-9.809334754943847656e+00,-6.005789756774902344e+00,-6.580856323242187500e+00,-8.226255416870117188e+00,-3.316127538681030273e+00
-1.552753734588623047e+01,-6.684278488159179688e+00,-6.169692039489746094e+00,-1.430911159515380859e+01,-9.750131607055664062e+00
-1.748688697814941406e+01,-8.123668670654296875e+00,-5.239783763885498047e+00,-1.604051589965820312e+01,-1.311542797088623047e+01
-1.713141441345214844e+01,-8.201366424560546875e+00,-4.879386901855468750e+00,-1.699514389038085938e+01,-1.335923767089843750e+01
-1.754614448547363281e+01,-8.408166885375976562e+00,-4.878947257995605469e+00,-1.554369926452636719e+01,-1.293240928649902344e+01
-1.787396430969238281e+01,-8.704592704772949219e+00,-5.068389892578125000e+00,-1.341800975799560547e+01,-1.304761123657226562e+01
-1.606597709655761719e+01,-9.480381011962890625e+00,-5.375276565551757812e+00,-1.464049339294433594e+01,-1.057428932189941406e+01
-1.555605030059814453e+01,-8.236749649047851562e+00,-5.428464889526367188e+00,-1.511700248718261719e+01,-8.319766044616699219e+00
-1.530600261688232422e+01,-8.811361312866210938e+00,-5.379575252532958984e+00,-1.475586891174316406e+01,-9.807715415954589844e+00
-1.544164943695068359e+01,-9.268836975097656250e+00,-5.299342155456542969e+00,-1.428065872192382812e+01,-9.466349601745605469e+00
-1.532069873809814453e+01,-9.226161003112792969e+00,-5.259724617004394531e+00,-1.436898326873779297e+01,-1.089178466796875000e+01
-1.572432804107666016e+01,-9.389772415161132812e+00,-5.212582588195800781e+00,-1.486472606658935547e+01,-1.153240203857421875e+01
-1.645266532897949219e+01,-1.063397216796875000e+01,-5.118819236755371094e+00,-1.375234794616699219e+01,-1.296515655517578125e+01
-1.810038185119628906e+01,-8.220143318176269531e+00,-4.926933288574218750e+00,-1.382266616821289062e+01,-1.531086158752441406e+01
-1.800372695922851562e+01,-8.325304031372070312e+00,-5.086797237396240234e+00,-1.496618461608886719e+01,-1.488683605194091797e+01
-1.649497413635253906e+01,-9.821990013122558594e+00,-5.153964996337890625e+00,-1.346266555786132812e+01,-1.361345100402832031e+01
-1.731072807312011719e+01,-8.900589942932128906e+00,-5.099540710449218750e+00,-1.447697830200195312e+01,-1.373767089843750000e+01
-1.661039161682128906e+01,-1.035122299194335938e+01,-5.212390899658203125e+00,-1.253042221069335938e+01,-1.305049133300781250e+01
-1.720530891418457031e+01,-1.000010681152343750e+01,-5.100187778472900391e+00,-1.340123939514160156e+01,-1.330959701538085938e+01
-1.669883918762207031e+01,-8.581490516662597656e+00,-5.175115585327148438e+00,-1.410603904724121094e+01,-1.185066223144531250e+01
-1.653524017333984375e+01,-8.239980697631835938e+00,-5.373528957366943359e+00,-1.403965759277343750e+01,-1.240203857421875000e+01
-9.822078704833984375e+00,-6.005353450775146484e+00,-6.564082622528076172e+00,-8.220488548278808594e+00,-3.322902441024780273e+00
-1.726540374755859375e+01,-8.455264091491699219e+00,-5.131607055664062500e+00,-1.383156967163085938e+01,-1.232802009582519531e+01
-1.497416496276855469e+01,-8.121465682983398438e+00,-4.935915470123291016e+00,-1.345256042480468750e+01,-9.580767631530761719e+00
-1.684424591064453125e+01,-7.025558948516845703e+00,-5.594664573669433594e+00,-1.532473659515380859e+01,-1.199296951293945312e+01
-1.669483375549316406e+01,-8.306555747985839844e+00,-5.006106376647949219e+00,-1.707822227478027344e+01,-1.376918125152587891e+01
-1.702356719970703125e+01,-9.323034286499023438e+00,-4.948761940002441406e+00,-1.493262577056884766e+01,-1.279525089263916016e+01
-1.683284187316894531e+01,-9.365276336669921875e+00,-4.914044380187988281e+00,-1.225174522399902344e+01,-1.273952579498291016e+01
-1.653858757019042969e+01,-9.211473464965820312e+00,-5.348617076873779297e+00,-1.480806922912597656e+01,-1.046160888671875000e+01
-1.621483612060546875e+01,-8.285831451416015625e+00,-5.478214740753173828e+00,-1.487956523895263672e+01,-9.723040580749511719e+00
-1.666669654846191406e+01,-8.766016006469726562e+00,-5.469494342803955078e+00,-1.488182067871093750e+01,-1.124920082092285156e+01
-1.731537055969238281e+01,-9.504781723022460938e+00,-5.459358215332031250e+00,-1.422487831115722656e+01,-1.209510612487792969e+01
-1.627029991149902344e+01,-9.329658508300781250e+00,-5.278719425201416016e+00,-1.397979354858398438e+01,-1.053473377227783203e+01
-1.552782440185546875e+01,-9.266529083251953125e+00,-5.198127746582031250e+00,-1.427044677734375000e+01,-9.516757965087890625e+00
-1.714570045471191406e+01,-9.421569824218750000e+00,-5.187275886535644531e+00,-1.382842254638671875e+01,-1.429551124572753906e+01
-1.769166755676269531e+01,-8.445295333862304688e+00,-5.039007186889648438e+00,-1.376433467864990234e+01,-1.482405948638916016e+01
-1.919166564941406250e+01,-7.104802131652832031e+00,-5.264963150024414062e+00,-1.444222640991210938e+01,-1.430683898925781250e+01
-1.787467193603515625e+01,-9.438289642333984375e+00,-5.340535163879394531e+00,-1.309744644165039062e+01,-1.285811424255371094e+01
-1.708625602722167969e+01,-1.067659091949462891e+01,-5.037764549255371094e+00,-1.005852508544921875e+01,-1.275762462615966797e+01
-1.569929313659667969e+01,-1.238468074798583984e+01,-5.023436546325683594e+00,-8.114543914794921875e+00,-1.192610740661621094e+01
-1.586179637908935547e+01,-9.967206954956054688e+00,-5.087629318237304688e+00,-7.693941593170166016e+00,-1.097366046905517578e+01
-1.585243797302246094e+01,-1.088094139099121094e+01,-5.107333183288574219e+00,-6.936081409454345703e+00,-1.150937557220458984e+01
-1.606165885925292969e+01,-9.690704345703125000e+00,-4.881953239440917969e+00,-8.029433250427246094e+00,-1.114990997314453125e+01
-1.579145908355712891e+01,-9.020282745361328125e+00,-4.921027183532714844e+00,-8.370470046997070312e+00,-1.005866718292236328e+01
-9.828423500061035156e+00,-6.012887001037597656e+00,-6.573872089385986328e+00,-8.183260917663574219e+00,-3.301901578903198242e+00
-9.828029632568359375e+00,-6.011379241943359375e+00,-6.579053401947021484e+00,-8.187255859375000000e+00,-3.303734540939331055e+00
-1.579988193511962891e+01,-6.032001495361328125e+00,-6.098940849304199219e+00,-8.202746391296386719e+00,-1.073967742919921875e+01
-1.560888576507568359e+01,-5.786494731903076172e+00,-6.154385566711425781e+00,-9.562719345092773438e+00,-7.457256317138671875e+00
-1.622936058044433594e+01,-5.461913108825683594e+00,-7.363891601562500000e+00,-1.084440612792968750e+01,-9.018653869628906250e+00
-1.663357734680175781e+01,-5.597556114196777344e+00,-7.548993587493896484e+00,-1.101185607910156250e+01,-9.625711441040039062e+00
-1.707934570312500000e+01,-5.477325439453125000e+00,-8.059305191040039062e+00,-1.197286987304687500e+01,-1.032212352752685547e+01
-1.749618339538574219e+01,-5.645357608795166016e+00,-7.624112129211425781e+00,-1.259585285186767578e+01,-1.053041553497314453e+01
-1.760059165954589844e+01,-5.602468490600585938e+00,-8.347237586975097656e+00,-1.183873462677001953e+01,-1.037230682373046875e+01
-1.802701187133789062e+01,-5.756760597229003906e+00,-8.311603546142578125e+00,-1.159357070922851562e+01,-1.144745922088623047e+01
-1.867486000061035156e+01,-5.791912078857421875e+00,-8.377366065979003906e+00,-1.113425064086914062e+01,-1.267663955688476562e+01
-1.829747962951660156e+01,-6.214587211608886719e+00,-8.051846504211425781e+00,-9.603166580200195312e+00,-1.202667617797851562e+01
-1.839587974548339844e+01,-7.716493606567382812e+00,-6.292705059051513672e+00,-1.000904273986816406e+01,-1.182109737396240234e+01
-1.747385787963867188e+01,-8.470058441162109375e+00,-6.210779190063476562e+00,-7.863040924072265625e+00,-1.040680789947509766e+01
-1.497546863555908203e+01,-9.303581237792968750e+00,-6.428143978118896484e+00,-6.899682044982910156e+00,-6.898382186889648438e+00
-1.438342189788818359e+01,-8.796324729919433594e+00,-7.537081718444824219e+00,-5.745812892913818359e+00,-6.785048484802246094e+00
-1.492769813537597656e+01,-8.232669830322265625e+00,-7.945139408111572266e+00,-5.625792503356933594e+00,-7.087950706481933594e+00
-1.636519241333007812e+01,-6.635157108306884766e+00,-7.583216667175292969e+00,-6.950815200805664062e+00,-8.979399681091308594e+00
-1.670332717895507812e+01,-7.236373424530029297e+00,-6.622436523437500000e+00,-7.298882484436035156e+00,-9.862056732177734375e+00
-1.576913166046142578e+01,-8.143360137939453125e+00,-6.027741432189941406e+00,-6.898015975952148438e+00,-9.556950569152832031e+00
-1.532771205902099609e+01,-8.172733306884765625e+00,-5.565430641174316406e+00,-6.606883049011230469e+00,-9.923746109008789062e+00
-1.496520709991455078e+01,-9.136386871337890625e+00,-6.169541358947753906e+00,-6.405129909515380859e+00,-9.254725456237792969e+00
-1.474366760253906250e+01,-7.934863090515136719e+00,-6.376080036163330078e+00,-7.949658393859863281e+00,-8.496417999267578125e+00
-1.419888782501220703e+01,-8.622541427612304688e+00,-6.177245140075683594e+00,-7.485392570495605469e+00,-8.208549499511718750e+00
-1.422885608673095703e+01,-8.486089706420898438e+00,-6.343288421630859375e+00,-7.175056457519531250e+00,-8.890490531921386719e+00
-1.403219699859619141e+01,-7.865950584411621094e+00,-6.823762416839599609e+00,-7.081877231597900391e+00,-8.795157432556152344e+00
-1.246193981170654297e+01,-1.031639671325683594e+01,-6.183644294738769531e+00,-5.829900741577148438e+00,-6.340350151062011719e+00
-9.830811500549316406e+00,-6.004886627197265625e+00,-6.556648254394531250e+00,-8.214960098266601562e+00,-3.324732542037963867e+00
-1.381218624114990234e+01,-7.975847244262695312e+00,-7.658009529113769531e+00,-5.827005863189697266e+00,-7.634441375732421875e+00
-1.291025543212890625e+01,-9.522693634033203125e+00,-5.937674999237060547e+00,-5.753889083862304688e+00,-6.202488899230957031e+00
-1.566962146759033203e+01,-8.129032135009765625e+00,-7.355760574340820312e+00,-5.453853130340576172e+00,-1.292328643798828125e+01
-1.863021278381347656e+01,-7.392562866210937500e+00,-8.096620559692382812e+00,-5.553264141082763672e+00,-1.498310565948486328e+01
-1.861316490173339844e+01,-6.524981498718261719e+00,-7.558529853820800781e+00,-6.446279525756835938e+00,-1.523495292663574219e+01
-1.863125228881835938e+01,-7.418348312377929688e+00,-7.873550415039062500e+00,-5.697002410888671875e+00,-1.528653430938720703e+01
-1.790060043334960938e+01,-8.703063011169433594e+00,-7.521839618682861328e+00,-5.416837215423583984e+00,-1.465005874633789062e+01
-1.795534706115722656e+01,-9.422848701477050781e+00,-7.705459117889404297e+00,-5.231101036071777344e+00,-1.449894905090332031e+01
-1.793436241149902344e+01,-1.080652999877929688e+01,-6.956852436065673828e+00,-5.131799697875976562e+00,-1.492455291748046875e+01
-1.838662528991699219e+01,-1.021808052062988281e+01,-7.261619567871093750e+00,-5.261974334716796875e+00,-1.611555099487304688e+01
-1.829760932922363281e+01,-7.631175041198730469e+00,-7.328195095062255859e+00,-5.816646099090576172e+00,-1.589341354370117188e+01
-1.711634254455566406e+01,-1.200758552551269531e+01,-7.557342529296875000e+00,-5.081977844238281250e+00,-1.481226348876953125e+01
-1.641318321228027344e+01,-1.132486248016357422e+01,-7.996465682983398438e+00,-4.909281253814697266e+00,-1.442154312133789062e+01
-1.551230812072753906e+01,-9.961505889892578125e+00,-8.475502014160156250e+00,-4.858703613281250000e+00,-1.305095005035400391e+01
-1.472766304016113281e+01,-1.043681907653808594e+01,-8.056219100952148438e+00,-4.929436683654785156e+00,-1.154950428009033203e+01
-1.479159641265869141e+01,-1.129216289520263672e+01,-7.751351356506347656e+00,-4.869367122650146484e+00,-1.182628917694091797e+01
-1.432115173339843750e+01,-1.315167808532714844e+01,-8.832792282104492188e+00,-4.743577003479003906e+00,-1.283216285705566406e+01
-1.311055755615234375e+01,-1.373990154266357422e+01,-9.925903320312500000e+00,-4.773111820220947266e+00,-1.206737136840820312e+01
-1.264785385131835938e+01,-1.409698390960693359e+01,-9.709718704223632812e+00,-4.693913459777832031e+00,-1.156376934051513672e+01
-9.940888404846191406e+00,-6.123410224914550781e+00,-6.714690208435058594e+00,-7.644963741302490234e+00,-3.054647684097290039e+00
-1.263780784606933594e+01,-1.409023857116699219e+01,-1.389691543579101562e+01,-4.960207939147949219e+00,-1.373254299163818359e+01
-1.406495761871337891e+01,-1.379223728179931641e+01,-1.481157112121582031e+01,-4.900693893432617188e+00,-1.511556529998779297e+01
-1.062272071838378906e+01,-7.201290130615234375e+00,-7.354408740997314453e+00,-5.050898551940917969e+00,-2.771837472915649414e+00
-1.515701961517333984e+01,-1.265559864044189453e+01,-1.535249614715576172e+01,-4.888223648071289062e+00,-1.523854637145996094e+01
-1.601546859741210938e+01,-1.284243488311767578e+01,-1.271900558471679688e+01,-4.820843696594238281e+00,-1.509950828552246094e+01
-1.709626960754394531e+01,-1.234949684143066406e+01,-1.624644088745117188e+01,-4.823108196258544922e+00,-1.697351264953613281e+01
-1.763885688781738281e+01,-1.241285896301269531e+01,-1.664743423461914062e+01,-4.807772159576416016e+00,-1.718269348144531250e+01
-1.770839309692382812e+01,-1.226119136810302734e+01,-1.736692428588867188e+01,-4.838880062103271484e+00,-1.755263137817382812e+01
-1.729297256469726562e+01,-1.217883300781250000e+01,-1.794396972656250000e+01,-4.831832408905029297e+00,-1.764209747314453125e+01
-1.731543350219726562e+01,-1.252372455596923828e+01,-1.689937782287597656e+01,-4.832094669342041016e+00,-1.731506538391113281e+01
-1.694571304321289062e+01,-1.186037158966064453e+01,-1.720201492309570312e+01,-4.901827812194824219e+00,-1.732358360290527344e+01
-1.675594139099121094e+01,-1.093039512634277344e+01,-1.869399642944335938e+01,-4.883789062500000000e+00,-1.751078796386718750e+01
-1.662309455871582031e+01,-1.170292091369628906e+01,-1.926015472412109375e+01,-4.910765647888183594e+00,-1.776057624816894531e+01
-1.630052757263183594e+01,-1.107178783416748047e+01,-1.875390243530273438e+01,-4.940727233886718750e+00,-1.701138305664062500e+01
-1.752892112731933594e+01,-1.079047393798828125e+01,-1.772821998596191406e+01,-4.944142818450927734e+00,-1.704324913024902344e+01
-1.813018989562988281e+01,-1.134051895141601562e+01,-1.742927551269531250e+01,-4.863639354705810547e+00,-1.740584373474121094e+01
-1.835412025451660156e+01,-1.112295341491699219e+01,-1.772839164733886719e+01,-4.890952110290527344e+00,-1.759169197082519531e+01
-1.833914375305175781e+01,-1.153876781463623047e+01,-1.789530563354492188e+01,-4.858453273773193359e+00,-1.756567001342773438e+01
-1.818657302856445312e+01,-1.141901111602783203e+01,-1.762932586669921875e+01,-4.905845165252685547e+00,-1.728391838073730469e+01
-1.847420310974121094e+01,-1.148539352416992188e+01,-1.750719642639160156e+01,-4.873253822326660156e+00,-1.733000183105468750e+01
-1.805569267272949219e+01,-1.128851318359375000e+01,-1.770824050903320312e+01,-4.945847511291503906e+00,-1.715807151794433594e+01
-1.874702835083007812e+01,-1.126893329620361328e+01,-1.794636344909667969e+01,-4.936397552490234375e+00,-1.757652091979980469e+01
-1.912857246398925781e+01,-1.179640388488769531e+01,-1.735011291503906250e+01,-4.871263027191162109e+00,-1.767899322509765625e+01
-1.950846099853515625e+01,-1.144481277465820312e+01,-1.675253677368164062e+01,-4.898463726043701172e+00,-1.780691146850585938e+01
-1.927149581909179688e+01,-1.132228660583496094e+01,-1.745458412170410156e+01,-4.990318298339843750e+00,-1.763427925109863281e+01
-1.966911506652832031e+01,-1.096681404113769531e+01,-1.758112144470214844e+01,-4.990662097930908203e+00,-1.786147499084472656e+01
-1.971569824218750000e+01,-1.080484008789062500e+01,-1.761162948608398438e+01,-4.994404792785644531e+00,-1.785807228088378906e+01
-1.970723915100097656e+01,-1.120248985290527344e+01,-1.598109722137451172e+01,-4.998542785644531250e+00,-1.771094322204589844e+01
-1.997002983093261719e+01,-1.140475273132324219e+01,-1.581554222106933594e+01,-5.043564319610595703e+00,-1.778180313110351562e+01
-1.810527992248535156e+01,-1.110204505920410156e+01,-1.674954223632812500e+01,-4.966227531433105469e+00,-1.679918479919433594e+01
-1.708169364929199219e+01,-1.101017475128173828e+01,-1.661809539794921875e+01,-5.017282009124755859e+00,-1.580296707153320312e+01
-1.749339675903320312e+01,-1.106213283538818359e+01,-1.523664283752441406e+01,-5.014921188354492188e+00,-1.549413108825683594e+01
-1.735399627685546875e+01,-1.215294647216796875e+01,-1.328004932403564453e+01,-4.981574535369873047e+00,-1.479971218109130859e+01
-1.826522636413574219e+01,-1.191822338104248047e+01,-1.256709671020507812e+01,-5.038438320159912109e+00,-1.474375057220458984e+01
-1.924015235900878906e+01,-1.058135890960693359e+01,-1.036402797698974609e+01,-5.019340991973876953e+00,-1.545450973510742188e+01
-2.028786277770996094e+01,-1.055503273010253906e+01,-1.091916751861572266e+01,-5.021896362304687500e+00,-1.602050209045410156e+01
-1.956731986999511719e+01,-1.135945320129394531e+01,-1.174921131134033203e+01,-5.076120376586914062e+00,-1.564905738830566406e+01
-2.001608085632324219e+01,-1.127601623535156250e+01,-1.183314228057861328e+01,-5.118017673492431641e+00,-1.593704319000244141e+01
-1.945088005065917969e+01,-1.034700584411621094e+01,-1.183180713653564453e+01,-5.292765140533447266e+00,-1.547095108032226562e+01
-1.923299407958984375e+01,-1.054498004913330078e+01,-1.050051879882812500e+01,-5.224032402038574219e+00,-1.548334884643554688e+01
-1.836046028137207031e+01,-1.150670146942138672e+01,-1.049890899658203125e+01,-5.061127185821533203e+00,-1.584738159179687500e+01
-1.694115829467773438e+01,-1.163915729522705078e+01,-1.279788208007812500e+01,-4.970238685607910156e+00,-1.540422821044921875e+01
-1.603217697143554688e+01,-1.171202373504638672e+01,-1.355339050292968750e+01,-5.008821487426757812e+00,-1.430526828765869141e+01
-1.454450130462646484e+01,-1.287700748443603516e+01,-1.238186645507812500e+01,-5.040466785430908203e+00,-1.353801631927490234e+01
-1.686764717102050781e+01,-1.187296104431152344e+01,-1.367869567871093750e+01,-4.986315727233886719e+00,-1.440793895721435547e+01
-1.910774040222167969e+01,-1.219546604156494141e+01,-1.500850296020507812e+01,-4.907900810241699219e+00,-1.641163635253906250e+01
-1.817029762268066406e+01,-1.202760791778564453e+01,-1.705477905273437500e+01,-4.958992004394531250e+00,-1.653219223022460938e+01
-1.783674812316894531e+01,-1.171723365783691406e+01,-1.826327705383300781e+01,-4.967729091644287109e+00,-1.678445053100585938e+01
-1.690605926513671875e+01,-1.250692272186279297e+01,-1.455559158325195312e+01,-4.907259464263916016e+00,-1.602734756469726562e+01
-1.687468910217285156e+01,-1.275145435333251953e+01,-1.407927322387695312e+01,-4.955198287963867188e+00,-1.572971630096435547e+01
-1.807488632202148438e+01,-1.295635986328125000e+01,-1.652822113037109375e+01,-4.990983963012695312e+00,-1.581290817260742188e+01
-1.787466430664062500e+01,-1.223555469512939453e+01,-1.855884170532226562e+01,-5.101833343505859375e+00,-1.631821823120117188e+01
-1.765306663513183594e+01,-1.160773086547851562e+01,-1.926520919799804688e+01,-5.114182472229003906e+00,-1.670647811889648438e+01
-1.674392127990722656e+01,-1.167060279846191406e+01,-2.009873199462890625e+01,-5.008663177490234375e+00,-1.656881904602050781e+01
-1.700640106201171875e+01,-1.157313346862792969e+01,-2.015511322021484375e+01,-5.026078224182128906e+00,-1.677326202392578125e+01
-1.641189765930175781e+01,-1.200144958496093750e+01,-2.004468727111816406e+01,-5.077301025390625000e+00,-1.558168888092041016e+01
-1.612399673461914062e+01,-1.227047061920166016e+01,-1.986499023437500000e+01,-5.061638832092285156e+00,-1.394564914703369141e+01
-1.633067893981933594e+01,-1.217746067047119141e+01,-2.055841064453125000e+01,-5.084427833557128906e+00,-1.524164962768554688e+01
-1.620840263366699219e+01,-1.180169582366943359e+01,-1.918605804443359375e+01,-5.113691806793212891e+00,-1.470378398895263672e+01
-1.628791809082031250e+01,-1.131655120849609375e+01,-1.710256576538085938e+01,-5.053321838378906250e+00,-1.416224002838134766e+01
-1.599084472656250000e+01,-1.176181983947753906e+01,-1.939283752441406250e+01,-5.055946826934814453e+00,-1.479353046417236328e+01
-1.588159751892089844e+01,-1.203159904479980469e+01,-1.938984298706054688e+01,-5.118256092071533203e+00,-1.432762718200683594e+01
-1.718534660339355469e+01,-1.206394672393798828e+01,-1.720659255981445312e+01,-5.199158668518066406e+00,-1.492044734954833984e+01
-1.737562179565429688e+01,-1.296170520782470703e+01,-1.621581649780273438e+01,-5.070960044860839844e+00,-1.520051383972167969e+01
-1.568447971343994141e+01,-1.286918449401855469e+01,-1.796931266784667969e+01,-4.913139820098876953e+00,-1.431337928771972656e+01
-1.583341789245605469e+01,-1.287457275390625000e+01,-1.735102081298828125e+01,-4.883299350738525391e+00,-1.457807159423828125e+01
-1.744554710388183594e+01,-1.309764099121093750e+01,-1.769299316406250000e+01,-5.007981300354003906e+00,-1.568008041381835938e+01
-1.592312335968017578e+01,-1.087509632110595703e+01,-9.982051849365234375e+00,-5.203125476837158203e+00,-1.273708057403564453e+01
-1.605364418029785156e+01,-1.059583663940429688e+01,-7.243574142456054688e+00,-5.446416854858398438e+00,-1.111190700531005859e+01
-1.661269378662109375e+01,-1.108192157745361328e+01,-7.269717216491699219e+00,-5.208978652954101562e+00,-1.239334774017333984e+01
-1.660278129577636719e+01,-1.155726814270019531e+01,-7.836138248443603516e+00,-5.050258159637451172e+00,-1.251784515380859375e+01
-1.764689445495605469e+01,-9.691170692443847656e+00,-9.113843917846679688e+00,-5.244386196136474609e+00,-1.280982494354248047e+01
-1.588641738891601562e+01,-1.221603202819824219e+01,-7.421620368957519531e+00,-5.142185688018798828e+00,-1.107132720947265625e+01
-1.652333641052246094e+01,-1.198399925231933594e+01,-6.923228740692138672e+00,-5.008022308349609375e+00,-1.228791713714599609e+01
-1.669965553283691406e+01,-9.909907341003417969e+00,-1.038451290130615234e+01,-5.040774822235107422e+00,-1.279905509948730469e+01
-1.600258827209472656e+01,-9.188728332519531250e+00,-1.183329486846923828e+01,-4.866756916046142578e+00,-1.112659740447998047e+01
-1.564950656890869141e+01,-1.094312477111816406e+01,-1.255783653259277344e+01,-4.849393844604492188e+00,-1.113532638549804688e+01
-1.662011909484863281e+01,-9.481809616088867188e+00,-1.144825553894042969e+01,-4.988809585571289062e+00,-9.752673149108886719e+00
-1.665905570983886719e+01,-8.688612937927246094e+00,-1.377261829376220703e+01,-4.927443981170654297e+00,-1.115612125396728516e+01
-1.579127883911132812e+01,-8.723571777343750000e+00,-1.382491683959960938e+01,-4.994644641876220703e+00,-9.531212806701660156e+00
-1.451506900787353516e+01,-8.693709373474121094e+00,-1.321550750732421875e+01,-4.714642047882080078e+00,-7.970389366149902344e+00
-1.530354404449462891e+01,-7.785014152526855469e+00,-1.229573440551757812e+01,-5.222762107849121094e+00,-9.019207954406738281e+00
-1.388846302032470703e+01,-1.065573596954345703e+01,-9.660457611083984375e+00,-5.077153682708740234e+00,-6.813668251037597656e+00
-1.479538536071777344e+01,-1.010658073425292969e+01,-8.154211044311523438e+00,-5.566385269165039062e+00,-7.093576431274414062e+00
-1.542176437377929688e+01,-8.178873062133789062e+00,-6.504090309143066406e+00,-7.466595649719238281e+00,-6.289247512817382812e+00
-1.510436916351318359e+01,-1.082421970367431641e+01,-6.499464988708496094e+00,-6.839022159576416016e+00,-7.425523757934570312e+00
-1.631389427185058594e+01,-1.106948661804199219e+01,-6.462865829467773438e+00,-5.972620010375976562e+00,-9.408143043518066406e+00
-1.602146339416503906e+01,-9.611697196960449219e+00,-7.591647624969482422e+00,-6.621480941772460938e+00,-6.906017303466796875e+00
-1.896099853515625000e+01,-6.299522399902343750e+00,-8.162820816040039062e+00,-8.188226699829101562e+00,-1.046520137786865234e+01
-1.509125232696533203e+01,-6.946329116821289062e+00,-6.819688796997070312e+00,-6.160914421081542969e+00,-7.953371047973632812e+00
-1.805453300476074219e+01,-7.553383827209472656e+00,-8.491662979125976562e+00,-6.608439445495605469e+00,-9.590883255004882812e+00
-1.721878051757812500e+01,-9.195845603942871094e+00,-8.024736404418945312e+00,-5.787002563476562500e+00,-9.180262565612792969e+00
-1.665179824829101562e+01,-1.185127162933349609e+01,-8.830488204956054688e+00,-4.805019855499267578e+00,-1.154239559173583984e+01
-1.694465827941894531e+01,-1.266738319396972656e+01,-7.561967849731445312e+00,-4.873608589172363281e+00,-1.165880298614501953e+01
-1.549632740020751953e+01,-1.349611568450927734e+01,-8.120073318481445312e+00,-4.800951480865478516e+00,-1.084013652801513672e+01
-1.502296924591064453e+01,-1.291477108001708984e+01,-8.139785766601562500e+00,-4.796947002410888672e+00,-1.044111824035644531e+01
-1.738382911682128906e+01,-1.159027004241943359e+01,-1.018525314331054688e+01,-4.627929687500000000e+00,-1.396417236328125000e+01
-1.881391906738281250e+01,-1.044440174102783203e+01,-1.135045814514160156e+01,-4.805539131164550781e+00,-1.540651893615722656e+01
-1.924823570251464844e+01,-1.227344131469726562e+01,-1.424147510528564453e+01,-4.899667739868164062e+00,-1.619825172424316406e+01
-1.934135437011718750e+01,-1.212105178833007812e+01,-1.637116050720214844e+01,-5.012747287750244141e+00,-1.604828834533691406e+01
-1.877846527099609375e+01,-1.236351490020751953e+01,-1.798209762573242188e+01,-5.015863895416259766e+00,-1.639247512817382812e+01
-1.684997558593750000e+01,-1.077156257629394531e+01,-1.473191642761230469e+01,-5.019632339477539062e+00,-1.366204071044921875e+01
-1.788165283203125000e+01,-1.188608646392822266e+01,-1.652042961120605469e+01,-5.128457069396972656e+00,-1.427321910858154297e+01
-1.821236038208007812e+01,-1.112519836425781250e+01,-1.743564605712890625e+01,-5.181013584136962891e+00,-1.453165054321289062e+01
-1.741156196594238281e+01,-1.072020530700683594e+01,-1.816019248962402344e+01,-5.141661643981933594e+00,-1.384491825103759766e+01
-1.751781272888183594e+01,-1.103472518920898438e+01,-1.789049148559570312e+01,-5.144350051879882812e+00,-1.400597000122070312e+01
-1.777610588073730469e+01,-1.128460025787353516e+01,-1.844001007080078125e+01,-5.161143302917480469e+00,-1.457451057434082031e+01
-1.838064765930175781e+01,-1.184736347198486328e+01,-1.788853454589843750e+01,-5.153363227844238281e+00,-1.441085433959960938e+01
-1.825529861450195312e+01,-1.232585334777832031e+01,-1.850755500793457031e+01,-5.150230407714843750e+00,-1.457934951782226562e+01
-1.753319168090820312e+01,-1.294172573089599609e+01,-1.776345062255859375e+01,-5.094666004180908203e+00,-1.362398147583007812e+01
-1.726691055297851562e+01,-1.311093807220458984e+01,-1.770823669433593750e+01,-5.057711124420166016e+00,-1.391238594055175781e+01
-1.755244255065917969e+01,-1.317833995819091797e+01,-1.654669761657714844e+01,-5.056329727172851562e+00,-1.386172962188720703e+01
-1.802066040039062500e+01,-1.332351493835449219e+01,-1.697076416015625000e+01,-5.063957691192626953e+00,-1.418836116790771484e+01
-1.638370704650878906e+01,-1.218379211425781250e+01,-1.635285377502441406e+01,-4.936756134033203125e+00,-1.205550956726074219e+01
-1.549790668487548828e+01,-1.193651103973388672e+01,-1.545752620697021484e+01,-4.890951633453369141e+00,-1.098367786407470703e+01
-1.555404949188232422e+01,-1.173510074615478516e+01,-1.510166358947753906e+01,-4.873381614685058594e+00,-1.116703891754150391e+01
-1.556767082214355469e+01,-1.227821350097656250e+01,-1.404588985443115234e+01,-4.846610546112060547e+00,-1.024315643310546875e+01
-1.492045307159423828e+01,-1.256505680084228516e+01,-1.275030994415283203e+01,-4.869793415069580078e+00,-8.689796447753906250e+00
-1.375034332275390625e+01,-1.355525684356689453e+01,-1.264126300811767578e+01,-4.850985527038574219e+00,-7.586511611938476562e+00
-1.263101863861083984e+01,-1.307102775573730469e+01,-1.210634613037109375e+01,-4.871576309204101562e+00,-6.782532691955566406e+00
-1.303045654296875000e+01,-1.269938182830810547e+01,-1.117297744750976562e+01,-4.850391864776611328e+00,-7.194121360778808594e+00
-1.364124488830566406e+01,-1.285803318023681641e+01,-1.037671279907226562e+01,-4.739396095275878906e+00,-8.663277626037597656e+00
-1.389291858673095703e+01,-1.278563404083251953e+01,-9.172612190246582031e+00,-4.796274185180664062e+00,-8.678730964660644531e+00
-1.306033039093017578e+01,-1.275109767913818359e+01,-9.723566055297851562e+00,-4.760076999664306641e+00,-7.214553833007812500e+00
-1.327553844451904297e+01,-1.238067436218261719e+01,-9.154792785644531250e+00,-4.842593193054199219e+00,-6.501816272735595703e+00
-1.178912448883056641e+01,-1.102819919586181641e+01,-1.018300247192382812e+01,-5.352908611297607422e+00,-4.105257987976074219e+00
-1.089924907684326172e+01,-1.108413887023925781e+01,-1.018371295928955078e+01,-5.380420684814453125e+00,-3.717330217361450195e+00
-1.140793895721435547e+01,-1.297339344024658203e+01,-9.209043502807617188e+00,-4.931058883666992188e+00,-4.516505241394042969e+00
-1.160407352447509766e+01,-1.328991985321044922e+01,-9.336240768432617188e+00,-5.212763309478759766e+00,-3.807796716690063477e+00
-1.005010890960693359e+01,-1.192987537384033203e+01,-1.060364913940429688e+01,-4.972928047180175781e+00,-3.279434442520141602e+00
-9.195339202880859375e+00,-1.350571727752685547e+01,-1.047000312805175781e+01,-4.741048336029052734e+00,-2.881427526473999023e+00
-9.545372962951660156e+00,-1.142754840850830078e+01,-1.149316501617431641e+01,-4.716058731079101562e+00,-2.692382574081420898e+00
-9.115190505981445312e+00,-1.019635581970214844e+01,-1.102076053619384766e+01,-6.365008354187011719e+00,-2.659377813339233398e+00
-1.231150585226714611e-03,-1.172016429901123047e+01,-1.040694618225097656e+01,-6.622793197631835938e+00,-3.309100389480590820e+00
